2	10	1	-672.5	10.72	951.57	-658.57	23.79	967.19	-664.72	12.44	960.69	0	0	1	0	0	1	05_N_STONE_T_001	12.3375	0	4294967295	4294967295	3	65535	65535	255	4294967295	4294967295	1	255	255	255	255	255	255	255	255	255	255	255	255	255	255	255	255	255	255	255	255	255	255	255	255	255	255	255	255	255	255	255	255	255	255	255	255	255	255	255	255	255	255	255	255	255	255	255	255	255	255	255	255	255	255	255	255	255	255	255	255	255	255	255	255	255	255	255	255	255	255	255	255	255	255	255	255	255	255	255	255	255	255	255	255	255	255	255	255	255	255	255	255	255	255	255	255	255	255	255											
21	37	1	534.55	-31.58	575.76	537.27	-26.31	578.47	535.91	-31.58	577.12	0	0	1	0	0	1	05_T_CAVE_THING_001	3.26019	1	4294967295	4294967295	3	65535	65535	255	4294967295	4294967295	3	255	255	255	255	255	255	255	255	255	1	2	255	255	255	255	255	255	255	255	255	255	255	255	255	255	255	255	255	255	255	255	255	255	255	255	255	255	255	255	255	255	255	255	255	255	255	255	255	255	255	255	255	255	255	255	255	255	255	255	255	255	255	255	255	255	255	255	255	255	255	255	255	255	255	255	255	255	255	255	255	255	255	255	255	255	255	255	255	255	255	255	255	255	255	255	255	255	255	255											
23	100020	4194304	-860.47	68.1	1121.19	-840.33	90.5	1131.01	-850.4	68.1	1126.1	0	0	1	255	255	255	PORTAL_COLLISION	15.8415	2	4294967295	4294967295	3	65535	65535	255	4294967295	4294967295	255	255	255	255	255	255	255	255	255	255	255	255	255	255	255	255	255	255	255	255	255	255	255	255	255	255	255	255	255	255	255	255	255	255	255	255	255	255	255	255	255	255	255	255	255	255	255	255	255	255	255	255	255	255	255	255	255	255	255	255	255	255	255	255	255	255	255	255	255	255	255	255	255	255	255	255	255	255	255	255	255	255	255	255	255	255	255	255	255	255	255	255	255	255	255	255	255	255	255	255											
24	518	1	-358.01	-51.75	-749.33	-342.2	-44.6	-733.52	-350.1	-51.7	-741.42	0.588765	0	-0.808304	0	0	1	06_T_CAGE_001	11.7371	3	4294967295	4294967295	3	65535	65535	255	4294967295	4294967295	1	255	255	255	255	255	255	255	255	255	255	255	255	255	255	255	255	255	255	255	255	255	255	255	255	255	255	255	255	255	255	255	255	255	255	255	255	255	255	255	255	255	255	255	255	255	255	255	255	255	255	255	255	255	255	255	255	255	255	255	255	255	255	255	255	255	255	255	255	255	255	255	255	255	255	255	255	255	255	255	255	255	255	255	255	255	255	255	255	255	255	255	255	255	255	255	255	255	255	255											
25	508	1	-138.68	-44	-975.65	-132.85	-37.05	-968.44	-135.87	-42.59	-972.67	-0.159546	0	0.987191	0	0	1	06_T_MASIN_POO_001	5.79387	4	4294967295	4294967295	3	65535	65535	255	4294967295	4294967295	1	255	255	255	255	255	255	255	255	255	255	255	255	255	255	255	255	255	255	255	255	255	255	255	255	255	255	255	255	255	255	255	255	255	255	255	255	255	255	255	255	255	255	255	255	255	255	255	255	255	255	255	255	255	255	255	255	255	255	255	255	255	255	255	255	255	255	255	255	255	255	255	255	255	255	255	255	255	255	255	255	255	255	255	255	255	255	255	255	255	255	255	255	255	255	255	255	255	255	255											
26	508	1	-137.22	-42.54	-978.41	-132.65	-39.19	-973.81	-135	-42.3	-976	-0.6	0	0.8	0	0	1	06_T_MASIN_POO_001	3.64922	5	4294967295	4294967295	3	65535	65535	255	4294967295	4294967295	1	255	255	255	255	255	255	255	255	255	255	255	255	255	255	255	255	255	255	255	255	255	255	255	255	255	255	255	255	255	255	255	255	255	255	255	255	255	255	255	255	255	255	255	255	255	255	255	255	255	255	255	255	255	255	255	255	255	255	255	255	255	255	255	255	255	255	255	255	255	255	255	255	255	255	255	255	255	255	255	255	255	255	255	255	255	255	255	255	255	255	255	255	255	255	255	255	255	255	255											
27	508	1	-107.92	-40.41	-1003.97	-101.28	-35.39	-997.24	-104.68	-40.05	-1000.43	-0.483077	0	0.875578	0	0	1	06_T_MASIN_POO_001	5.35216	6	4294967295	4294967295	3	65535	65535	255	4294967295	4294967295	1	255	255	255	255	255	255	255	255	255	255	255	255	255	255	255	255	255	255	255	255	255	255	255	255	255	255	255	255	255	255	255	255	255	255	255	255	255	255	255	255	255	255	255	255	255	255	255	255	255	255	255	255	255	255	255	255	255	255	255	255	255	255	255	255	255	255	255	255	255	255	255	255	255	255	255	255	255	255	255	255	255	255	255	255	255	255	255	255	255	255	255	255	255	255	255	255	255	255	255											
28	508	1	-82.59	-41.43	-1032.15	-77.95	-38.08	-1027.51	-80.17	-41.19	-1029.75	0.707107	0	0.707107	0	0	1	06_T_MASIN_POO_001	3.68381	7	4294967295	4294967295	3	65535	65535	255	4294967295	4294967295	1	255	255	255	255	255	255	255	255	255	255	255	255	255	255	255	255	255	255	255	255	255	255	255	255	255	255	255	255	255	255	255	255	255	255	255	255	255	255	255	255	255	255	255	255	255	255	255	255	255	255	255	255	255	255	255	255	255	255	255	255	255	255	255	255	255	255	255	255	255	255	255	255	255	255	255	255	255	255	255	255	255	255	255	255	255	255	255	255	255	255	255	255	255	255	255	255	255	255	255											
29	508	1	-47.2	-43.02	-1035.09	-40.26	-37.27	-1027.8	-43.75	-42.27	-1031.82	-0.529101	0	-0.848559	0	0	1	06_T_MASIN_POO_001	5.79588	8	4294967295	4294967295	3	65535	65535	255	4294967295	4294967295	1	255	255	255	255	255	255	255	255	255	255	255	255	255	255	255	255	255	255	255	255	255	255	255	255	255	255	255	255	255	255	255	255	255	255	255	255	255	255	255	255	255	255	255	255	255	255	255	255	255	255	255	255	255	255	255	255	255	255	255	255	255	255	255	255	255	255	255	255	255	255	255	255	255	255	255	255	255	255	255	255	255	255	255	255	255	255	255	255	255	255	255	255	255	255	255	255	255	255	255											
30	508	1	-49.2	-41.23	-1036.97	-44.57	-37.88	-1032.33	-46.79	-40.99	-1034.57	0.707107	0	0.707107	0	0	1	06_T_MASIN_POO_001	3.68066	9	4294967295	4294967295	3	65535	65535	255	4294967295	4294967295	1	255	255	255	255	255	255	255	255	255	255	255	255	255	255	255	255	255	255	255	255	255	255	255	255	255	255	255	255	255	255	255	255	255	255	255	255	255	255	255	255	255	255	255	255	255	255	255	255	255	255	255	255	255	255	255	255	255	255	255	255	255	255	255	255	255	255	255	255	255	255	255	255	255	255	255	255	255	255	255	255	255	255	255	255	255	255	255	255	255	255	255	255	255	255	255	255	255	255	255											
31	508	1	-85.58	-40.67	-1050.41	-80.96	-37.32	-1045.8	-83.17	-40.43	-1048.03	0.769039	0	0.639202	0	0	1	06_T_MASIN_POO_001	3.66807	10	4294967295	4294967295	3	65535	65535	255	4294967295	4294967295	1	255	255	255	255	255	255	255	255	255	255	255	255	255	255	255	255	255	255	255	255	255	255	255	255	255	255	255	255	255	255	255	255	255	255	255	255	255	255	255	255	255	255	255	255	255	255	255	255	255	255	255	255	255	255	255	255	255	255	255	255	255	255	255	255	255	255	255	255	255	255	255	255	255	255	255	255	255	255	255	255	255	255	255	255	255	255	255	255	255	255	255	255	255	255	255	255	255	255	255											
32	508	1	-87.48	-42.66	-1048.92	-81.78	-37.15	-1044.29	-85.47	-41.07	-1046.7	0.691905	0	-0.721988	0	0	1	06_T_MASIN_POO_001	4.5904	11	4294967295	4294967295	3	65535	65535	255	4294967295	4294967295	1	255	255	255	255	255	255	255	255	255	255	255	255	255	255	255	255	255	255	255	255	255	255	255	255	255	255	255	255	255	255	255	255	255	255	255	255	255	255	255	255	255	255	255	255	255	255	255	255	255	255	255	255	255	255	255	255	255	255	255	255	255	255	255	255	255	255	255	255	255	255	255	255	255	255	255	255	255	255	255	255	255	255	255	255	255	255	255	255	255	255	255	255	255	255	255	255	255	255	255											
33	508	1	-91.42	-41.03	-1071.55	-88.22	-37.68	-1068.2	-89.81	-40.79	-1069.75	0	0	1	0	0	1	06_T_MASIN_POO_001	2.85857	12	4294967295	4294967295	3	65535	65535	255	4294967295	4294967295	1	255	255	255	255	255	255	255	255	255	255	255	255	255	255	255	255	255	255	255	255	255	255	255	255	255	255	255	255	255	255	255	255	255	255	255	255	255	255	255	255	255	255	255	255	255	255	255	255	255	255	255	255	255	255	255	255	255	255	255	255	255	255	255	255	255	255	255	255	255	255	255	255	255	255	255	255	255	255	255	255	255	255	255	255	255	255	255	255	255	255	255	255	255	255	255	255	255	255	255											
34	508	1	-127.18	-40.32	-1051.2	-122.38	-35.3	-1046.18	-124.76	-39.96	-1048.5	0	0	1	0	0	1	06_T_MASIN_POO_001	4.28485	13	4294967295	4294967295	3	65535	65535	255	4294967295	4294967295	1	255	255	255	255	255	255	255	255	255	255	255	255	255	255	255	255	255	255	255	255	255	255	255	255	255	255	255	255	255	255	255	255	255	255	255	255	255	255	255	255	255	255	255	255	255	255	255	255	255	255	255	255	255	255	255	255	255	255	255	255	255	255	255	255	255	255	255	255	255	255	255	255	255	255	255	255	255	255	255	255	255	255	255	255	255	255	255	255	255	255	255	255	255	255	255	255	255	255	255											
35	508	1	-126.24	-39.8	-1046.24	-122.73	-36.45	-1042.86	-124.61	-39.56	-1044.53	-0.998752	0	0.0499376	0	0	1	06_T_MASIN_POO_001	2.95664	14	4294967295	4294967295	3	65535	65535	255	4294967295	4294967295	1	255	255	255	255	255	255	255	255	255	255	255	255	255	255	255	255	255	255	255	255	255	255	255	255	255	255	255	255	255	255	255	255	255	255	255	255	255	255	255	255	255	255	255	255	255	255	255	255	255	255	255	255	255	255	255	255	255	255	255	255	255	255	255	255	255	255	255	255	255	255	255	255	255	255	255	255	255	255	255	255	255	255	255	255	255	255	255	255	255	255	255	255	255	255	255	255	255	255	255											
36	508	1	-143.01	-39.04	-1010.81	-138.77	-35.69	-1006.66	-141.01	-38.8	-1008.77	-0.940376	0	-0.340136	0	0	1	06_T_MASIN_POO_001	3.40671	15	4294967295	4294967295	3	65535	65535	255	4294967295	4294967295	1	255	255	255	255	255	255	255	255	255	255	255	255	255	255	255	255	255	255	255	255	255	255	255	255	255	255	255	255	255	255	255	255	255	255	255	255	255	255	255	255	255	255	255	255	255	255	255	255	255	255	255	255	255	255	255	255	255	255	255	255	255	255	255	255	255	255	255	255	255	255	255	255	255	255	255	255	255	255	255	255	255	255	255	255	255	255	255	255	255	255	255	255	255	255	255	255	255	255	255											
37	517	1	93.97	-32.88	-813.16	96.38	-31.62	-809.99	95.19	-32.75	-811.54	-0.498284	0	-0.867014	0	0	1	06_T_ONI_FIRE_01	2.08833	16	4294967295	4294967295	3	65535	65535	255	4294967295	4294967295	1	255	255	255	255	255	255	255	255	255	2	255	255	255	255	255	255	255	255	255	255	255	255	255	255	255	255	255	255	255	255	255	255	255	255	255	255	255	255	255	255	255	255	255	255	255	255	255	255	255	255	255	255	255	255	255	255	255	255	255	255	255	255	255	255	255	255	255	255	255	255	255	255	255	255	255	255	255	255	255	255	255	255	255	255	255	255	255	255	255	255	255	255	255	255	255	255	255	255	255											
38	517	1	71.77	-31.93	-834.92	74.63	-30.82	-832.06	73.19	-31.87	-833.48	-0.707107	0	0.707107	0	0	1	06_T_ONI_FIRE_01	2.09709	17	4294967295	4294967295	3	65535	65535	255	4294967295	4294967295	1	255	255	255	255	255	255	255	255	255	2	255	255	255	255	255	255	255	255	255	255	255	255	255	255	255	255	255	255	255	255	255	255	255	255	255	255	255	255	255	255	255	255	255	255	255	255	255	255	255	255	255	255	255	255	255	255	255	255	255	255	255	255	255	255	255	255	255	255	255	255	255	255	255	255	255	255	255	255	255	255	255	255	255	255	255	255	255	255	255	255	255	255	255	255	255	255	255	255	255											
39	517	1	17.86	-47.2	-853.88	20.79	-45.84	-851	19.37	-47.02	-852.4	-0.721988	0	-0.691905	0	0	1	06_T_ONI_FIRE_01	2.16385	18	4294967295	4294967295	3	65535	65535	255	4294967295	4294967295	1	255	255	255	255	255	255	255	255	255	2	255	255	255	255	255	255	255	255	255	255	255	255	255	255	255	255	255	255	255	255	255	255	255	255	255	255	255	255	255	255	255	255	255	255	255	255	255	255	255	255	255	255	255	255	255	255	255	255	255	255	255	255	255	255	255	255	255	255	255	255	255	255	255	255	255	255	255	255	255	255	255	255	255	255	255	255	255	255	255	255	255	255	255	255	255	255	255	255	255											
40	517	1	9.8	-47.85	-815.63	11.87	-46.69	-812.43	10.85	-47.77	-814.05	-0.369667	0	0.929164	0	0	1	06_T_ONI_FIRE_01	1.99189	19	4294967295	4294967295	3	65535	65535	255	4294967295	4294967295	1	255	255	255	255	255	255	255	255	255	2	255	255	255	255	255	255	255	255	255	255	255	255	255	255	255	255	255	255	255	255	255	255	255	255	255	255	255	255	255	255	255	255	255	255	255	255	255	255	255	255	255	255	255	255	255	255	255	255	255	255	255	255	255	255	255	255	255	255	255	255	255	255	255	255	255	255	255	255	255	255	255	255	255	255	255	255	255	255	255	255	255	255	255	255	255	255	255	255	255											
41	517	1	10.55	-48.05	-759.89	12.41	-46.79	-756.65	11.49	-47.92	-758.31	-0.289177	0	0.957276	0	0	1	06_T_ONI_FIRE_01	1.97134	20	4294967295	4294967295	3	65535	65535	255	4294967295	4294967295	1	255	255	255	255	255	255	255	255	255	2	255	255	255	255	255	255	255	255	255	255	255	255	255	255	255	255	255	255	255	255	255	255	255	255	255	255	255	255	255	255	255	255	255	255	255	255	255	255	255	255	255	255	255	255	255	255	255	255	255	255	255	255	255	255	255	255	255	255	255	255	255	255	255	255	255	255	255	255	255	255	255	255	255	255	255	255	255	255	255	255	255	255	255	255	255	255	255	255	255											
42	517	1	8.58	-45.57	-719.03	10.82	-43.92	-715.76	9.75	-45.24	-717.29	-0.419058	0	-0.907959	0	0	1	06_T_ONI_FIRE_01	2.14669	21	4294967295	4294967295	3	65535	65535	255	4294967295	4294967295	1	255	255	255	255	255	255	255	255	255	2	255	255	255	255	255	255	255	255	255	255	255	255	255	255	255	255	255	255	255	255	255	255	255	255	255	255	255	255	255	255	255	255	255	255	255	255	255	255	255	255	255	255	255	255	255	255	255	255	255	255	255	255	255	255	255	255	255	255	255	255	255	255	255	255	255	255	255	255	255	255	255	255	255	255	255	255	255	255	255	255	255	255	255	255	255	255	255	255	255											
43	517	1	-30.59	-46.25	-683.55	-27.37	-44.89	-682.08	-28.92	-46.07	-682.82	-0.987191	0	0.159546	0	0	1	06_T_ONI_FIRE_01	1.89597	22	4294967295	4294967295	3	65535	65535	255	4294967295	4294967295	1	255	255	255	255	255	255	255	255	255	2	255	255	255	255	255	255	255	255	255	255	255	255	255	255	255	255	255	255	255	255	255	255	255	255	255	255	255	255	255	255	255	255	255	255	255	255	255	255	255	255	255	255	255	255	255	255	255	255	255	255	255	255	255	255	255	255	255	255	255	255	255	255	255	255	255	255	255	255	255	255	255	255	255	255	255	255	255	255	255	255	255	255	255	255	255	255	255	255	255											
44	517	1	-52.05	-43.08	-636	-50.68	-41.88	-632.84	-51.36	-42.98	-634.38	-0.120331	0	-0.992734	0	0	1	06_T_ONI_FIRE_01	1.82362	23	4294967295	4294967295	3	65535	65535	255	4294967295	4294967295	1	255	255	255	255	255	255	255	255	255	2	255	255	255	255	255	255	255	255	255	255	255	255	255	255	255	255	255	255	255	255	255	255	255	255	255	255	255	255	255	255	255	255	255	255	255	255	255	255	255	255	255	255	255	255	255	255	255	255	255	255	255	255	255	255	255	255	255	255	255	255	255	255	255	255	255	255	255	255	255	255	255	255	255	255	255	255	255	255	255	255	255	255	255	255	255	255	255	255	255											
45	517	1	14.03	-45.21	-633.7	16.07	-43.85	-630.45	15.03	-45.03	-632.01	0.360994	0	-0.932568	0	0	1	06_T_ONI_FIRE_01	2.03554	24	4294967295	4294967295	3	65535	65535	255	4294967295	4294967295	1	255	255	255	255	255	255	255	255	255	2	255	255	255	255	255	255	255	255	255	255	255	255	255	255	255	255	255	255	255	255	255	255	255	255	255	255	255	255	255	255	255	255	255	255	255	255	255	255	255	255	255	255	255	255	255	255	255	255	255	255	255	255	255	255	255	255	255	255	255	255	255	255	255	255	255	255	255	255	255	255	255	255	255	255	255	255	255	255	255	255	255	255	255	255	255	255	255	255	255											
46	517	1	34.88	-41.43	-649.37	38.16	-39.64	-647.89	36.66	-41.02	-648.61	-0.987191	0	-0.159546	0	0	1	06_T_ONI_FIRE_01	2.00953	25	4294967295	4294967295	3	65535	65535	255	4294967295	4294967295	1	255	255	255	255	255	255	255	255	255	2	255	255	255	255	255	255	255	255	255	255	255	255	255	255	255	255	255	255	255	255	255	255	255	255	255	255	255	255	255	255	255	255	255	255	255	255	255	255	255	255	255	255	255	255	255	255	255	255	255	255	255	255	255	255	255	255	255	255	255	255	255	255	255	255	255	255	255	255	255	255	255	255	255	255	255	255	255	255	255	255	255	255	255	255	255	255	255	255	255											
51	520	1	745.52	-130	-918.28	747.56	-128.5	-915.59	746.54	-130	-916.94	0.24018	0	0.970728	0	0	1	06_T_FAINT_DINO_02	1.84713	26	4294967295	4294967295	3	65535	65535	255	4294967295	4294967295	1	255	255	255	255	255	255	255	255	255	2	3	255	255	255	255	255	255	255	255	3	255	255	255	255	255	255	255	255	255	255	255	255	255	255	255	255	255	255	255	255	255	255	255	255	255	255	255	255	255	255	255	255	255	255	255	255	255	255	255	255	255	255	255	255	255	255	255	255	255	255	255	255	255	255	255	255	255	255	255	255	255	255	255	255	255	255	255	255	255	255	255	255	255	255	255	255	255	255	255											
52	520	1	821.16	-95.07	-834.51	822.66	-93.57	-832.11	821.91	-95.07	-833.31	0	0	1	0	0	1	06_T_FAINT_DINO_01	1.60157	27	4294967295	4294967295	3	65535	65535	255	4294967295	4294967295	1	255	255	255	255	255	255	255	255	255	2	3	255	255	255	255	255	255	255	255	3	255	255	255	255	255	255	255	255	255	255	255	255	255	255	255	255	255	255	255	255	255	255	255	255	255	255	255	255	255	255	255	255	255	255	255	255	255	255	255	255	255	255	255	255	255	255	255	255	255	255	255	255	255	255	255	255	255	255	255	255	255	255	255	255	255	255	255	255	255	255	255	255	255	255	255	255	255	255	255											
53	520	1	898.93	-112.99	-896.8	901.7	-111.49	-894.57	900.32	-112.99	-895.69	0.940376	0	0.340136	0	0	1	06_T_FAINT_DINO_03	1.92976	28	4294967295	4294967295	3	65535	65535	255	4294967295	4294967295	1	255	255	255	255	255	255	255	255	255	2	3	255	255	255	255	255	255	255	255	3	255	255	255	255	255	255	255	255	255	255	255	255	255	255	255	255	255	255	255	255	255	255	255	255	255	255	255	255	255	255	255	255	255	255	255	255	255	255	255	255	255	255	255	255	255	255	255	255	255	255	255	255	255	255	255	255	255	255	255	255	255	255	255	255	255	255	255	255	255	255	255	255	255	255	255	255	255	255	255											
54	520	1	720.67	-119.45	-868.35	723.43	-117.95	-865.59	722.05	-119.45	-866.97	0.707107	0	-0.707107	0	0	1	06_T_FAINT_DINO_01	2.09075	29	4294967295	4294967295	3	65535	65535	255	4294967295	4294967295	1	255	255	255	255	255	255	255	255	255	2	3	255	255	255	255	255	255	255	255	3	255	255	255	255	255	255	255	255	255	255	255	255	255	255	255	255	255	255	255	255	255	255	255	255	255	255	255	255	255	255	255	255	255	255	255	255	255	255	255	255	255	255	255	255	255	255	255	255	255	255	255	255	255	255	255	255	255	255	255	255	255	255	255	255	255	255	255	255	255	255	255	255	255	255	255	255	255	255	255											
55	520	1	708.55	-113.65	-976.04	711.37	-112.15	-973.44	709.96	-113.65	-974.74	0.821109	0	-0.570771	0	0	1	06_T_FAINT_DINO_03	2.05927	30	4294967295	4294967295	3	65535	65535	255	4294967295	4294967295	1	255	255	255	255	255	255	255	255	255	2	3	255	255	255	255	255	255	255	255	3	255	255	255	255	255	255	255	255	255	255	255	255	255	255	255	255	255	255	255	255	255	255	255	255	255	255	255	255	255	255	255	255	255	255	255	255	255	255	255	255	255	255	255	255	255	255	255	255	255	255	255	255	255	255	255	255	255	255	255	255	255	255	255	255	255	255	255	255	255	255	255	255	255	255	255	255	255	255	255											
56	520	1	824.23	-112.52	-880.28	827.05	-111.02	-877.83	825.64	-112.52	-879.06	-0.882075	0	0.471108	0	0	1	06_T_FAINT_DINO_02	2.01277	31	4294967295	4294967295	3	65535	65535	255	4294967295	4294967295	1	255	255	255	255	255	255	255	255	255	2	3	255	255	255	255	255	255	255	255	3	255	255	255	255	255	255	255	255	255	255	255	255	255	255	255	255	255	255	255	255	255	255	255	255	255	255	255	255	255	255	255	255	255	255	255	255	255	255	255	255	255	255	255	255	255	255	255	255	255	255	255	255	255	255	255	255	255	255	255	255	255	255	255	255	255	255	255	255	255	255	255	255	255	255	255	255	255	255	255											
57	100021	4194304	947.08	-104.79	-1114.04	949.58	-96.79	-1099.86	948.33	-104.79	-1106.95	-0.985286	0	0.170917	255	255	255	PORTAL_COLLISION	8.23596	32	4294967295	4294967295	3	65535	65535	255	4294967295	4294967295	255	255	255	255	255	255	255	255	255	255	255	255	255	255	255	255	255	255	255	255	255	255	255	255	255	255	255	255	255	255	255	255	255	255	255	255	255	255	255	255	255	255	255	255	255	255	255	255	255	255	255	255	255	255	255	255	255	255	255	255	255	255	255	255	255	255	255	255	255	255	255	255	255	255	255	255	255	255	255	255	255	255	255	255	255	255	255	255	255	255	255	255	255	255	255	255	255	255	255	255											
58	4294967295	524288	550.62	-35.93	268.09	611	44.07	320.58	580.81	-35.93	294.33	-0.660628	0	0.750713	0	0	0	COLLISION_BOX	56.5706	33	4294967295	4294967295	3	65535	65535	255	4294967295	4294967295	1	255	255	255	255	255	255	255	255	255	255	255	255	255	255	255	255	255	255	255	255	255	255	255	255	255	255	255	255	255	255	255	255	255	255	255	255	255	255	255	255	255	255	255	255	255	255	255	255	255	255	255	255	255	255	255	255	255	255	255	255	255	255	255	255	255	255	255	255	255	255	255	255	255	255	255	255	255	255	255	255	255	255	255	255	255	255	255	255	255	255	255	255	255	255	255	255	255	255	255											
59	4294967295	524288	510.19	-33.42	261.56	560.08	30.58	273.08	535.14	-33.42	267.32	-0.221187	0	0.975232	0	0	0	COLLISION_BOX	40.9809	34	4294967295	4294967295	3	65535	65535	255	4294967295	4294967295	1	255	255	255	255	255	255	255	255	255	255	255	255	255	255	255	255	255	255	255	255	255	255	255	255	255	255	255	255	255	255	255	255	255	255	255	255	255	255	255	255	255	255	255	255	255	255	255	255	255	255	255	255	255	255	255	255	255	255	255	255	255	255	255	255	255	255	255	255	255	255	255	255	255	255	255	255	255	255	255	255	255	255	255	255	255	255	255	255	255	255	255	255	255	255	255	255	255	255	255											
60	4294967295	524288	453.03	-32.64	259.4	532.84	47.36	264.98	492.93	-32.64	262.19	-0.0698291	0	0.997559	0	0	0	COLLISION_BOX	56.5703	35	4294967295	4294967295	3	65535	65535	255	4294967295	4294967295	1	255	255	255	255	255	255	255	255	255	255	255	255	255	255	255	255	255	255	255	255	255	255	255	255	255	255	255	255	255	255	255	255	255	255	255	255	255	255	255	255	255	255	255	255	255	255	255	255	255	255	255	255	255	255	255	255	255	255	255	255	255	255	255	255	255	255	255	255	255	255	255	255	255	255	255	255	255	255	255	255	255	255	255	255	255	255	255	255	255	255	255	255	255	255	255	255	255	255	255											
61	4294967295	524288	453.15	-27.19	209.13	462.92	36.81	259.39	458.03	-27.19	234.26	-0.98172	0	-0.190333	0	0	0	COLLISION_BOX	40.9802	36	4294967295	4294967295	3	65535	65535	255	4294967295	4294967295	1	255	255	255	255	255	255	255	255	255	255	255	255	255	255	255	255	255	255	255	255	255	255	255	255	255	255	255	255	255	255	255	255	255	255	255	255	255	255	255	255	255	255	255	255	255	255	255	255	255	255	255	255	255	255	255	255	255	255	255	255	255	255	255	255	255	255	255	255	255	255	255	255	255	255	255	255	255	255	255	255	255	255	255	255	255	255	255	255	255	255	255	255	255	255	255	255	255	255	255											
62	4294967295	524288	395.17	-27.15	204.95	462.27	52.85	248.52	428.72	-27.15	226.73	-0.540758	0	0.841178	0	0	0	COLLISION_BOX	56.5702	37	4294967295	4294967295	3	65535	65535	255	4294967295	4294967295	1	255	255	255	255	255	255	255	255	255	255	255	255	255	255	255	255	255	255	255	255	255	255	255	255	255	255	255	255	255	255	255	255	255	255	255	255	255	255	255	255	255	255	255	255	255	255	255	255	255	255	255	255	255	255	255	255	255	255	255	255	255	255	255	255	255	255	255	255	255	255	255	255	255	255	255	255	255	255	255	255	255	255	255	255	255	255	255	255	255	255	255	255	255	255	255	255	255	255	255											
63	4294967295	524288	397.3	-24.78	205.08	419.74	39.22	251.1	408.52	-24.78	228.09	-0.898384	0	-0.43921	0	0	0	COLLISION_BOX	40.9799	38	4294967295	4294967295	3	65535	65535	255	4294967295	4294967295	1	255	255	255	255	255	255	255	255	255	255	255	255	255	255	255	255	255	255	255	255	255	255	255	255	255	255	255	255	255	255	255	255	255	255	255	255	255	255	255	255	255	255	255	255	255	255	255	255	255	255	255	255	255	255	255	255	255	255	255	255	255	255	255	255	255	255	255	255	255	255	255	255	255	255	255	255	255	255	255	255	255	255	255	255	255	255	255	255	255	255	255	255	255	255	255	255	255	255	255											
64	4294967295	524288	532.61	-28.06	264.32	536.99	-25.16	265.98	534.8	-27.96	265.15	-0.310217	0	0.950666	0	0	0	00_O_STOPSIGN_001_02	2.75454	39	4294967295	4294967295	3	65535	65535	255	4294967295	4294967295	1	255	255	255	255	255	255	255	255	255	255	255	255	255	255	255	255	255	255	255	255	255	255	255	255	255	255	255	255	255	255	255	255	255	255	255	255	255	255	255	255	255	255	255	255	255	255	255	255	255	255	255	255	255	255	255	255	255	255	255	255	255	255	255	255	255	255	255	255	255	255	255	255	255	255	255	255	255	255	255	255	255	255	255	255	255	255	255	255	255	255	255	255	255	255	255	255	255	255	255											
65	4294967295	524288	536.46	-28.1	261.32	540.82	-25.2	263.06	538.64	-28	262.19	-0.328135	0	0.944631	0	0	0	00_O_STOPSIGN_001_01	2.75894	40	4294967295	4294967295	3	65535	65535	255	4294967295	4294967295	1	255	255	255	255	255	255	255	255	255	255	255	255	255	255	255	255	255	255	255	255	255	255	255	255	255	255	255	255	255	255	255	255	255	255	255	255	255	255	255	255	255	255	255	255	255	255	255	255	255	255	255	255	255	255	255	255	255	255	255	255	255	255	255	255	255	255	255	255	255	255	255	255	255	255	255	255	255	255	255	255	255	255	255	255	255	255	255	255	255	255	255	255	255	255	255	255	255	255	255											
66	4294967295	524288	531.68	-28.08	259.98	536.09	-25.18	261.57	533.89	-27.98	260.77	-0.289177	0	0.957276	0	0	0	00_O_STOPSIGN_001_02	2.7562	41	4294967295	4294967295	3	65535	65535	255	4294967295	4294967295	1	255	255	255	255	255	255	255	255	255	255	255	255	255	255	255	255	255	255	255	255	255	255	255	255	255	255	255	255	255	255	255	255	255	255	255	255	255	255	255	255	255	255	255	255	255	255	255	255	255	255	255	255	255	255	255	255	255	255	255	255	255	255	255	255	255	255	255	255	255	255	255	255	255	255	255	255	255	255	255	255	255	255	255	255	255	255	255	255	255	255	255	255	255	255	255	255	255	255	255											
67	4294967295	524288	524.32	-28.38	260.11	525.57	-24.68	260.58	524.95	-28.38	260.34	0.170917	0	0.985286	0	0	0	00_O_STOPSIGN_002_01	1.96681	42	4294967295	4294967295	3	65535	65535	255	4294967295	4294967295	1	255	255	255	255	255	255	255	255	255	255	255	255	255	255	255	255	255	255	255	255	255	255	255	255	255	255	255	255	255	255	255	255	255	255	255	255	255	255	255	255	255	255	255	255	255	255	255	255	255	255	255	255	255	255	255	255	255	255	255	255	255	255	255	255	255	255	255	255	255	255	255	255	255	255	255	255	255	255	255	255	255	255	255	255	255	255	255	255	255	255	255	255	255	255	255	255	255	255	255											
68	4294967295	524288	540.07	-28.64	260.15	541.82	-22.9	260.92	540.95	-28.64	260.54	-0.289177	0	0.957276	0	0	0	00_O_STOPSIGN_003_02	3.02502	43	4294967295	4294967295	3	65535	65535	255	4294967295	4294967295	1	255	255	255	255	255	255	255	255	255	255	255	255	255	255	255	255	255	255	255	255	255	255	255	255	255	255	255	255	255	255	255	255	255	255	255	255	255	255	255	255	255	255	255	255	255	255	255	255	255	255	255	255	255	255	255	255	255	255	255	255	255	255	255	255	255	255	255	255	255	255	255	255	255	255	255	255	255	255	255	255	255	255	255	255	255	255	255	255	255	255	255	255	255	255	255	255	255	255	255											
69	4294967295	524288	408.67	-23.19	217.67	412.01	-20.29	221.11	410.34	-23.09	219.39	0.721988	0	0.691905	0	0	0	00_O_STOPSIGN_001_01	2.80175	44	4294967295	4294967295	3	65535	65535	255	4294967295	4294967295	1	255	255	255	255	255	255	255	255	255	255	255	255	255	255	255	255	255	255	255	255	255	255	255	255	255	255	255	255	255	255	255	255	255	255	255	255	255	255	255	255	255	255	255	255	255	255	255	255	255	255	255	255	255	255	255	255	255	255	255	255	255	255	255	255	255	255	255	255	255	255	255	255	255	255	255	255	255	255	255	255	255	255	255	255	255	255	255	255	255	255	255	255	255	255	255	255	255	255	255											
70	4294967295	524288	406.23	-23.2	221.16	408.39	-20.3	225.37	407.31	-23.1	223.27	0.907959	0	0.419058	0	0	0	00_O_STOPSIGN_001_02	2.77487	45	4294967295	4294967295	3	65535	65535	255	4294967295	4294967295	1	255	255	255	255	255	255	255	255	255	255	255	255	255	255	255	255	255	255	255	255	255	255	255	255	255	255	255	255	255	255	255	255	255	255	255	255	255	255	255	255	255	255	255	255	255	255	255	255	255	255	255	255	255	255	255	255	255	255	255	255	255	255	255	255	255	255	255	255	255	255	255	255	255	255	255	255	255	255	255	255	255	255	255	255	255	255	255	255	255	255	255	255	255	255	255	255	255	255	255											
71	4294967295	524288	405.68	-23.19	225.81	405.96	-20.29	230.33	405.82	-23.09	228.07	1	0	0	0	0	0	00_O_STOPSIGN_001_02	2.68881	46	4294967295	4294967295	3	65535	65535	255	4294967295	4294967295	1	255	255	255	255	255	255	255	255	255	255	255	255	255	255	255	255	255	255	255	255	255	255	255	255	255	255	255	255	255	255	255	255	255	255	255	255	255	255	255	255	255	255	255	255	255	255	255	255	255	255	255	255	255	255	255	255	255	255	255	255	255	255	255	255	255	255	255	255	255	255	255	255	255	255	255	255	255	255	255	255	255	255	255	255	255	255	255	255	255	255	255	255	255	255	255	255	255	255	255											
