1	5	1	622.54	-108.42	-837.29	631.66	-104.65	-828.81	627.1	-108.17	-833.05	0	0	1	0	0	1	00_O_RP_BOX_GROUP_001	6.50571	0	4294967295	4294967295	3	65535	65535	255	4294967295	4294967295	1	255	255	255	255	255	255	255	255	255	255	255	255	255	255	255	255	255	255	255	255	255	255	255	255	255	255	255	255	255	255	255	255	255	255	255	255	255	255	255	255	255	255	255	255	255	255	255	255	255	255	255	255	255	255	255	255	255	255	255	255	255	255	255	255	255	255	255	255	255	255	255	255	255	255	255	255	255	255	255	255	255	255	255	255	255	255	255	255	255	255	255	255	255	255	255	255	255	255	255											
2	100017	4194304	930.1	-100.3	-1131.27	937.96	-90.7	-1125.77	934.03	-100.3	-1128.52	0	0	1	255	255	255	PORTAL_COLLISION	6.78584	1	4294967295	4294967295	3	65535	65535	255	4294967295	4294967295	255	255	255	255	255	255	255	255	255	255	255	255	255	255	255	255	255	255	255	255	255	255	255	255	255	255	255	255	255	255	255	255	255	255	255	255	255	255	255	255	255	255	255	255	255	255	255	255	255	255	255	255	255	255	255	255	255	255	255	255	255	255	255	255	255	255	255	255	255	255	255	255	255	255	255	255	255	255	255	255	255	255	255	255	255	255	255	255	255	255	255	255	255	255	255	255	255	255	255	255											
3	100018	4194304	-862.9	31.26	1120.87	-858.9	39.26	1127.8	-860.9	31.26	1124.33	0	0	1	0	0	1	PORTAL_COLLISION	5.65742	2	4294967295	4294967295	3	65535	65535	255	4294967295	4294967295	3	255	255	255	255	255	255	255	255	255	255	255	255	255	255	255	255	255	255	255	255	255	255	255	255	255	255	255	255	255	255	255	255	255	255	255	255	255	255	255	255	255	255	255	255	255	255	255	255	255	255	255	255	255	255	255	255	255	255	255	255	255	255	255	255	255	255	255	255	255	255	255	255	255	255	255	255	255	255	255	255	255	255	255	255	255	255	255	255	255	255	255	255	255	255	255	255	255	255	255											
4	223	1	-478.59	-26.71	610.6	-477.81	-26.07	611.38	-478.25	-26.69	611.06	0	0	1	0	0	1	02_T_TYPEWRITER_001	0.63766	3	4294967295	4294967295	3	65535	65535	255	4294967295	4294967295	1	255	255	255	255	255	255	255	255	255	255	255	255	255	255	255	255	255	255	255	255	255	255	255	255	255	255	255	255	255	255	255	255	255	255	255	255	255	255	255	255	255	255	255	255	255	255	255	255	255	255	255	255	255	255	255	255	255	255	255	255	255	255	255	255	255	255	255	255	255	255	255	255	255	255	255	255	255	255	255	255	255	255	255	255	255	255	255	255	255	255	255	255	255	255	255	255	255	255	255											
5	231	1	1225.84	-28.57	21.25	1228.44	-26.78	23.86	1227.14	-28.57	22.55	0	0	1	0	0	1	02_T_KB_HOLDER_002	2.04793	4	4294967295	4294967295	3	65535	65535	255	4294967295	4294967295	1	255	255	255	255	255	255	255	255	255	255	255	255	255	255	255	255	255	255	255	255	255	255	255	255	255	255	255	255	255	255	255	255	255	255	255	255	255	255	255	255	255	255	255	255	255	255	255	255	255	255	255	255	255	255	255	255	255	255	255	255	255	255	255	255	255	255	255	255	255	255	255	255	255	255	255	255	255	255	255	255	255	255	255	255	255	255	255	255	255	255	255	255	255	255	255	255	255	255	255											
6	234	1	532.92	-32.22	357.96	533.86	-31.36	358.79	533.31	-32.11	358.38	0	0	1	0	0	1	02_T_TREASURE_BOX_001	0.760285	5	4294967295	4294967295	3	65535	65535	255	4294967295	4294967295	1	255	255	255	255	255	255	255	255	255	255	255	255	255	255	255	255	255	255	255	255	255	255	255	255	255	255	255	255	255	255	255	255	255	255	255	255	255	255	255	255	255	255	255	255	255	255	255	255	255	255	255	255	255	255	255	255	255	255	255	255	255	255	255	255	255	255	255	255	255	255	255	255	255	255	255	255	255	255	255	255	255	255	255	255	255	255	255	255	255	255	255	255	255	255	255	255	255	255	255											
8	238	1	-412.99	-27.85	672.71	-411.28	-26.96	675.05	-412.13	-27.81	673.88	0	0	1	0	0	1	00_O_RP_WEAPON_BOX_001	1.51588	6	4294967295	4294967295	3	65535	65535	255	4294967295	4294967295	1	255	255	255	255	255	255	255	255	255	255	255	255	255	255	255	255	255	255	255	255	255	255	255	255	255	255	255	255	255	255	255	255	255	255	255	255	255	255	255	255	255	255	255	255	255	255	255	255	255	255	255	255	255	255	255	255	255	255	255	255	255	255	255	255	255	255	255	255	255	255	255	255	255	255	255	255	255	255	255	255	255	255	255	255	255	255	255	255	255	255	255	255	255	255	255	255	255	255	255											
9	239	1	497.36	-32.08	305.5	499.04	-30.89	307.16	498.2	-32.07	306.33	0	0	1	0	0	1	00_O_RP_BOX_001	1.32233	7	4294967295	4294967295	3	65535	65535	255	4294967295	4294967295	1	255	255	255	255	255	255	255	255	255	255	255	255	255	255	255	255	255	255	255	255	255	255	255	255	255	255	255	255	255	255	255	255	255	255	255	255	255	255	255	255	255	255	255	255	255	255	255	255	255	255	255	255	255	255	255	255	255	255	255	255	255	255	255	255	255	255	255	255	255	255	255	255	255	255	255	255	255	255	255	255	255	255	255	255	255	255	255	255	255	255	255	255	255	255	255	255	255	255	255											
10	239	1	422.56	-27.52	394.61	423.88	-26.33	395.89	423.22	-27.51	395.25	0	0	1	0	0	1	00_O_RP_BOX_001	1.0951	8	4294967295	4294967295	3	65535	65535	255	4294967295	4294967295	1	255	255	255	255	255	255	255	255	255	255	255	255	255	255	255	255	255	255	255	255	255	255	255	255	255	255	255	255	255	255	255	255	255	255	255	255	255	255	255	255	255	255	255	255	255	255	255	255	255	255	255	255	255	255	255	255	255	255	255	255	255	255	255	255	255	255	255	255	255	255	255	255	255	255	255	255	255	255	255	255	255	255	255	255	255	255	255	255	255	255	255	255	255	255	255	255	255	255	255											
11	239	1	497.85	-31.76	301.4	499.19	-30.57	302.7	498.52	-31.75	302.05	0	0	1	0	0	1	00_O_RP_BOX_001	1.10699	9	4294967295	4294967295	3	65535	65535	255	4294967295	4294967295	1	255	255	255	255	255	255	255	255	255	255	255	255	255	255	255	255	255	255	255	255	255	255	255	255	255	255	255	255	255	255	255	255	255	255	255	255	255	255	255	255	255	255	255	255	255	255	255	255	255	255	255	255	255	255	255	255	255	255	255	255	255	255	255	255	255	255	255	255	255	255	255	255	255	255	255	255	255	255	255	255	255	255	255	255	255	255	255	255	255	255	255	255	255	255	255	255	255	255	255											
12	239	1	423.94	-26.31	393.2	425.76	-25.12	395.01	424.85	-26.3	394.11	0	0	1	0	0	1	00_O_RP_BOX_001	1.41462	10	4294967295	4294967295	3	65535	65535	255	4294967295	4294967295	1	255	255	255	255	255	255	255	255	255	255	255	255	255	255	255	255	255	255	255	255	255	255	255	255	255	255	255	255	255	255	255	255	255	255	255	255	255	255	255	255	255	255	255	255	255	255	255	255	255	255	255	255	255	255	255	255	255	255	255	255	255	255	255	255	255	255	255	255	255	255	255	255	255	255	255	255	255	255	255	255	255	255	255	255	255	255	255	255	255	255	255	255	255	255	255	255	255	255	255											
13	239	1	436.64	-32.96	430.36	438.26	-31.77	431.95	437.45	-32.95	431.15	0	0	1	0	0	1	00_O_RP_BOX_001	1.28147	11	4294967295	4294967295	3	65535	65535	255	4294967295	4294967295	1	255	255	255	255	255	255	255	255	255	255	255	255	255	255	255	255	255	255	255	255	255	255	255	255	255	255	255	255	255	255	255	255	255	255	255	255	255	255	255	255	255	255	255	255	255	255	255	255	255	255	255	255	255	255	255	255	255	255	255	255	255	255	255	255	255	255	255	255	255	255	255	255	255	255	255	255	255	255	255	255	255	255	255	255	255	255	255	255	255	255	255	255	255	255	255	255	255	255	255											
14	239	1	432.81	-32.82	437.05	434.43	-31.63	438.65	433.62	-32.81	437.85	0	0	1	0	0	1	00_O_RP_BOX_001	1.28457	12	4294967295	4294967295	3	65535	65535	255	4294967295	4294967295	1	255	255	255	255	255	255	255	255	255	255	255	255	255	255	255	255	255	255	255	255	255	255	255	255	255	255	255	255	255	255	255	255	255	255	255	255	255	255	255	255	255	255	255	255	255	255	255	255	255	255	255	255	255	255	255	255	255	255	255	255	255	255	255	255	255	255	255	255	255	255	255	255	255	255	255	255	255	255	255	255	255	255	255	255	255	255	255	255	255	255	255	255	255	255	255	255	255	255	255											
15	261	1	-500.1	15.19	1220.05	-498.97	16.08	1222.19	-499.54	15.23	1221.12	0	0	1	0	0	1	00_O_RP_WEAPON_BOX_001	1.2892	13	4294967295	4294967295	3	65535	65535	255	4294967295	4294967295	1	255	255	255	255	255	255	255	255	255	255	255	255	255	255	255	255	255	255	255	255	255	255	255	255	255	255	255	255	255	255	255	255	255	255	255	255	255	255	255	255	255	255	255	255	255	255	255	255	255	255	255	255	255	255	255	255	255	255	255	255	255	255	255	255	255	255	255	255	255	255	255	255	255	255	255	255	255	255	255	255	255	255	255	255	255	255	255	255	255	255	255	255	255	255	255	255	255	255	255											
16	262	1	-600.7	16.72	1091.08	-598.95	18.07	1092.7	-599.78	16.82	1091.89	0	0	1	0	0	1	00_O_RP_BOX_003	1.37016	14	4294967295	4294967295	3	65535	65535	255	4294967295	4294967295	1	255	255	255	255	255	255	255	255	255	255	255	255	255	255	255	255	255	255	255	255	255	255	255	255	255	255	255	255	255	255	255	255	255	255	255	255	255	255	255	255	255	255	255	255	255	255	255	255	255	255	255	255	255	255	255	255	255	255	255	255	255	255	255	255	255	255	255	255	255	255	255	255	255	255	255	255	255	255	255	255	255	255	255	255	255	255	255	255	255	255	255	255	255	255	255	255	255	255	255											
17	263	1	-531.35	18.7	1034.3	-530.02	20.5	1035.64	-530.68	18.7	1034.97	0	0	1	0	0	1	00_O_DRUM_001	1.30425	15	4294967295	4294967295	3	65535	65535	255	4294967295	4294967295	1	255	255	255	255	255	255	255	255	255	255	255	255	255	255	255	255	255	255	255	255	255	255	255	255	255	255	255	255	255	255	255	255	255	255	255	255	255	255	255	255	255	255	255	255	255	255	255	255	255	255	255	255	255	255	255	255	255	255	255	255	255	255	255	255	255	255	255	255	255	255	255	255	255	255	255	255	255	255	255	255	255	255	255	255	255	255	255	255	255	255	255	255	255	255	255	255	255	255	255											
18	379	1	178.15	-35.81	-3.85	180.11	-33.35	-1.83	179.13	-35.79	-2.84	-0.855732	0	-0.517419	0	0	1	07_T_KARIN_STATUE_002	1.86907	16	4294967295	4294967295	3	65535	65535	255	4294967295	4294967295	1	255	255	255	255	255	255	255	255	255	255	255	255	255	255	255	255	255	255	255	255	255	255	255	255	255	255	255	255	255	255	255	255	255	255	255	255	255	255	255	255	255	255	255	255	255	255	255	255	255	255	255	255	255	255	255	255	255	255	255	255	255	255	255	255	255	255	255	255	255	255	255	255	255	255	255	255	255	255	255	255	255	255	255	255	255	255	255	255	255	255	255	255	255	255	255	255	255	255	255											
19	379	1	-29.3	-42.47	-15.21	-26.9	-39.52	-12.9	-28.1	-42.44	-14.06	-0.471108	0	0.882075	0	0	1	07_T_KARIN_STATUE_002	2.22478	17	4294967295	4294967295	3	65535	65535	255	4294967295	4294967295	1	255	255	255	255	255	255	255	255	255	255	255	255	255	255	255	255	255	255	255	255	255	255	255	255	255	255	255	255	255	255	255	255	255	255	255	255	255	255	255	255	255	255	255	255	255	255	255	255	255	255	255	255	255	255	255	255	255	255	255	255	255	255	255	255	255	255	255	255	255	255	255	255	255	255	255	255	255	255	255	255	255	255	255	255	255	255	255	255	255	255	255	255	255	255	255	255	255	255	255											
20	379	1	-166.28	-36.76	-83.06	-163.93	-33.81	-80.64	-165.1	-36.74	-81.85	0.855732	0	0.517419	0	0	1	07_T_KARIN_STATUE_002	2.24061	18	4294967295	4294967295	3	65535	65535	255	4294967295	4294967295	1	255	255	255	255	255	255	255	255	255	255	255	255	255	255	255	255	255	255	255	255	255	255	255	255	255	255	255	255	255	255	255	255	255	255	255	255	255	255	255	255	255	255	255	255	255	255	255	255	255	255	255	255	255	255	255	255	255	255	255	255	255	255	255	255	255	255	255	255	255	255	255	255	255	255	255	255	255	255	255	255	255	255	255	255	255	255	255	255	255	255	255	255	255	255	255	255	255	255	255											
21	379	1	-349.69	-53.08	-282.45	-346.84	-48.89	-279.38	-348.27	-53.04	-280.92	-0.975232	0	0.221187	0	0	1	07_T_KARIN_STATUE_002	2.96241	19	4294967295	4294967295	3	65535	65535	255	4294967295	4294967295	1	255	255	255	255	255	255	255	255	255	255	255	255	255	255	255	255	255	255	255	255	255	255	255	255	255	255	255	255	255	255	255	255	255	255	255	255	255	255	255	255	255	255	255	255	255	255	255	255	255	255	255	255	255	255	255	255	255	255	255	255	255	255	255	255	255	255	255	255	255	255	255	255	255	255	255	255	255	255	255	255	255	255	255	255	255	255	255	255	255	255	255	255	255	255	255	255	255	255	255											
22	379	1	-173.05	-39.51	-553.03	-170.4	-35.33	-550.11	-171.72	-39.47	-551.57	0.990149	0	0.140021	0	0	1	07_T_KARIN_STATUE_002	2.87322	20	4294967295	4294967295	3	65535	65535	255	4294967295	4294967295	1	255	255	255	255	255	255	255	255	255	255	255	255	255	255	255	255	255	255	255	255	255	255	255	255	255	255	255	255	255	255	255	255	255	255	255	255	255	255	255	255	255	255	255	255	255	255	255	255	255	255	255	255	255	255	255	255	255	255	255	255	255	255	255	255	255	255	255	255	255	255	255	255	255	255	255	255	255	255	255	255	255	255	255	255	255	255	255	255	255	255	255	255	255	255	255	255	255	255	255											
23	379	1	62.01	-28.03	-713	64.74	-23.85	-710.02	63.37	-28	-711.51	-0.985286	0	-0.170917	0	0	1	07_T_KARIN_STATUE_002	2.90713	21	4294967295	4294967295	3	65535	65535	255	4294967295	4294967295	1	255	255	255	255	255	255	255	255	255	255	255	255	255	255	255	255	255	255	255	255	255	255	255	255	255	255	255	255	255	255	255	255	255	255	255	255	255	255	255	255	255	255	255	255	255	255	255	255	255	255	255	255	255	255	255	255	255	255	255	255	255	255	255	255	255	255	255	255	255	255	255	255	255	255	255	255	255	255	255	255	255	255	255	255	255	255	255	255	255	255	255	255	255	255	255	255	255	255	255											
24	379	1	17.89	-50.65	-836.93	21.07	-46.46	-833.6	19.48	-50.61	-835.27	-0.911734	0	-0.410781	0	0	1	07_T_KARIN_STATUE_002	3.11278	22	4294967295	4294967295	3	65535	65535	255	4294967295	4294967295	1	255	255	255	255	255	255	255	255	255	255	255	255	255	255	255	255	255	255	255	255	255	255	255	255	255	255	255	255	255	255	255	255	255	255	255	255	255	255	255	255	255	255	255	255	255	255	255	255	255	255	255	255	255	255	255	255	255	255	255	255	255	255	255	255	255	255	255	255	255	255	255	255	255	255	255	255	255	255	255	255	255	255	255	255	255	255	255	255	255	255	255	255	255	255	255	255	255	255	255											
25	379	1	-74.83	-39.81	-1028.89	-71.68	-35.63	-1025.58	-73.25	-39.78	-1027.24	0.920691	0	0.390293	0	0	1	07_T_KARIN_STATUE_002	3.09643	23	4294967295	4294967295	3	65535	65535	255	4294967295	4294967295	1	255	255	255	255	255	255	255	255	255	255	255	255	255	255	255	255	255	255	255	255	255	255	255	255	255	255	255	255	255	255	255	255	255	255	255	255	255	255	255	255	255	255	255	255	255	255	255	255	255	255	255	255	255	255	255	255	255	255	255	255	255	255	255	255	255	255	255	255	255	255	255	255	255	255	255	255	255	255	255	255	255	255	255	255	255	255	255	255	255	255	255	255	255	255	255	255	255	255	255											
26	379	1	107.25	-37.16	-1104.33	110.71	-32.98	-1100.96	108.98	-37.13	-1102.64	0.540758	0	0.841178	0	0	1	07_T_KARIN_STATUE_002	3.19378	24	4294967295	4294967295	3	65535	65535	255	4294967295	4294967295	1	255	255	255	255	255	255	255	255	255	255	255	255	255	255	255	255	255	255	255	255	255	255	255	255	255	255	255	255	255	255	255	255	255	255	255	255	255	255	255	255	255	255	255	255	255	255	255	255	255	255	255	255	255	255	255	255	255	255	255	255	255	255	255	255	255	255	255	255	255	255	255	255	255	255	255	255	255	255	255	255	255	255	255	255	255	255	255	255	255	255	255	255	255	255	255	255	255	255	255											
27	379	1	-166.01	-32.38	-1052.02	-162.68	-28.2	-1048.58	-164.34	-32.34	-1050.3	0.855732	0	0.517419	0	0	1	07_T_KARIN_STATUE_002	3.17787	25	4294967295	4294967295	3	65535	65535	255	4294967295	4294967295	1	255	255	255	255	255	255	255	255	255	255	255	255	255	255	255	255	255	255	255	255	255	255	255	255	255	255	255	255	255	255	255	255	255	255	255	255	255	255	255	255	255	255	255	255	255	255	255	255	255	255	255	255	255	255	255	255	255	255	255	255	255	255	255	255	255	255	255	255	255	255	255	255	255	255	255	255	255	255	255	255	255	255	255	255	255	255	255	255	255	255	255	255	255	255	255	255	255	255	255											
28	379	1	571.33	-107.55	-986.88	574.43	-103.37	-984.01	572.88	-107.51	-985.45	0.24018	0	0.970728	0	0	1	07_T_KARIN_STATUE_002	2.97149	26	4294967295	4294967295	3	65535	65535	255	4294967295	4294967295	1	255	255	255	255	255	255	255	255	255	255	255	255	255	255	255	255	255	255	255	255	255	255	255	255	255	255	255	255	255	255	255	255	255	255	255	255	255	255	255	255	255	255	255	255	255	255	255	255	255	255	255	255	255	255	255	255	255	255	255	255	255	255	255	255	255	255	255	255	255	255	255	255	255	255	255	255	255	255	255	255	255	255	255	255	255	255	255	255	255	255	255	255	255	255	255	255	255	255	255											
29	379	1	829.07	-96.56	-796.88	832.55	-92.38	-793.39	830.81	-96.53	-795.14	-0.731722	0	-0.681604	0	0	1	07_T_KARIN_STATUE_002	3.2312	27	4294967295	4294967295	3	65535	65535	255	4294967295	4294967295	1	255	255	255	255	255	255	255	255	255	255	255	255	255	255	255	255	255	255	255	255	255	255	255	255	255	255	255	255	255	255	255	255	255	255	255	255	255	255	255	255	255	255	255	255	255	255	255	255	255	255	255	255	255	255	255	255	255	255	255	255	255	255	255	255	255	255	255	255	255	255	255	255	255	255	255	255	255	255	255	255	255	255	255	255	255	255	255	255	255	255	255	255	255	255	255	255	255	255	255											
30	379	1	934.67	-96.71	-887.29	938.16	-92.53	-883.86	936.42	-96.68	-885.57	-0.617382	0	0.786664	0	0	1	07_T_KARIN_STATUE_002	3.21781	28	4294967295	4294967295	3	65535	65535	255	4294967295	4294967295	1	255	255	255	255	255	255	255	255	255	255	255	255	255	255	255	255	255	255	255	255	255	255	255	255	255	255	255	255	255	255	255	255	255	255	255	255	255	255	255	255	255	255	255	255	255	255	255	255	255	255	255	255	255	255	255	255	255	255	255	255	255	255	255	255	255	255	255	255	255	255	255	255	255	255	255	255	255	255	255	255	255	255	255	255	255	255	255	255	255	255	255	255	255	255	255	255	255	255	255											
31	379	1	938.87	-106.18	-1074.92	941.18	-102	-1072.3	940.03	-106.15	-1073.61	-1	0	0	0	0	1	07_T_KARIN_STATUE_002	2.72364	29	4294967295	4294967295	3	65535	65535	255	4294967295	4294967295	1	255	255	255	255	255	255	255	255	255	255	255	255	255	255	255	255	255	255	255	255	255	255	255	255	255	255	255	255	255	255	255	255	255	255	255	255	255	255	255	255	255	255	255	255	255	255	255	255	255	255	255	255	255	255	255	255	255	255	255	255	255	255	255	255	255	255	255	255	255	255	255	255	255	255	255	255	255	255	255	255	255	255	255	255	255	255	255	255	255	255	255	255	255	255	255	255	255	255	255											
32	379	1	248.67	-26.93	-306.74	250.73	-24.47	-304.7	249.7	-26.91	-305.72	0.681604	0	0.731722	0	0	1	07_T_KARIN_STATUE_002	1.9011	30	4294967295	4294967295	3	65535	65535	255	4294967295	4294967295	1	255	255	255	255	255	255	255	255	255	255	255	255	255	255	255	255	255	255	255	255	255	255	255	255	255	255	255	255	255	255	255	255	255	255	255	255	255	255	255	255	255	255	255	255	255	255	255	255	255	255	255	255	255	255	255	255	255	255	255	255	255	255	255	255	255	255	255	255	255	255	255	255	255	255	255	255	255	255	255	255	255	255	255	255	255	255	255	255	255	255	255	255	255	255	255	255	255	255	255											
33	235	1	-574.85	-0.79	1000.39	-571.83	0.85	1003.25	-573.35	-0.77	1001.83	-0.6	0	0.8	0	0	1	D6_O_CARGO_ETC_007	2.23547	31	4294967295	4294967295	3	65535	65535	255	4294967295	4294967295	1	255	255	255	255	255	255	255	255	255	255	255	255	255	255	255	255	255	255	255	255	255	255	255	255	255	255	255	255	255	255	255	255	255	255	255	255	255	255	255	255	255	255	255	255	255	255	255	255	255	255	255	255	255	255	255	255	255	255	255	255	255	255	255	255	255	255	255	255	255	255	255	255	255	255	255	255	255	255	255	255	255	255	255	255	255	255	255	255	255	255	255	255	255	255	255	255	255	255	255											
34	10000	131072	718.95	-79.8	-636.08	798.95	0.2	-636.08	758.95	-79.8	-636.08	0	0	1	0	0	0	COLLISION_BOX	56.5685	32	4294967295	4294967295	3	65535	65535	255	4294967295	4294967295	1	255	255	255	255	255	255	255	255	255	255	255	255	255	255	255	255	255	255	255	255	255	255	255	255	255	255	255	255	255	255	255	255	255	255	255	255	255	255	255	255	255	255	255	255	255	255	255	255	255	255	255	255	255	255	255	255	255	255	255	255	255	255	255	255	255	255	255	255	255	255	255	255	255	255	255	255	255	255	255	255	255	255	255	255	255	255	255	255	255	255	255	255	255	255	255	255	255	255	255											
35	10000	131072	-207.15	-53.57	-447.86	-144.98	26.43	-397.52	-176.07	-53.57	-422.69	-0.628337	0	0.777941	0	0	0	COLLISION_BOX	56.5668	33	4294967295	4294967295	3	65535	65535	255	4294967295	4294967295	1	255	255	255	255	255	255	255	255	255	255	255	255	255	255	255	255	255	255	255	255	255	255	255	255	255	255	255	255	255	255	255	255	255	255	255	255	255	255	255	255	255	255	255	255	255	255	255	255	255	255	255	255	255	255	255	255	255	255	255	255	255	255	255	255	255	255	255	255	255	255	255	255	255	255	255	255	255	255	255	255	255	255	255	255	255	255	255	255	255	255	255	255	255	255	255	255	255	255	255											
36	10000	131072	-180.78	-52.37	-428.71	-177.78	-49.47	-424.98	-179.28	-52.27	-426.85	0.786664	0	-0.617382	0	0	0	00_O_STOPSIGN_001_01	2.79834	34	4294967295	4294967295	3	65535	65535	255	4294967295	4294967295	1	255	255	255	255	255	255	255	255	255	255	255	255	255	255	255	255	255	255	255	255	255	255	255	255	255	255	255	255	255	255	255	255	255	255	255	255	255	255	255	255	255	255	255	255	255	255	255	255	255	255	255	255	255	255	255	255	255	255	255	255	255	255	255	255	255	255	255	255	255	255	255	255	255	255	255	255	255	255	255	255	255	255	255	255	255	255	255	255	255	255	255	255	255	255	255	255	255	255	255											
37	10000	131072	-186.26	-52.33	-430.06	-182.57	-49.43	-427	-184.41	-52.23	-428.53	0.628337	0	-0.777941	0	0	0	00_O_STOPSIGN_001_02	2.80132	35	4294967295	4294967295	3	65535	65535	255	4294967295	4294967295	1	255	255	255	255	255	255	255	255	255	255	255	255	255	255	255	255	255	255	255	255	255	255	255	255	255	255	255	255	255	255	255	255	255	255	255	255	255	255	255	255	255	255	255	255	255	255	255	255	255	255	255	255	255	255	255	255	255	255	255	255	255	255	255	255	255	255	255	255	255	255	255	255	255	255	255	255	255	255	255	255	255	255	255	255	255	255	255	255	255	255	255	255	255	255	255	255	255	255	255											
38	10000	131072	-179.68	-52.32	-422.87	-176.61	-49.42	-419.19	-178.14	-52.22	-421.03	0.777941	0	-0.628337	0	0	0	00_O_STOPSIGN_001_02	2.80077	36	4294967295	4294967295	3	65535	65535	255	4294967295	4294967295	1	255	255	255	255	255	255	255	255	255	255	255	255	255	255	255	255	255	255	255	255	255	255	255	255	255	255	255	255	255	255	255	255	255	255	255	255	255	255	255	255	255	255	255	255	255	255	255	255	255	255	255	255	255	255	255	255	255	255	255	255	255	255	255	255	255	255	255	255	255	255	255	255	255	255	255	255	255	255	255	255	255	255	255	255	255	255	255	255	255	255	255	255	255	255	255	255	255	255	255											
