1	7116107	-32.76	17.75	-288.14	-0.9998	0	-0.019996	1	1	7200	0	1	1	1	4294967295	3.40282e+38	0	3.40282e+38	4294967295	4294967295	4294967295	4294967295	112	0	4294967295	
2	7116107	-35.14	17.75	-290.88	-0.992734	0	-0.120331	1	1	900	0	1	1	1	4294967295	3.40282e+38	0	3.40282e+38	4294967295	4294967295	4294967295	4294967295	112	0	4294967295	
3	7116107	-32.77	17.75	-293.6	-0.995974	0	-0.0896377	1	1	7200	0	1	1	1	4294967295	3.40282e+38	0	3.40282e+38	4294967295	4294967295	4294967295	4294967295	112	0	4294967295	
4	7116107	-43.62	17.75	-285.32	0	0	1	1	1	7200	2	1	1	1	11	0	0	0	4294967295	4294967295	4294967295	4294967295	113	1	4294967295	
5	3661102	-64.67	17.75	-295.09	0.498284	0	0.867014	1	1	7200	0	1	1	1	4294967295	3.40282e+38	0	3.40282e+38	4294967295	4294967295	4294967295	4294967295	4294967295	0	4294967295	
6	3661102	-64.65	17.75	-265.31	0.750713	0	0.660628	1	1	7200	0	1	1	1	4294967295	3.40282e+38	0	3.40282e+38	4294967295	4294967295	4294967295	4294967295	4294967295	0	4294967295	
7	7116107	-29.57	17.75	-279.43	0.867014	0	-0.498284	1	1	7200	0	1	1	1	4294967295	3.40282e+38	0	3.40282e+38	4294967295	4294967295	4294967295	4294967295	109	0	4294967295	
8	6212141	-28.46	17.75	-277.27	0.731722	0	-0.681604	1	1	7200	3	1	1	1	4294967295	3.40282e+38	0	3.40282e+38	4294967295	4294967295	4294967295	4294967295	109	0	4294967295	
9	6212141	-32.29	17.75	-291.14	-0.9998	0	0.019996	1	1	900	3	1	1	1	4294967295	3.40282e+38	0	3.40282e+38	4294967295	4294967295	4294967295	4294967295	112	0	4294967295	
10	6212141	-47.92	17.75	-288.02	0	0	1	1	1	7200	3	1	1	1	4294967295	4.29	0	2.7	4294967295	4294967295	4294967295	4294967295	113	0	4294967295	
11	6212141	-40.35	17.75	-288.2	0	0	1	1	1	7200	3	1	1	1	4294967295	3.28	0	2.87	4294967295	4294967295	4294967295	4294967295	113	0	4294967295	
12	7116107	34.46	17.75	-279.55	-0.920691	0	-0.390293	1	1	7200	0	1	1	1	4294967295	3.40282e+38	0	3.40282e+38	4294967295	4294967295	4294967295	4294967295	108	0	4294967295	
13	6212141	33.51	17.75	-277.42	-0.721988	0	-0.691905	1	1	7200	3	1	1	1	4294967295	3.40282e+38	0	3.40282e+38	4294967295	4294967295	4294967295	4294967295	108	0	4294967295	
14	3502128	-10.01	27.92	-16.88	0.471108	0	0.882075	1	1	7200	0	1	1	1	4294967295	3.16	0	3.92	4294967295	4294967295	4294967295	4294967295	15	0	4294967295	
15	3502128	-34.46	27.92	-31.87	0.8	0	-0.6	1	1	7200	0	1	1	1	4294967295	8.22	0	0.89	4294967295	4294967295	4294967295	4294967295	16	0	4294967295	
16	3502128	-33.83	27.92	-36	0.875578	0	0.483077	1	1	7200	0	1	1	1	4294967295	7.58	0	5.02	4294967295	4294967295	4294967295	4294967295	16	0	4294967295	
17	3502128	-45.69	27.92	-2.43	0.995974	0	0.0896377	1	1	7200	0	1	1	1	4294967295	9.59	0	1.32	4294967295	4294967295	4294967295	4294967295	18	0	4294967295	
18	3502128	-7.62	27.92	-12.89	-0.681604	0	-0.731722	1	1	7200	0	1	1	1	4294967295	5.54	0	7.91	4294967295	4294967295	4294967295	4294967295	15	0	4294967295	
19	3502128	-39.3	27.92	-31.05	0.360994	0	0.932568	1	1	7200	0	1	1	1	4294967295	13.06	0	0.06	4294967295	4294967295	4294967295	4294967295	16	0	4294967295	
20	3502128	-11.56	27.92	-12.95	0.867014	0	-0.498284	1	1	7200	0	1	1	1	4294967295	1.61	0	7.85	4294967295	4294967295	4294967295	4294967295	15	0	4294967295	
21	3502128	-16.38	27.92	-8.65	0.483077	0	0.875578	1	1	7200	0	1	1	1	4294967295	3.56	0	2.74	4294967295	4294967295	4294967295	4294967295	17	0	4294967295	
22	3502128	-12.99	27.92	-6.71	-0.821109	0	0.570771	1	1	7200	0	1	1	1	4294967295	6.95	0	0.8	4294967295	4294967295	4294967295	4294967295	17	0	4294967295	
23	3502128	-40.54	27.92	-0.2	-0.911734	0	-0.410781	1	1	7200	0	1	1	1	4294967295	4.44	0	3.54	4294967295	4294967295	4294967295	4294967295	18	0	4294967295	
24	3502129	-13.17	27.92	-20.8	0.570771	0	-0.821109	1	1	7200	0	1	1	1	4294967295	0	0	0	4294967295	4294967295	4294967295	4294967295	15	1	4294967295	
25	3502129	-26.24	27.92	-30.98	0.867014	0	-0.498284	1	1	7200	0	1	1	1	4294967295	0	0	0	4294967295	4294967295	4294967295	4294967295	16	1	4294967295	
26	3502129	-19.94	27.92	-5.91	-0.99955	0	0.0299865	1	1	7200	0	1	1	1	4294967295	0	0	0	4294967295	4294967295	4294967295	4294967295	17	1	4294967295	
27	3502129	-36.1	27.92	-3.75	0.43921	0	-0.898384	1	1	7200	0	1	1	1	4294967295	0	0	0	4294967295	4294967295	4294967295	4294967295	18	1	4294967295	
28	3502130	-20.64	27.92	-14.24	-0.992734	0	-0.120331	1	1	7200	2	1	1	1	2	3.40282e+38	0	3.40282e+38	4294967295	4294967295	4294967295	4294967295	4294967295	0	4294967295	
29	7213110	-221.59	24.71	-15.61	0.940376	0	0.340136	1	1	7200	0	1	1	1	4294967295	3.40282e+38	0	3.40282e+38	4294967295	4294967295	4294967295	4294967295	30	0	4294967295	
30	7213110	-219.58	24.71	-16.24	-0.209529	0	0.977802	1	1	7200	0	1	1	1	4294967295	3.40282e+38	0	3.40282e+38	4294967295	4294967295	4294967295	4294967295	30	0	4294967295	
31	7213110	-214.98	24.71	-10.88	0.721988	0	0.691905	1	1	7200	0	1	1	1	4294967295	0	0	0	4294967295	4294967295	4294967295	4294967295	29	1	4294967295	
32	7213110	-174.35	24.71	-27.57	-0.9998	0	0.019996	1	1	7200	0	1	1	1	4294967295	3.40282e+38	0	3.40282e+38	4294967295	4294967295	4294967295	4294967295	33	0	4294967295	
33	7213110	-174.74	24.86	-25.58	-0.741298	0	-0.671176	1	1	7200	0	1	1	1	4294967295	3.40282e+38	0	3.40282e+38	4294967295	4294967295	4294967295	4294967295	33	0	4294967295	
34	7213110	-176.81	24.71	-15.04	-0.8	0	0.6	1	1	7200	0	1	1	1	4294967295	0	0	0	4294967295	4294967295	4294967295	4294967295	32	1	4294967295	
35	3502134	-215.63	24.71	-8.86	-0.419058	0	-0.907959	1	1	7200	0	1	1	1	4294967295	0.65	0	2.02	4294967295	4294967295	4294967295	4294967295	29	0	4294967295	
36	3502134	-217.86	24.71	-8.91	0.390293	0	-0.920691	1	1	7200	0	1	1	1	4294967295	2.88	0	1.97	4294967295	4294967295	4294967295	4294967295	29	0	4294967295	
37	3502134	-212.31	24.71	-16.56	-0.691905	0	0.721988	1	1	7200	0	1	1	1	4294967295	3.40282e+38	0	3.40282e+38	4294967295	4294967295	4294967295	4294967295	4294967295	0	4294967295	
38	3502134	-171.63	24.71	-17.41	0.140021	0	0.990149	1	1	7200	0	1	1	1	4294967295	5.18	0	2.36	4294967295	4294967295	4294967295	4294967295	32	0	4294967295	
39	3502134	-173.95	24.71	-15.93	0.950666	0	0.310217	1	1	7200	0	1	1	1	4294967295	2.86	0	0.89	4294967295	4294967295	4294967295	4294967295	32	0	4294967295	
40	3502134	-174.57	24.71	-20.58	0.28	0	0.96	1	1	7200	0	1	1	1	4294967295	3.40282e+38	0	3.40282e+38	4294967295	4294967295	4294967295	4294967295	4294967295	0	4294967295	
41	4713122	-182.37	24.71	-39.96	0	0	1	1	1	7200	2	1	1	1	7	0	0	0	4294967295	4294967295	4294967295	4294967295	34	1	4294967295	
42	4713122	-184.08	24.71	-42.54	0	0	1	1	1	7200	3	1	1	1	4294967295	1.7	0	2.58	4294967295	4294967295	4294967295	4294967295	34	0	4294967295	
43	4713122	-180.42	24.71	-42.42	0	0	1	1	1	7200	3	1	1	1	4294967295	1.95	0	2.46	4294967295	4294967295	4294967295	4294967295	34	0	4294967295	
44	3661102	-163.05	24.71	-8.1	0.588765	0	-0.808304	1	1	7200	0	1	1	1	4294967295	3.40282e+38	0	3.40282e+38	4294967295	4294967295	4294967295	4294967295	4294967295	0	4294967295	
45	3661102	-113.76	24.69	-5.21	-0.628337	0	-0.777941	1	1	7200	0	1	1	1	4294967295	3.40282e+38	0	3.40282e+38	4294967295	4294967295	4294967295	4294967295	4294967295	0	4294967295	
46	3661102	-138.53	25.18	-4.88	0.310217	0	-0.950666	1	1	7200	0	1	1	1	4294967295	3.40282e+38	0	3.40282e+38	4294967295	4294967295	4294967295	4294967295	4294967295	0	4294967295	
47	3661102	-51.94	17.75	-133.32	-0.221187	0	0.975232	1	1	7200	0	1	1	1	4294967295	3.40282e+38	0	3.40282e+38	4294967295	4294967295	4294967295	4294967295	4294967295	0	4294967295	
48	3661102	-132.03	23.02	-47.23	0.159546	0	0.987191	1	1	7200	0	1	1	1	4294967295	3.40282e+38	0	3.40282e+38	4294967295	4294967295	4294967295	4294967295	4294967295	0	4294967295	
49	3661102	-98.85	21.04	-60.2	-0.898384	0	0.43921	1	1	7200	0	1	1	1	4294967295	3.40282e+38	0	3.40282e+38	4294967295	4294967295	4294967295	4294967295	4294967295	0	4294967295	
50	3661102	-103.35	20.22	-94.27	-0.190333	0	0.98172	1	1	7200	0	1	1	1	4294967295	3.40282e+38	0	3.40282e+38	4294967295	4294967295	4294967295	4294967295	4294967295	0	4294967295	
51	3661102	-72.99	19	-90.59	-0.9998	0	0.019996	1	1	7200	0	1	1	1	4294967295	3.40282e+38	0	3.40282e+38	4294967295	4294967295	4294967295	4294967295	4294967295	0	4294967295	
52	3591102	-126.17	24.67	-11.83	0.209529	0	-0.977802	1	1	900	2	1	1	1	8	0	0	0	4294967295	4294967295	4294967295	4294967295	36	1	4294967295	
53	3591102	-121.09	24.67	-9.01	0.209529	0	-0.977802	1	1	900	3	1	1	1	4294967295	5.07	0	2.82	4294967295	4294967295	4294967295	4294967295	36	0	4294967295	
54	3591102	-131.26	24.67	-9.17	0.209529	0	-0.977802	1	1	900	3	1	1	1	4294967295	5.1	0	2.65	4294967295	4294967295	4294967295	4294967295	36	0	4294967295	
55	3661102	-64.57	17.67	-148.75	0.159546	0	0.987191	1	1	7200	0	1	1	1	4294967295	3.40282e+38	0	3.40282e+38	4294967295	4294967295	4294967295	4294967295	4294967295	0	4294967295	
56	3661102	-53.86	17.79	-173.53	-0.419058	0	0.907959	1	1	7200	0	1	1	1	4294967295	3.40282e+38	0	3.40282e+38	4294967295	4294967295	4294967295	4294967295	4294967295	0	4294967295	
57	7116107	-49.29	17.75	-213.36	-0.9998	0	-0.019996	1	1	7200	0	1	1	1	4294967295	3.40282e+38	0	3.40282e+38	4294967295	4294967295	4294967295	4294967295	116	0	4294967295	
58	7116107	-49.2	17.75	-218.85	-0.9998	0	-0.019996	1	1	7200	0	1	1	1	4294967295	3.40282e+38	0	3.40282e+38	4294967295	4294967295	4294967295	4294967295	116	0	4294967295	
59	7116107	-45.75	17.75	-216.04	-0.9998	0	0.019996	1	1	7200	0	1	1	1	4294967295	3.40282e+38	0	3.40282e+38	4294967295	4294967295	4294967295	4294967295	115	0	4294967295	
60	3591102	-59.51	17.75	-228.06	0	0	1	1	1	7200	2	1	1	1	10	0	0	0	4294967295	4294967295	4294967295	4294967295	43	1	4294967295	
61	3591102	-54.69	17.75	-231	0	0	1	1	1	7200	3	1	1	1	4294967295	4.83	0	2.94	4294967295	4294967295	4294967295	4294967295	43	0	4294967295	
62	3591102	-63.89	17.75	-230.91	0	0	1	1	1	7200	3	1	1	1	4294967295	4.38	0	2.84	4294967295	4294967295	4294967295	4294967295	43	0	4294967295	
63	3661102	-37.08	17.75	-232.23	-0.998752	0	-0.0499376	1	1	7200	0	1	1	1	4294967295	3.40282e+38	0	3.40282e+38	4294967295	4294967295	4294967295	4294967295	4294967295	0	4294967295	
64	7116107	-55.82	17.75	-236.9	-0.0499376	0	-0.998752	1	1	7200	2	1	1	1	12	0	0	0	4294967295	4294967295	4294967295	4294967295	117	1	4294967295	
65	7116107	-29.39	17.96	-246.11	0.907959	0	-0.419058	1	1	7200	0	1	1	1	4294967295	3.40282e+38	0	3.40282e+38	4294967295	4294967295	4294967295	4294967295	110	0	4294967295	
66	3661102	-0.98	16.57	-142.46	-0.828964	0	0.559301	1	1	7200	0	1	1	1	4294967295	3.40282e+38	0	3.40282e+38	4294967295	4294967295	4294967295	4294967295	4294967295	0	4294967295	
67	3591103	-27.75	17.75	-127.33	0.995974	0	-0.0896377	1	1	900	2	1	1	1	13	0	0	0	4294967295	4294967295	4294967295	4294967295	53	1	4294967295	
68	3591103	-32.51	17.78	-131.1	0.995974	0	-0.0896377	1	1	900	3	1	1	1	4294967295	4.76	0	3.77	4294967295	4294967295	4294967295	4294967295	53	0	4294967295	
69	3591103	-30.93	17.8	-122.31	0.995974	0	-0.0896377	1	1	900	3	1	1	1	4294967295	3.18	0	5.02	4294967295	4294967295	4294967295	4294967295	53	0	4294967295	
70	7116109	-28	17.65	-141.94	-0.517419	0	0.855732	1	1	7200	0	1	1	1	4294967295	3.40282e+38	0	3.40282e+38	4294967295	4294967295	4294967295	4294967295	118	0	4294967295	
71	7116109	-24.13	17.51	-139.46	-0.517419	0	0.855732	1	1	7200	0	1	1	1	4294967295	3.40282e+38	0	3.40282e+38	4294967295	4294967295	4294967295	4294967295	118	0	4294967295	
72	7116107	-108.58	20.56	-70.56	0.529101	0	-0.848559	1	1	7200	2	1	1	1	9	0	0	0	4294967295	4294967295	4294967295	4294967295	70	1	4294967295	
73	7116107	-112.6	20.63	-70.56	0.529101	0	-0.848559	1	1	7200	3	1	1	1	4294967295	4.01	0	0	4294967295	4294967295	4294967295	4294967295	70	0	4294967295	
74	7116107	-106.66	20.64	-66.81	0.529101	0	-0.848559	1	1	7200	3	1	1	1	4294967295	1.92	0	3.75	4294967295	4294967295	4294967295	4294967295	70	0	4294967295	
75	3661102	-39.26	17.81	-110.59	0.559301	0	-0.828964	1	1	7200	0	1	1	1	4294967295	3.40282e+38	0	3.40282e+38	4294967295	4294967295	4294967295	4294967295	4294967295	0	4294967295	
76	3661102	-64.6	17.75	-213.62	-0.0698291	0	0.997559	1	1	7200	0	1	1	1	4294967295	3.40282e+38	0	3.40282e+38	4294967295	4294967295	4294967295	4294967295	4294967295	0	4294967295	
77	3661102	-45.59	17.82	-107.43	-0.848559	0	-0.529101	1	1	7200	0	1	1	1	4294967295	3.40282e+38	0	3.40282e+38	4294967295	4294967295	4294967295	4294967295	4294967295	0	4294967295	
78	7213110	-173.63	25.91	-6.46	-0.992734	0	0.120331	1	1	7200	0	2	2	1	4294967295	3.40282e+38	0	3.40282e+38	4294967295	4294967295	4294967295	4294967295	96	0	4294967295	
79	7213110	-178.64	24.71	-10.76	0.965904	0	0.258902	1	1	7200	0	1	1	1	4294967295	3.40282e+38	0	3.40282e+38	4294967295	4294967295	4294967295	4294967295	96	0	4294967295	
80	7213110	-179.47	24.71	-6.3	0.998752	0	-0.0499376	1	1	7200	0	1	1	1	4294967295	3.40282e+38	0	3.40282e+38	4294967295	4294967295	4294967295	4294967295	96	0	4294967295	
81	7213110	-178.35	24.71	-1.73	0.96	0	-0.28	1	1	7200	0	1	1	1	4294967295	3.40282e+38	0	3.40282e+38	4294967295	4294967295	4294967295	4294967295	96	0	4294967295	
82	7213110	-212.63	24.71	-36.84	-0.140021	0	0.990149	1	1	7200	1	3	3	1	4294967295	3.40282e+38	0	3.40282e+38	4294967295	4294967295	4294967295	4294967295	97	0	4294967295	
83	7213110	-206.33	24.71	-39.42	-0.570771	0	0.821109	1	1	7200	1	3	3	1	4294967295	3.40282e+38	0	3.40282e+38	4294967295	4294967295	4294967295	4294967295	97	0	4294967295	
84	7213110	-209.12	24.71	-36.67	0.990149	0	0.140021	1	1	7200	1	3	3	1	4294967295	3.40282e+38	0	3.40282e+38	4294967295	4294967295	4294967295	4294967295	97	0	4294967295	
85	3502134	-238.38	24.71	-16.99	0.24018	0	-0.970728	1	1	7200	0	1	1	1	4294967295	3.40282e+38	0	3.40282e+38	4294967295	4294967295	4294967295	4294967295	4294967295	0	4294967295	
86	3502134	-235.49	24.71	-18.19	-0.875578	0	-0.483077	1	1	7200	0	1	1	1	4294967295	3.40282e+38	0	3.40282e+38	4294967295	4294967295	4294967295	4294967295	4294967295	0	4294967295	
87	3502134	-170	24.7	-35.84	-0.289177	0	-0.957276	1	1	7200	0	1	1	1	4294967295	3.40282e+38	0	3.40282e+38	4294967295	4294967295	4294967295	4294967295	98	0	4294967295	
88	3502134	-173.16	24.71	-37	0.540758	0	-0.841178	1	1	7200	0	1	1	1	4294967295	3.40282e+38	0	3.40282e+38	4294967295	4294967295	4294967295	4294967295	98	0	4294967295	
89	6212141	-28.04	17.96	-244.43	0.681604	0	-0.731722	1	1	7200	0	1	1	1	4294967295	3.40282e+38	0	3.40282e+38	4294967295	4294967295	4294967295	4294967295	110	0	4294967295	
90	6212141	-45.67	17.75	-218.92	-1	0	0	1	1	7200	0	1	1	1	4294967295	3.40282e+38	0	3.40282e+38	4294967295	4294967295	4294967295	4294967295	115	0	4294967295	
91	6212141	-45.76	17.75	-213.22	-1	0	0	1	1	7200	0	1	1	1	4294967295	3.40282e+38	0	3.40282e+38	4294967295	4294967295	4294967295	4294967295	115	0	4294967295	
92	6212141	-51.82	17.75	-234.03	-0.100499	0	-0.994937	1	1	7200	3	1	1	1	4294967295	4	0	2.87	4294967295	4294967295	4294967295	4294967295	117	0	4294967295	
93	6212141	-59.25	17.75	-234.17	-0.100499	0	-0.994937	1	1	7200	3	1	1	1	4294967295	3.42	0	2.72	4294967295	4294967295	4294967295	4294967295	117	0	4294967295	
94	6212142	-26.23	17.59	-140.72	-0.6	0	0.8	1	1	7200	0	1	1	1	4294967295	3.40282e+38	0	3.40282e+38	4294967295	4294967295	4294967295	4294967295	118	0	4294967295	
95	3502128	28.11	27.92	-0.19	-0.867014	0	-0.498284	1	1	7200	0	1	1	1	4294967295	3.18	0	5.08	4294967295	4294967295	4294967295	4294967295	14	0	4294967295	
96	3502129	24.93	27.92	-5.27	-0.940376	0	0.340136	1	1	7200	0	1	1	1	4294967295	0	0	0	4294967295	4294967295	4294967295	4294967295	14	1	4294967295	
97	3502130	21.84	27.92	-1.65	-0.159546	0	-0.987191	1	1	7200	2	1	1	1	1	3.40282e+38	0	3.40282e+38	4294967295	4294967295	4294967295	4294967295	4294967295	0	4294967295	
98	7116107	34.3	17.96	-245.77	-0.821109	0	-0.570771	1	1	7200	0	1	1	1	4294967295	3.40282e+38	0	3.40282e+38	4294967295	4294967295	4294967295	4294967295	111	0	4294967295	
99	3661102	19.07	15.84	-115.18	-0.741298	0	-0.671176	1	1	7200	0	1	1	1	4294967295	3.40282e+38	0	3.40282e+38	4294967295	4294967295	4294967295	4294967295	4294967295	0	4294967295	
100	3661102	88.09	12.99	-109.93	-0.970728	0	-0.24018	1	1	7200	0	1	1	1	4294967295	3.40282e+38	0	3.40282e+38	4294967295	4294967295	4294967295	4294967295	4294967295	0	4294967295	
101	3591103	123.81	9.55	-8.13	-0.0896377	0	-0.995974	1	1	7200	2	1	1	1	15	0	0	0	4294967295	4294967295	4294967295	4294967295	56	1	4294967295	
102	3591103	118.81	9.55	-5.86	-0.0896377	0	-0.995974	1	1	7200	3	1	1	1	4294967295	5	0	2.26	4294967295	4294967295	4294967295	4294967295	56	0	4294967295	
103	3591103	129.77	9.56	-6.82	-0.0896377	0	-0.995974	1	1	7200	3	1	1	1	4294967295	5.96	0	1.31	4294967295	4294967295	4294967295	4294967295	56	0	4294967295	
104	7116109	157.23	9.56	-16.15	0.985286	0	0.170917	1	1	7200	0	1	1	1	4294967295	3.40282e+38	0	3.40282e+38	4294967295	4294967295	4294967295	4294967295	60	0	4294967295	
105	7116109	157.51	9.56	-17.93	0.975232	0	0.221187	1	1	7200	0	1	1	1	4294967295	3.40282e+38	0	3.40282e+38	4294967295	4294967295	4294967295	4294967295	60	0	4294967295	
106	3591103	214.36	9.56	-1.87	0	0	1	1	1	7200	2	1	1	1	21	3.40282e+38	0	3.40282e+38	4294967295	4294967295	4294967295	4294967295	4294967295	0	4294967295	
107	3591103	208.37	9.5	-1.9	0	0	1	1	1	7200	2	1	1	1	20	3.40282e+38	0	3.40282e+38	4294967295	4294967295	4294967295	4294967295	4294967295	0	4294967295	
108	7116109	184.98	9.56	-2.13	0	0	1	1	1	7200	2	1	1	1	17	0	0	0	4294967295	4294967295	4294967295	4294967295	63	1	4294967295	
109	3591103	202.89	9.56	-28.07	-1	0	0	1	1	7200	2	1	1	1	22	0	0	0	4294967295	4294967295	4294967295	4294967295	64	1	4294967295	
110	3591103	206.37	9.56	-22.4	-1	0	0	1	1	7200	3	1	1	1	4294967295	3.48	0	5.68	4294967295	4294967295	4294967295	4294967295	64	0	4294967295	
111	3591103	205.53	9.56	-33.07	-1	0	0	1	1	7200	3	1	1	1	4294967295	2.65	0	5	4294967295	4294967295	4294967295	4294967295	64	0	4294967295	
112	7116109	231.63	9.56	-7.37	-0.731722	0	-0.681604	1	1	7200	0	1	1	1	4294967295	3.40282e+38	0	3.40282e+38	4294967295	4294967295	4294967295	4294967295	120	0	4294967295	
113	7116109	228.41	9.56	-5.15	-0.731722	0	-0.681604	1	1	7200	0	1	1	1	4294967295	3.40282e+38	0	3.40282e+38	4294967295	4294967295	4294967295	4294967295	120	0	4294967295	
114	7116109	46.39	14.34	-120.34	0.828964	0	0.559301	1	1	7200	2	1	1	1	14	0	0	0	4294967295	4294967295	4294967295	4294967295	119	1	4294967295	
115	3661102	163.01	9.56	-7.02	-0.570771	0	-0.821109	1	1	7200	0	1	1	1	4294967295	3.40282e+38	0	3.40282e+38	4294967295	4294967295	4294967295	4294967295	4294967295	0	4294967295	
116	3661102	138.42	9.56	-5.39	-0.907959	0	-0.419058	1	1	7200	0	1	1	1	4294967295	3.40282e+38	0	3.40282e+38	4294967295	4294967295	4294967295	4294967295	4294967295	0	4294967295	
117	3661102	137.65	9.56	-15.06	-0.828964	0	-0.559301	1	1	7200	0	1	1	1	4294967295	3.40282e+38	0	3.40282e+38	4294967295	4294967295	4294967295	4294967295	4294967295	0	4294967295	
118	3661102	107.14	10.53	-38.73	-0.019996	0	-0.9998	1	1	7200	0	1	1	1	4294967295	3.40282e+38	0	3.40282e+38	4294967295	4294967295	4294967295	4294967295	4294967295	0	4294967295	
119	3661102	119.27	11.58	-72.78	-0.848559	0	-0.529101	1	1	7200	0	1	1	1	4294967295	3.40282e+38	0	3.40282e+38	4294967295	4294967295	4294967295	4294967295	4294967295	0	4294967295	
120	3661102	85.8	12.45	-76.29	-0.28	0	-0.96	1	1	7200	0	1	1	1	4294967295	3.40282e+38	0	3.40282e+38	4294967295	4294967295	4294967295	4294967295	4294967295	0	4294967295	
121	3661102	55.71	13.54	-101.05	-0.570771	0	-0.821109	1	1	7200	0	1	1	1	4294967295	3.40282e+38	0	3.40282e+38	4294967295	4294967295	4294967295	4294967295	4294967295	0	4294967295	
122	3661102	46.09	14.54	-133.94	-0.995974	0	0.0896377	1	1	7200	0	1	1	1	4294967295	3.40282e+38	0	3.40282e+38	4294967295	4294967295	4294967295	4294967295	4294967295	0	4294967295	
123	7116109	171.67	9.56	-32.13	0.848559	0	-0.529101	1	1	7200	2	1	1	1	16	0	0	0	4294967295	4294967295	4294967295	4294967295	123	1	4294967295	
124	7116109	168.77	9.56	-3.42	-0.995974	0	0.0896377	1	1	7200	0	1	1	1	4294967295	3.40282e+38	0	3.40282e+38	4294967295	4294967295	4294967295	4294967295	95	0	4294967295	
125	7116109	169.42	9.56	-7.37	-0.950666	0	-0.310217	1	1	7200	0	1	1	1	4294967295	3.40282e+38	0	3.40282e+38	4294967295	4294967295	4294967295	4294967295	95	0	4294967295	
126	7116109	169.94	9.56	-9.25	-0.950666	0	-0.310217	1	1	7200	0	1	1	1	4294967295	3.40282e+38	0	3.40282e+38	4294967295	4294967295	4294967295	4294967295	95	0	4294967295	
127	6212141	33.01	17.96	-243.76	-0.821109	0	-0.570771	1	1	7200	0	1	1	1	4294967295	3.40282e+38	0	3.40282e+38	4294967295	4294967295	4294967295	4294967295	111	0	4294967295	
128	6212142	46.24	14.44	-127.06	0.828964	0	0.559301	1	1	7200	3	1	1	1	4294967295	0.15	0	6.72	4294967295	4294967295	4294967295	4294967295	119	0	4294967295	
129	6212142	40.51	14.51	-116.81	0.96	0	0.28	1	1	7200	3	1	1	1	4294967295	5.89	0	3.53	4294967295	4294967295	4294967295	4294967295	119	0	4294967295	
130	6212142	228.77	9.56	-7.98	-0.517419	0	-0.855732	1	1	7200	0	1	1	1	4294967295	3.40282e+38	0	3.40282e+38	4294967295	4294967295	4294967295	4294967295	120	0	4294967295	
131	6212142	171.64	9.56	-28.51	0.588765	0	-0.808304	1	1	7200	3	1	1	1	4294967295	0.03	0	3.62	4294967295	4294967295	4294967295	4294967295	123	0	4294967295	
132	6212142	168.16	9.56	-31.91	0.588765	0	-0.808304	1	1	7200	3	1	1	1	4294967295	3.51	0	0.22	4294967295	4294967295	4294967295	4294967295	123	0	4294967295	
133	3502128	-2.13	27.92	22.11	0.190333	0	0.98172	1	1	7200	0	1	1	1	4294967295	3.40282e+38	0	3.40282e+38	4294967295	4294967295	4294967295	4294967295	10	0	4294967295	
134	3502128	-6.8	27.92	28.44	-0.848559	0	0.529101	1	1	7200	0	1	1	1	4294967295	3.40282e+38	0	3.40282e+38	4294967295	4294967295	4294967295	4294967295	9	0	4294967295	
135	3502128	-9.9	27.92	33.64	0.0698291	0	-0.997559	1	1	7200	0	1	1	1	4294967295	3.40282e+38	0	3.40282e+38	4294967295	4294967295	4294967295	4294967295	9	0	4294967295	
136	3502128	-46.11	27.92	1.36	0.786664	0	-0.617382	1	1	7200	0	1	1	1	4294967295	10.01	0	5.11	4294967295	4294967295	4294967295	4294967295	18	0	4294967295	
137	3502128	-11.87	27.92	30.13	0.985286	0	-0.170917	1	1	7200	0	1	1	1	4294967295	3.40282e+38	0	3.40282e+38	4294967295	4294967295	4294967295	4294967295	9	0	4294967295	
138	3502128	-2.4	27.92	27.18	0.369667	0	-0.929164	1	1	7200	0	1	1	1	4294967295	3.40282e+38	0	3.40282e+38	4294967295	4294967295	4294967295	4294967295	10	0	4294967295	
139	3502134	-34.68	27.92	7.83	-0.940376	0	0.340136	1	1	7200	0	1	1	1	4294967295	3.40282e+38	0	3.40282e+38	4294967295	4294967295	4294967295	4294967295	19	0	4294967295	
140	3502134	-36.19	27.92	9.64	-0.0499376	0	-0.998752	1	1	7200	0	1	1	1	4294967295	3.40282e+38	0	3.40282e+38	4294967295	4294967295	4294967295	4294967295	19	0	4294967295	
141	3502134	-38.29	27.92	8.51	0.977802	0	-0.209529	1	1	7200	0	1	1	1	4294967295	3.40282e+38	0	3.40282e+38	4294967295	4294967295	4294967295	4294967295	19	0	4294967295	
142	3502134	-36.63	27.92	6.97	0.258902	0	0.965904	1	1	7200	0	1	1	1	4294967295	3.40282e+38	0	3.40282e+38	4294967295	4294967295	4294967295	4294967295	19	0	4294967295	
143	3502130	-11.94	27.92	25.39	-0.6	0	-0.8	1	1	7200	2	1	1	1	3	3.40282e+38	0	3.40282e+38	4294967295	4294967295	4294967295	4294967295	4294967295	0	4294967295	
144	3661101	-99.08	27.89	55.25	-0.920691	0	-0.390293	1	1	7200	0	1	1	1	4294967295	3.40282e+38	0	3.40282e+38	4294967295	4294967295	4294967295	4294967295	4294967295	0	4294967295	
145	3661101	-120.6	27.89	67.63	0.310217	0	-0.950666	1	1	7200	0	1	1	1	4294967295	3.40282e+38	0	3.40282e+38	4294967295	4294967295	4294967295	4294967295	4294967295	0	4294967295	
146	3661101	-139.3	24.67	13.35	0.929164	0	0.369667	1	1	7200	0	1	1	1	4294967295	3.40282e+38	0	3.40282e+38	4294967295	4294967295	4294967295	4294967295	4294967295	0	4294967295	
147	3661101	-113.61	24.67	3.26	-0.639202	0	0.769039	1	1	7200	0	1	1	1	4294967295	3.40282e+38	0	3.40282e+38	4294967295	4294967295	4294967295	4294967295	4294967295	0	4294967295	
148	3591101	-110.1	27.89	60.01	-0.483077	0	-0.875578	1	1	900	2	1	1	1	5	0	0	0	4294967295	4294967295	4294967295	4294967295	41	1	4294967295	
149	3661101	-163.32	24.71	2.96	0.681604	0	0.731722	1	1	7200	0	1	1	1	4294967295	3.40282e+38	0	3.40282e+38	4294967295	4294967295	4294967295	4294967295	4294967295	0	4294967295	
150	4713122	-170.37	24.56	14.66	0.855732	0	-0.517419	1	1	900	0	1	1	1	4294967295	3.40282e+38	0	3.40282e+38	4294967295	4294967295	4294967295	4294967295	39	0	4294967295	
151	7213110	-180.03	24.71	30.39	-0.390293	0	-0.920691	1	1	7200	0	1	1	1	4294967295	3.40282e+38	0	3.40282e+38	4294967295	4294967295	4294967295	4294967295	21	0	4294967295	
152	7213110	-182.31	24.71	30.48	0.140021	0	-0.990149	1	1	7200	0	1	1	1	4294967295	3.40282e+38	0	3.40282e+38	4294967295	4294967295	4294967295	4294967295	21	0	4294967295	
153	7213110	-189.35	24.71	12	0.8	0	0.6	1	1	7200	0	1	1	1	4294967295	0	0	0	4294967295	4294967295	4294967295	4294967295	22	1	4294967295	
154	7213110	-199.8	24.71	11.8	-0.867014	0	-0.498284	1	1	7200	0	1	1	1	4294967295	3.40282e+38	0	3.40282e+38	4294967295	4294967295	4294967295	4294967295	24	0	4294967295	
155	7213110	-201.67	24.81	2.2	-0.419058	0	-0.907959	1	1	7200	0	1	1	1	4294967295	0	0	0	4294967295	4294967295	4294967295	4294967295	23	1	4294967295	
156	7213110	-224.15	24.71	18.36	-0.360994	0	0.932568	1	1	7200	0	1	1	1	4294967295	3.40282e+38	0	3.40282e+38	4294967295	4294967295	4294967295	4294967295	27	0	4294967295	
157	7213110	-225.36	24.71	20.49	0.6	0	-0.8	1	1	7200	0	1	1	1	4294967295	3.40282e+38	0	3.40282e+38	4294967295	4294967295	4294967295	4294967295	27	0	4294967295	
158	7213110	-192.51	24.81	0.77	0.911734	0	-0.410781	1	1	7200	0	1	1	1	4294967295	3.40282e+38	0	3.40282e+38	4294967295	4294967295	4294967295	4294967295	25	0	4294967295	
159	3502134	-193.33	24.71	10.16	-0.985286	0	0.170917	1	1	7200	0	1	1	1	4294967295	3.98	0	1.84	4294967295	4294967295	4294967295	4294967295	22	0	4294967295	
160	3502134	-195.26	24.71	12.68	0.221187	0	-0.975232	1	1	7200	0	1	1	1	4294967295	5.9	0	0.69	4294967295	4294967295	4294967295	4294967295	22	0	4294967295	
161	3502134	-200.52	24.81	5.4	0.828964	0	0.559301	1	1	7200	0	1	1	1	4294967295	1.15	0	3.2	4294967295	4294967295	4294967295	4294967295	23	0	4294967295	
162	3502134	-197.95	24.81	4.33	-0.140021	0	0.990149	1	1	7200	0	1	1	1	4294967295	3.72	0	2.13	4294967295	4294967295	4294967295	4294967295	23	0	4294967295	
163	7213110	-201.26	24.71	10.22	0.517419	0	0.855732	1	1	7200	0	1	1	1	4294967295	3.40282e+38	0	3.40282e+38	4294967295	4294967295	4294967295	4294967295	24	0	4294967295	
164	7213110	-190.01	24.81	1.25	-0.786664	0	-0.617382	1	1	7200	0	1	1	1	4294967295	3.40282e+38	0	3.40282e+38	4294967295	4294967295	4294967295	4294967295	25	0	4294967295	
165	3502134	-186.38	24.71	33.27	0.310217	0	0.950666	1	1	7200	0	1	1	1	4294967295	3.40282e+38	0	3.40282e+38	4294967295	4294967295	4294967295	4294967295	26	0	4294967295	
166	3502134	-183.4	24.71	33.27	-0.390293	0	0.920691	1	1	7200	0	1	1	1	4294967295	3.40282e+38	0	3.40282e+38	4294967295	4294967295	4294967295	4294967295	26	0	4294967295	
167	3502134	-219.01	24.71	27.57	-0.920691	0	-0.390293	1	1	7200	0	1	1	1	4294967295	3.40282e+38	0	3.40282e+38	4294967295	4294967295	4294967295	4294967295	28	0	4294967295	
168	3502134	-221.62	24.71	26.21	-0.410781	0	-0.911734	1	1	7200	0	1	1	1	4294967295	3.40282e+38	0	3.40282e+38	4294967295	4294967295	4294967295	4294967295	28	0	4294967295	
169	3502134	-218.6	24.71	25.2	-0.994937	0	0.100499	1	1	7200	0	1	1	1	4294967295	3.40282e+38	0	3.40282e+38	4294967295	4294967295	4294967295	4294967295	28	0	4294967295	
170	4713122	-177.97	24.71	13.69	0.0698291	0	-0.997559	1	1	7200	2	1	1	1	6	0	0	0	4294967295	4294967295	4294967295	4294967295	35	1	4294967295	
171	4713122	-176.52	24.86	15.54	0.159546	0	-0.987191	1	1	7200	3	1	1	1	4294967295	1.45	0	1.84	4294967295	4294967295	4294967295	4294967295	35	0	4294967295	
172	4713122	-179.4	24.87	15.96	0.159546	0	-0.987191	1	1	7200	3	1	1	1	4294967295	1.43	0	2.27	4294967295	4294967295	4294967295	4294967295	35	0	4294967295	
173	4713122	-164.58	24.35	16.71	0.691905	0	-0.721988	1	1	900	0	1	1	1	4294967295	3.40282e+38	0	3.40282e+38	4294967295	4294967295	4294967295	4294967295	39	0	4294967295	
174	3591101	-105.36	27.68	59.32	-0.360994	0	-0.932568	1	1	900	3	1	1	1	4294967295	4.75	0	0.69	4294967295	4294967295	4294967295	4294967295	41	0	4294967295	
175	3591101	-113.03	27.47	63.77	-0.360994	0	-0.932568	1	1	900	3	1	1	1	4294967295	2.93	0	3.75	4294967295	4294967295	4294967295	4294967295	41	0	4294967295	
176	3591103	-8.45	2.8	121.76	0.9998	0	-0.019996	1	1	7200	2	1	1	1	25	0	0	0	4294967295	4294967295	4294967295	4294967295	75	1	4294967295	
177	3591103	-10.42	2.79	116.07	0.9998	0	-0.019996	1	1	7200	3	1	1	1	4294967295	1.97	0	5.69	4294967295	4294967295	4294967295	4294967295	75	0	4294967295	
178	3591103	-11.24	2.79	126.4	0.9998	0	-0.019996	1	1	7200	3	1	1	1	4294967295	2.79	0	4.63	4294967295	4294967295	4294967295	4294967295	75	0	4294967295	
179	3661103	-13.08	3.07	108.05	0.617382	0	0.786664	1	1	7200	0	1	1	1	4294967295	3.40282e+38	0	3.40282e+38	4294967295	4294967295	4294967295	4294967295	4294967295	0	4294967295	
180	3661103	-16.59	2.79	151.96	0.43921	0	0.898384	1	1	7200	0	1	1	1	4294967295	3.40282e+38	0	3.40282e+38	4294967295	4294967295	4294967295	4294967295	80	0	4294967295	
181	3661103	-28.22	2.79	165.64	0.965904	0	0.258902	1	1	7200	0	1	1	1	4294967295	3.40282e+38	0	3.40282e+38	4294967295	4294967295	4294967295	4294967295	81	0	4294967295	
182	3661103	-40.45	2.79	178.15	0.875578	0	-0.483077	1	1	7200	0	1	1	1	4294967295	3.40282e+38	0	3.40282e+38	4294967295	4294967295	4294967295	4294967295	83	0	4294967295	
183	3591103	-5.41	3.76	175.96	-0.100499	0	-0.994937	1	1	7200	0	1	1	1	4294967295	3.40282e+38	0	3.40282e+38	4294967295	4294967295	4294967295	4294967295	103	0	4294967295	
184	3661103	-5.4	5.96	197.41	-0.45122	0	-0.892413	1	1	7200	0	1	1	1	4294967295	3.40282e+38	0	3.40282e+38	4294967295	4294967295	4294967295	4294967295	104	0	4294967295	
185	3661103	-3.33	5.97	213.6	-0.360994	0	0.932568	1	1	7200	0	1	1	1	4294967295	3.40282e+38	0	3.40282e+38	4294967295	4294967295	4294967295	4294967295	106	0	4294967295	
186	3661103	-8.68	5.96	209.45	-0.907959	0	0.419058	1	1	7200	0	1	1	1	4294967295	3.40282e+38	0	3.40282e+38	4294967295	4294967295	4294967295	4294967295	105	0	4294967295	
187	7116109	-8.4	2.79	243.6	-0.019996	0	-0.9998	1	1	7200	0	1	1	1	4294967295	3.40282e+38	0	3.40282e+38	4294967295	4294967295	4294967295	4294967295	88	0	4294967295	
188	7116109	-5.34	2.79	243.66	-0.019996	0	-0.9998	1	1	7200	0	1	1	1	4294967295	3.40282e+38	0	3.40282e+38	4294967295	4294967295	4294967295	4294967295	88	0	4294967295	
189	7116109	-18.25	2.79	153.17	0.741298	0	0.671176	1	1	7200	0	1	1	1	4294967295	3.40282e+38	0	3.40282e+38	4294967295	4294967295	4294967295	4294967295	80	0	4294967295	
190	7116109	-29.89	2.79	166.78	0.660628	0	0.750713	1	1	7200	0	1	1	1	4294967295	3.40282e+38	0	3.40282e+38	4294967295	4294967295	4294967295	4294967295	81	0	4294967295	
191	7116109	-40.03	2.79	175.66	0.985286	0	-0.170917	1	1	7200	0	1	1	1	4294967295	3.40282e+38	0	3.40282e+38	4294967295	4294967295	4294967295	4294967295	83	0	4294967295	
192	3591103	-6.83	2.79	245.72	-0.019996	0	-0.9998	1	1	7200	0	1	1	1	4294967295	3.40282e+38	0	3.40282e+38	4294967295	4294967295	4294967295	4294967295	88	0	4294967295	
193	7116109	-14.09	2.79	240.65	-0.882075	0	-0.471108	1	1	7200	2	1	1	1	27	0	0	0	4294967295	4294967295	4294967295	4294967295	125	1	4294967295	
194	3661103	-9.65	5.97	202.76	-0.911734	0	-0.410781	1	1	7200	0	1	1	1	4294967295	3.40282e+38	0	3.40282e+38	4294967295	4294967295	4294967295	4294967295	105	0	4294967295	
195	3661103	-16.46	2.77	133.71	0.867014	0	-0.498284	1	1	7200	0	1	1	1	4294967295	3.40282e+38	0	3.40282e+38	4294967295	4294967295	4294967295	4294967295	4294967295	0	4294967295	
196	3661101	-139.86	24.67	3.76	0.777941	0	0.628337	1	1	7200	0	1	1	1	4294967295	3.40282e+38	0	3.40282e+38	4294967295	4294967295	4294967295	4294967295	4294967295	0	4294967295	
197	3502128	-1.34	27.92	37.39	0.821109	0	-0.570771	1	1	7200	0	1	1	1	4294967295	3.40282e+38	0	3.40282e+38	4294967295	4294967295	4294967295	4294967295	94	0	4294967295	
198	3502134	-239.27	24.71	4.7	0	0	1	1	1	7200	0	1	1	1	4294967295	3.40282e+38	0	3.40282e+38	4294967295	4294967295	4294967295	4294967295	4294967295	0	4294967295	
199	3591103	-9.07	2.8	136.78	-0.0299865	0	-0.99955	1	1	7200	0	1	1	1	4294967295	3.40282e+38	0	3.40282e+38	4294967295	4294967295	4294967295	4294967295	102	0	4294967295	
200	7116109	-5.6	2.81	136.73	0.100499	0	-0.994937	1	1	7200	0	1	1	1	4294967295	3.40282e+38	0	3.40282e+38	4294967295	4294967295	4294967295	4294967295	102	0	4294967295	
201	7116109	-7.9	2.8	140.26	0.100499	0	-0.994937	1	1	7200	0	1	1	1	4294967295	3.40282e+38	0	3.40282e+38	4294967295	4294967295	4294967295	4294967295	102	0	4294967295	
202	3591103	-48.45	2.79	204.98	1	0	0	1	1	7200	0	1	1	1	4294967295	3.40282e+38	0	3.40282e+38	4294967295	4294967295	4294967295	4294967295	131	0	4294967295	
203	3591103	-48.51	2.79	215.49	1	0	0	1	1	7200	0	1	1	1	4294967295	3.40282e+38	0	3.40282e+38	4294967295	4294967295	4294967295	4294967295	131	0	4294967295	
204	3591103	-48.51	2.79	194.39	1	0	0	1	1	7200	0	1	1	1	4294967295	3.40282e+38	0	3.40282e+38	4294967295	4294967295	4294967295	4294967295	131	0	4294967295	
205	7116109	-43.4	2.79	204.84	0.997559	0	0.0698291	1	1	7200	0	1	1	1	4294967295	3.40282e+38	0	3.40282e+38	4294967295	4294967295	4294967295	4294967295	130	0	4294967295	
206	6212142	-9.88	3.81	236.52	-0.867014	0	-0.498284	1	1	7200	3	1	1	1	4294967295	4.2	0	4.13	4294967295	4294967295	4294967295	4294967295	125	0	4294967295	
207	6212142	-14.77	2.79	246.12	-0.867014	0	-0.498284	1	1	7200	3	1	1	1	4294967295	0.68	0	5.47	4294967295	4294967295	4294967295	4294967295	125	0	4294967295	
208	6212142	-44.94	2.79	211.31	0.995974	0	0.0896377	1	1	7200	0	1	1	1	4294967295	3.40282e+38	0	3.40282e+38	4294967295	4294967295	4294967295	4294967295	130	0	4294967295	
209	6212142	-45.11	2.79	199.14	0.995974	0	0.0896377	1	1	7200	0	1	1	1	4294967295	3.40282e+38	0	3.40282e+38	4294967295	4294967295	4294967295	4294967295	130	0	4294967295	
210	3502128	25.54	27.92	11.95	0.681604	0	-0.731722	1	1	7200	0	1	1	1	4294967295	0.14	0	4.54	4294967295	4294967295	4294967295	4294967295	13	0	4294967295	
211	3502128	29.68	27.92	7.94	-0.517419	0	0.855732	1	1	7200	0	1	1	1	4294967295	4	0	0.53	4294967295	4294967295	4294967295	4294967295	13	0	4294967295	
212	3502128	0.68	27.92	23.97	-0.855732	0	0.517419	1	1	7200	0	1	1	1	4294967295	3.40282e+38	0	3.40282e+38	4294967295	4294967295	4294967295	4294967295	10	0	4294967295	
213	3502128	21.63	27.92	2.15	-0.540758	0	-0.841178	1	1	7200	0	1	1	1	4294967295	3.3	0	7.42	4294967295	4294967295	4294967295	4294967295	14	0	4294967295	
214	3502129	25.68	27.92	7.41	0.617382	0	0.786664	1	1	7200	0	1	1	1	4294967295	0	0	0	4294967295	4294967295	4294967295	4294967295	13	1	4294967295	
215	3591103	203.04	9.56	24.14	-0.995974	0	-0.0896377	1	1	7200	2	1	1	1	19	0	0	0	4294967295	4294967295	4294967295	4294967295	65	1	4294967295	
216	3591103	205.72	9.56	29.3	-0.995974	0	-0.0896377	1	1	7200	3	1	1	1	4294967295	2.68	0	5.16	4294967295	4294967295	4294967295	4294967295	65	0	4294967295	
217	3591103	205.87	9.56	18.37	-0.995974	0	-0.0896377	1	1	7200	3	1	1	1	4294967295	2.83	0	5.77	4294967295	4294967295	4294967295	4294967295	65	0	4294967295	
218	7116109	230.28	9.56	11.65	-0.8	0	0.6	1	1	7200	0	1	1	1	4294967295	3.40282e+38	0	3.40282e+38	4294967295	4294967295	4294967295	4294967295	121	0	4294967295	
219	7116109	227.18	9.56	9.38	-0.8	0	0.6	1	1	7200	0	1	1	1	4294967295	3.40282e+38	0	3.40282e+38	4294967295	4294967295	4294967295	4294967295	121	0	4294967295	
220	3661103	134.17	9.69	20.19	-0.328135	0	-0.944631	1	1	7200	0	1	1	1	4294967295	3.40282e+38	0	3.40282e+38	4294967295	4294967295	4294967295	4294967295	4294967295	0	4294967295	
221	3661103	106.84	9.47	33.3	0.786664	0	-0.617382	1	1	7200	0	1	1	1	4294967295	3.40282e+38	0	3.40282e+38	4294967295	4294967295	4294967295	4294967295	4294967295	0	4294967295	
222	3661103	119.04	7.93	65.81	-0.24018	0	-0.970728	1	1	7200	0	1	1	1	4294967295	3.40282e+38	0	3.40282e+38	4294967295	4294967295	4294967295	4294967295	4294967295	0	4294967295	
223	3661103	86.32	7.2	69.35	0.841178	0	-0.540758	1	1	7200	0	1	1	1	4294967295	3.40282e+38	0	3.40282e+38	4294967295	4294967295	4294967295	4294967295	4294967295	0	4294967295	
224	3661103	56.18	5.24	94.86	0.995974	0	-0.0896377	1	1	7200	0	1	1	1	4294967295	3.40282e+38	0	3.40282e+38	4294967295	4294967295	4294967295	4294967295	4294967295	0	4294967295	
225	3661103	46.58	4.31	126.23	0.660628	0	-0.750713	1	1	7200	0	1	1	1	4294967295	3.40282e+38	0	3.40282e+38	4294967295	4294967295	4294967295	4294967295	4294967295	0	4294967295	
226	3661103	14.35	3.14	108.48	0.920691	0	0.390293	1	1	7200	0	1	1	1	4294967295	3.40282e+38	0	3.40282e+38	4294967295	4294967295	4294967295	4294967295	4294967295	0	4294967295	
227	3591103	95.15	6.87	78.38	0.588765	0	-0.808304	1	1	900	2	1	1	1	23	0	0	0	4294967295	4294967295	4294967295	4294967295	73	1	4294967295	
228	3591103	88.77	6.72	78.02	0.588765	0	-0.808304	1	1	900	3	1	1	1	4294967295	6.38	0	0.36	4294967295	4294967295	4294967295	4294967295	73	0	4294967295	
229	3591103	96.68	6.73	84.32	0.588765	0	-0.808304	1	1	900	3	1	1	1	4294967295	1.53	0	5.94	4294967295	4294967295	4294967295	4294967295	73	0	4294967295	
230	7116109	44.4	4.11	114.19	0.907959	0	-0.419058	1	1	7200	2	1	1	1	24	0	0	0	4294967295	4294967295	4294967295	4294967295	124	1	4294967295	
231	3661103	14.53	2.79	152.04	-0.681604	0	0.731722	1	1	7200	0	1	1	1	4294967295	3.40282e+38	0	3.40282e+38	4294967295	4294967295	4294967295	4294967295	78	0	4294967295	
232	3661103	24.57	2.79	164.08	-0.99955	0	0.0299865	1	1	7200	0	1	1	1	4294967295	3.40282e+38	0	3.40282e+38	4294967295	4294967295	4294967295	4294967295	79	0	4294967295	
233	3661103	38.27	2.79	177.8	-0.965904	0	-0.258902	1	1	7200	0	1	1	1	4294967295	3.40282e+38	0	3.40282e+38	4294967295	4294967295	4294967295	4294967295	82	0	4294967295	
234	3591103	3.01	3.83	175.63	-0.100499	0	-0.994937	1	1	7200	0	1	1	1	4294967295	3.40282e+38	0	3.40282e+38	4294967295	4294967295	4294967295	4294967295	103	0	4294967295	
235	3661103	1.21	5.96	196.52	0.258902	0	-0.965904	1	1	7200	0	1	1	1	4294967295	3.40282e+38	0	3.40282e+38	4294967295	4294967295	4294967295	4294967295	104	0	4294967295	
236	3661103	6.59	5.97	200.52	0.848559	0	-0.529101	1	1	7200	0	1	1	1	4294967295	3.40282e+38	0	3.40282e+38	4294967295	4294967295	4294967295	4294967295	107	0	4294967295	
237	3661103	7.53	5.96	207.13	0.975232	0	0.221187	1	1	7200	0	1	1	1	4294967295	3.40282e+38	0	3.40282e+38	4294967295	4294967295	4294967295	4294967295	107	0	4294967295	
238	3661103	3.56	5.96	212.78	0.517419	0	0.855732	1	1	7200	0	1	1	1	4294967295	3.40282e+38	0	3.40282e+38	4294967295	4294967295	4294967295	4294967295	106	0	4294967295	
239	7116109	2.99	2.79	243.5	-0.019996	0	-0.9998	1	1	7200	0	1	1	1	4294967295	3.40282e+38	0	3.40282e+38	4294967295	4294967295	4294967295	4294967295	89	0	4294967295	
240	7116109	6.03	2.79	243.28	-0.019996	0	-0.9998	1	1	7200	0	1	1	1	4294967295	3.40282e+38	0	3.40282e+38	4294967295	4294967295	4294967295	4294967295	89	0	4294967295	
241	7116109	15.94	2.79	153.04	-0.707107	0	0.707107	1	1	7200	0	1	1	1	4294967295	3.40282e+38	0	3.40282e+38	4294967295	4294967295	4294967295	4294967295	78	0	4294967295	
242	7116109	25.63	2.79	165.22	-0.707107	0	0.707107	1	1	7200	0	1	1	1	4294967295	3.40282e+38	0	3.40282e+38	4294967295	4294967295	4294967295	4294967295	79	0	4294967295	
243	7116109	38.1	2.79	175.72	-0.99955	0	-0.0299865	1	1	7200	0	1	1	1	4294967295	3.40282e+38	0	3.40282e+38	4294967295	4294967295	4294967295	4294967295	82	0	4294967295	
244	3591103	4.76	2.79	245.16	-0.140021	0	-0.990149	1	1	7200	0	1	1	1	4294967295	3.40282e+38	0	3.40282e+38	4294967295	4294967295	4294967295	4294967295	89	0	4294967295	
245	7116109	12.63	2.79	239.68	0.855732	0	-0.517419	1	1	7200	2	1	1	1	26	0	0	0	4294967295	4294967295	4294967295	4294967295	126	1	4294967295	
246	3661103	88.2	5.99	102.34	0.170917	0	-0.985286	1	1	7200	0	1	1	1	4294967295	3.40282e+38	0	3.40282e+38	4294967295	4294967295	4294967295	4294967295	4294967295	0	4294967295	
247	3661103	111.62	9.55	2.42	0.588765	0	0.808304	1	1	7200	0	1	1	1	4294967295	3.40282e+38	0	3.40282e+38	4294967295	4294967295	4294967295	4294967295	4294967295	0	4294967295	
248	3661103	162.69	9.56	3.02	-0.628337	0	0.777941	1	1	7200	0	1	1	1	4294967295	3.40282e+38	0	3.40282e+38	4294967295	4294967295	4294967295	4294967295	4294967295	0	4294967295	
249	7116109	174.81	9.56	29.02	0.929164	0	0.369667	1	1	7200	2	1	1	1	18	0	0	0	4294967295	4294967295	4294967295	4294967295	122	1	4294967295	
250	3502128	2.36	27.92	34.14	-0.559301	0	-0.828964	1	1	7200	0	1	1	1	4294967295	3.40282e+38	0	3.40282e+38	4294967295	4294967295	4294967295	4294967295	94	0	4294967295	
251	3502128	3.84	27.92	30.38	-0.867014	0	0.498284	1	1	7200	0	1	1	1	4294967295	3.40282e+38	0	3.40282e+38	4294967295	4294967295	4294967295	4294967295	94	0	4294967295	
252	3591103	7.66	2.83	136.82	-0.0299865	0	-0.99955	1	1	7200	0	1	1	1	4294967295	3.40282e+38	0	3.40282e+38	4294967295	4294967295	4294967295	4294967295	101	0	4294967295	
253	7116109	4.77	2.83	136.74	0.0698291	0	-0.997559	1	1	7200	0	1	1	1	4294967295	3.40282e+38	0	3.40282e+38	4294967295	4294967295	4294967295	4294967295	101	0	4294967295	
254	7116109	6.49	2.82	139.91	0.0698291	0	-0.997559	1	1	7200	0	1	1	1	4294967295	3.40282e+38	0	3.40282e+38	4294967295	4294967295	4294967295	4294967295	101	0	4294967295	
255	3591103	45.97	2.79	205.09	-0.997559	0	0.0698291	1	1	7200	0	1	1	1	4294967295	3.40282e+38	0	3.40282e+38	4294967295	4294967295	4294967295	4294967295	128	0	4294967295	
256	3591103	46.31	2.79	194.49	-0.997559	0	0.0698291	1	1	7200	0	1	1	1	4294967295	3.40282e+38	0	3.40282e+38	4294967295	4294967295	4294967295	4294967295	128	0	4294967295	
257	3591103	46.72	2.79	216.04	-0.997559	0	0.0698291	1	1	7200	0	1	1	1	4294967295	3.40282e+38	0	3.40282e+38	4294967295	4294967295	4294967295	4294967295	128	0	4294967295	
258	7116109	41.65	2.79	205.08	-0.987191	0	-0.159546	1	1	7200	0	1	1	1	4294967295	3.40282e+38	0	3.40282e+38	4294967295	4294967295	4294967295	4294967295	129	0	4294967295	
259	6212142	227.29	9.56	12.38	-0.559301	0	0.828964	1	1	7200	0	1	1	1	4294967295	3.40282e+38	0	3.40282e+38	4294967295	4294967295	4294967295	4294967295	121	0	4294967295	
260	6212142	174.46	9.56	25.68	0.855732	0	0.517419	1	1	7200	3	1	1	1	4294967295	0.35	0	3.35	4294967295	4294967295	4294967295	4294967295	122	0	4294967295	
261	6212142	171.26	9.56	30.68	0.892413	0	0.45122	1	1	7200	3	1	1	1	4294967295	3.55	0	1.66	4294967295	4294967295	4294967295	4294967295	122	0	4294967295	
262	6212142	42.05	3.91	121.03	0.898384	0	-0.43921	1	1	7200	3	1	1	1	4294967295	2.35	0	6.84	4294967295	4294967295	4294967295	4294967295	124	0	4294967295	
263	6212142	37.34	3.89	110.59	0.898384	0	-0.43921	1	1	7200	3	1	1	1	4294967295	7.06	0	3.6	4294967295	4294967295	4294967295	4294967295	124	0	4294967295	
264	6212142	13.09	2.79	245.71	0.741298	0	-0.671176	1	1	7200	3	1	1	1	4294967295	0.45	0	6.03	4294967295	4294967295	4294967295	4294967295	126	0	4294967295	
265	6212142	8.2	3.81	236.36	0.741298	0	-0.671176	1	1	7200	3	1	1	1	4294967295	4.43	0	3.32	4294967295	4294967295	4294967295	4294967295	126	0	4294967295	
266	6212142	43.91	2.79	199.25	-0.994937	0	-0.100499	1	1	7200	0	1	1	1	4294967295	3.40282e+38	0	3.40282e+38	4294967295	4294967295	4294967295	4294967295	129	0	4294967295	
267	6212142	43.93	2.79	210.45	-0.994937	0	-0.100499	1	1	7200	0	1	1	1	4294967295	3.40282e+38	0	3.40282e+38	4294967295	4294967295	4294967295	4294967295	129	0	4294967295	
