1	4712114	-59.72	37.6	-398.59	0	0	1	1	1	300	2	1	1	1	29	3.40282e+38	0	3.40282e+38	4294967295	4294967295	4294967295	4294967295	4294967295	0	4294967295	
2	6412117	-55.56	35.45	-378.23	0	0	1	1	1	300	1	5	3	1	4294967295	3.40282e+38	0	3.40282e+38	4294967295	4294967295	4294967295	4294967295	4294967295	0	4294967295	
3	6612126	-44.76	32.84	-368.93	0	0	1	1	1	300	2	5	4	1	31	3.40282e+38	0	3.40282e+38	4294967295	4294967295	4294967295	4294967295	4294967295	0	4294967295	
4	6612126	-7.23	36.86	-377.07	0	0	1	1	1	300	2	1	1	1	26	3.40282e+38	0	3.40282e+38	4294967295	4294967295	4294967295	4294967295	4294967295	0	4294967295	
5	5611202	-17.65	42.79	-435.14	0	0	1	1	1	300	1	4	2	1	4294967295	3.40282e+38	0	3.40282e+38	4294967295	4294967295	4294967295	4294967295	4294967295	0	4294967295	
6	6412117	-57.51	37.3	-412.04	0	0	1	1	1	300	1	5	3	1	4294967295	3.40282e+38	0	3.40282e+38	4294967295	4294967295	4294967295	4294967295	4294967295	0	4294967295	
7	6612126	-43.69	37.08	-411.87	0	0	1	1	1	300	1	6	4	1	4294967295	3.40282e+38	0	3.40282e+38	4294967295	4294967295	4294967295	4294967295	4294967295	0	4294967295	
8	6412117	-29.79	41.66	-424.47	0	0	1	1	1	300	1	5	3	1	4294967295	3.40282e+38	0	3.40282e+38	4294967295	4294967295	4294967295	4294967295	4294967295	0	4294967295	
9	6612126	-6.42	42.25	-421.93	0	0	1	1	1	300	1	6	4	1	4294967295	3.40282e+38	0	3.40282e+38	4294967295	4294967295	4294967295	4294967295	4294967295	0	4294967295	
10	6412117	-8.28	37.16	-365.8	0	0	1	1	1	300	1	4	3	1	4294967295	3.40282e+38	0	3.40282e+38	4294967295	4294967295	4294967295	4294967295	4294967295	0	4294967295	
11	6412117	-0.19	42.88	-434.53	0	0	1	1	1	300	1	6	4	1	4294967295	3.40282e+38	0	3.40282e+38	4294967295	4294967295	4294967295	4294967295	4294967295	0	4294967295	
12	4712114	-20.86	36.93	-397.31	0	0	1	1	1	300	3	1	1	1	4294967295	4.79	0	2.53	4294967295	4294967295	4294967295	4294967295	2	0	4294967295	
13	4712114	-25.64	36.86	-394.79	0	0	1	1	1	300	2	1	1	1	32	0	0	0	4294967295	4294967295	4294967295	4294967295	2	1	4294967295	
14	4712114	-21.29	31.02	-362.33	0	0	1	1	1	300	1	10	8	1	4294967295	3.40282e+38	0	3.40282e+38	4294967295	4294967295	4294967295	4294967295	4294967295	0	4294967295	
15	6412117	-20.01	41.59	-417.92	0	0	1	1	1	300	2	1	1	1	28	3.40282e+38	0	3.40282e+38	4294967295	4294967295	4294967295	4294967295	4294967295	0	4294967295	
16	6612126	-45	34.57	-378.98	0	0	1	1	1	300	1	4	2	1	4294967295	3.40282e+38	0	3.40282e+38	4294967295	4294967295	4294967295	4294967295	4294967295	0	4294967295	
17	4261120	-4.32	20.23	-311.38	-0.875578	0	-0.483077	1	1	300	2	1	1	1	33	3.40282e+38	0	3.40282e+38	4294967295	4294967295	4294967295	4294967295	4294967295	0	4294967295	
18	1815116	-180.75	100.27	-260.04	0	0	1	5	1	300	1	7	5	1	4294967295	3.40282e+38	0	3.40282e+38	4294967295	4294967295	4294967295	4294967295	4294967295	0	4294967295	
19	1754124	-36.44	36.45	-391.87	0	0	1	1	1	300	0	1	1	1	4294967295	3.40282e+38	0	3.40282e+38	4294967295	4294967295	4294967295	4294967295	4294967295	0	4294967295	
20	1759107	-168.11	100.34	-258.15	0	0	1	1	1	500	0	1	1	1	4294967295	3.40282e+38	0	3.40282e+38	4294967295	4294967295	4294967295	4294967295	4294967295	0	4294967295	
21	3501138	123.88	10	-441.54	0	0	1	1	1	300	1	4	2	1	4294967295	3.40282e+38	0	3.40282e+38	4294967295	4294967295	4294967295	4294967295	4294967295	0	4294967295	
22	3501138	138.35	10.32	-463.24	0	0	1	1	1	300	1	4	2	1	4294967295	3.40282e+38	0	3.40282e+38	4294967295	4294967295	4294967295	4294967295	4294967295	0	4294967295	
23	7211123	130.42	9.72	-431.82	0	0	1	1	1	300	1	5	3	1	4294967295	3.40282e+38	0	3.40282e+38	4294967295	4294967295	4294967295	4294967295	4294967295	0	4294967295	
24	7211123	128.83	10	-454.51	0	0	1	1	1	300	1	5	3	1	4294967295	3.40282e+38	0	3.40282e+38	4294967295	4294967295	4294967295	4294967295	4294967295	0	4294967295	
25	3501138	131.49	20.63	-353.27	0	0	1	1	1	300	1	4	2	1	4294967295	3.40282e+38	0	3.40282e+38	4294967295	4294967295	4294967295	4294967295	4294967295	0	4294967295	
26	3501138	126.47	16.45	-370.95	0	0	1	1	1	300	1	5	3	1	4294967295	3.40282e+38	0	3.40282e+38	4294967295	4294967295	4294967295	4294967295	4294967295	0	4294967295	
27	4712114	16.11	40.86	-414.78	0	0	1	1	1	300	2	1	1	1	30	3.40282e+38	0	3.40282e+38	4294967295	4294967295	4294967295	4294967295	4294967295	0	4294967295	
28	4261120	53.51	7.82	-278.52	-0.892413	0	-0.45122	1	1	300	2	1	1	1	34	3.40282e+38	0	3.40282e+38	4294967295	4294967295	4294967295	4294967295	4294967295	0	4294967295	
29	6613208	79.26	7.99	-292.46	0	0	1	1	1	300	1	5	3	1	4294967295	3.40282e+38	0	3.40282e+38	4294967295	4294967295	4294967295	4294967295	4294967295	0	4294967295	
30	4813301	183.99	16.04	-472.42	0	0	1	1	1	300	1	4	2	1	4294967295	3.40282e+38	0	3.40282e+38	4294967295	4294967295	4294967295	4294967295	4294967295	0	4294967295	
31	4813301	228.33	24.74	-443.8	0	0	1	1	1	300	1	4	2	1	4294967295	3.40282e+38	0	3.40282e+38	4294967295	4294967295	4294967295	4294967295	4294967295	0	4294967295	
32	7211123	140.64	9.83	-440.94	0	0	1	1	1	300	1	5	3	1	4294967295	3.40282e+38	0	3.40282e+38	4294967295	4294967295	4294967295	4294967295	4294967295	0	4294967295	
33	7211123	143.81	10.93	-454.31	0	0	1	1	1	300	1	5	3	1	4294967295	3.40282e+38	0	3.40282e+38	4294967295	4294967295	4294967295	4294967295	4294967295	0	4294967295	
34	7211123	110.54	11.05	-424.59	0	0	1	1	1	300	1	5	3	1	4294967295	3.40282e+38	0	3.40282e+38	4294967295	4294967295	4294967295	4294967295	4294967295	0	4294967295	
35	7211123	109.44	12.33	-411.91	0	0	1	1	1	300	1	5	3	1	4294967295	3.40282e+38	0	3.40282e+38	4294967295	4294967295	4294967295	4294967295	4294967295	0	4294967295	
36	7211123	144.75	20.13	-357.52	0	0	1	1	1	300	1	3	2	1	4294967295	3.40282e+38	0	3.40282e+38	4294967295	4294967295	4294967295	4294967295	4294967295	0	4294967295	
37	7211123	144.95	19.54	-375.05	0	0	1	1	1	300	1	4	3	1	4294967295	3.40282e+38	0	3.40282e+38	4294967295	4294967295	4294967295	4294967295	4294967295	0	4294967295	
38	6212207	237.68	25.25	-422.04	0	0	1	1	1	300	2	1	1	1	22	3.40282e+38	0	3.40282e+38	4294967295	4294967295	4294967295	4294967295	4294967295	0	4294967295	
39	6212207	209.71	21.06	-466.36	0	0	1	1	1	300	2	1	1	1	23	3.40282e+38	0	3.40282e+38	4294967295	4294967295	4294967295	4294967295	4294967295	0	4294967295	
40	4813301	236.34	24.51	-454.3	0	0	1	1	1	300	1	3	2	1	4294967295	3.40282e+38	0	3.40282e+38	4294967295	4294967295	4294967295	4294967295	4294967295	0	4294967295	
41	6212207	114.43	9.99	-464.87	0	0	1	1	1	300	2	1	1	1	24	3.40282e+38	0	3.40282e+38	4294967295	4294967295	4294967295	4294967295	4294967295	0	4294967295	
42	3501138	134.53	19.61	-363.22	0	0	1	1	1	300	1	3	1	1	4294967295	3.40282e+38	0	3.40282e+38	4294967295	4294967295	4294967295	4294967295	4294967295	0	4294967295	
43	4813301	116.56	13.77	-388.86	0	0	1	1	1	300	1	3	2	1	4294967295	3.40282e+38	0	3.40282e+38	4294967295	4294967295	4294967295	4294967295	4294967295	0	4294967295	
44	6212207	125.57	21.82	-339.57	0	0	1	1	1	300	2	1	1	1	25	3.40282e+38	0	3.40282e+38	4294967295	4294967295	4294967295	4294967295	4294967295	0	4294967295	
45	6612126	52.38	36.82	-373.17	0	0	1	3	1	300	1	5	3	1	4294967295	3.40282e+38	0	3.40282e+38	4294967295	4294967295	4294967295	4294967295	4294967295	0	4294967295	
46	6612126	41.84	36.83	-382.22	0	0	1	1	1	300	1	6	3	1	4294967295	3.40282e+38	0	3.40282e+38	4294967295	4294967295	4294967295	4294967295	4294967295	0	4294967295	
47	4712114	63.19	35.23	-362.78	0	0	1	1	1	300	1	5	3	1	4294967295	3.40282e+38	0	3.40282e+38	4294967295	4294967295	4294967295	4294967295	4294967295	0	4294967295	
48	6612126	16.87	37.32	-387.81	0	0	1	1	1	300	1	5	3	1	4294967295	3.40282e+38	0	3.40282e+38	4294967295	4294967295	4294967295	4294967295	4294967295	0	4294967295	
49	6412117	4.47	37	-378.89	0	0	1	1	1	300	1	4	2	1	4294967295	3.40282e+38	0	3.40282e+38	4294967295	4294967295	4294967295	4294967295	4294967295	0	4294967295	
50	4712114	2.52	36.63	-389.16	0	0	1	1	1	300	2	1	1	1	27	3.40282e+38	0	3.40282e+38	4294967295	4294967295	4294967295	4294967295	4294967295	0	4294967295	
51	6412117	11.78	42.19	-425.37	0	0	1	1	1	300	1	6	4	1	4294967295	3.40282e+38	0	3.40282e+38	4294967295	4294967295	4294967295	4294967295	4294967295	0	4294967295	
52	6613208	1.33	22.46	-322.98	0	0	1	1	1	300	1	4	3	1	4294967295	3.40282e+38	0	3.40282e+38	4294967295	4294967295	4294967295	4294967295	4294967295	0	4294967295	
53	6613208	7.68	18.88	-307.97	0	0	1	1	1	300	1	4	3	1	4294967295	3.40282e+38	0	3.40282e+38	4294967295	4294967295	4294967295	4294967295	4294967295	0	4294967295	
54	6613208	18.34	18.27	-308.1	0	0	1	1	1	300	1	4	2	1	4294967295	3.40282e+38	0	3.40282e+38	4294967295	4294967295	4294967295	4294967295	4294967295	0	4294967295	
55	6613208	55.63	8.03	-295.51	0	0	1	1	1	300	1	5	3	1	4294967295	3.40282e+38	0	3.40282e+38	4294967295	4294967295	4294967295	4294967295	4294967295	0	4294967295	
56	6613208	67.49	8.21	-275.88	0	0	1	1	1	300	1	4	2	1	4294967295	3.40282e+38	0	3.40282e+38	4294967295	4294967295	4294967295	4294967295	4294967295	0	4294967295	
57	6611503	12.22	19.17	-313.07	0	0	1	1	1	300	1	3	2	1	4294967295	3.40282e+38	0	3.40282e+38	4294967295	4294967295	4294967295	4294967295	4294967295	0	4294967295	
58	6611503	61.11	8.11	-284.84	0	0	1	1	1	300	1	5	3	1	4294967295	3.40282e+38	0	3.40282e+38	4294967295	4294967295	4294967295	4294967295	4294967295	0	4294967295	
59	6611503	68.04	8.15	-294.08	0	0	1	1	1	300	1	5	3	1	4294967295	3.40282e+38	0	3.40282e+38	4294967295	4294967295	4294967295	4294967295	4294967295	0	4294967295	
60	4261120	12.5	16.03	-292.59	0	0	1	1	1	300	1	7	5	1	4294967295	3.40282e+38	0	3.40282e+38	4294967295	4294967295	4294967295	4294967295	4294967295	0	4294967295	
61	4261120	97.56	10.01	-285.64	0	0	1	1	1	300	1	6	4	1	4294967295	3.40282e+38	0	3.40282e+38	4294967295	4294967295	4294967295	4294967295	4294967295	0	4294967295	
62	4611220	28.07	14.29	-301.1	0.808304	0	0.588765	1	1	300	2	1	1	1	35	0	0	0	4294967295	4294967295	4294967295	4294967295	5	1	4294967295	
63	6613208	24.57	16.62	-302.32	0.898384	0	0.43921	1	1	300	3	1	1	1	4294967295	3.5	0	1.22	4294967295	4294967295	4294967295	4294967295	5	0	4294967295	
64	6611501	237.39	25.33	-400.1	0	0	1	1	1	300	1	2	1	1	4294967295	3.40282e+38	0	3.40282e+38	4294967295	4294967295	4294967295	4294967295	4294967295	0	4294967295	
65	6611501	245.97	25.12	-417.41	0	0	1	1	1	300	2	1	1	1	21	3.40282e+38	0	3.40282e+38	4294967295	4294967295	4294967295	4294967295	4294967295	0	4294967295	
66	6611501	253.4	26.46	-432.3	0	0	1	1	1	300	1	3	2	1	4294967295	3.40282e+38	0	3.40282e+38	4294967295	4294967295	4294967295	4294967295	4294967295	0	4294967295	
67	6611501	216.12	21.58	-469.87	0	0	1	1	1	300	1	2	1	1	4294967295	3.40282e+38	0	3.40282e+38	4294967295	4294967295	4294967295	4294967295	4294967295	0	4294967295	
68	6611501	205.08	19.83	-475.01	0	0	1	1	1	300	1	2	1	1	4294967295	3.40282e+38	0	3.40282e+38	4294967295	4294967295	4294967295	4294967295	4294967295	0	4294967295	
69	6611501	121.26	9.99	-474.6	0	0	1	1	1	300	1	3	2	1	4294967295	3.40282e+38	0	3.40282e+38	4294967295	4294967295	4294967295	4294967295	4294967295	0	4294967295	
70	6611501	130.07	10.04	-475.06	0	0	1	1	1	300	1	2	1	1	4294967295	3.40282e+38	0	3.40282e+38	4294967295	4294967295	4294967295	4294967295	4294967295	0	4294967295	
71	6611501	110.1	9.94	-445.79	0	0	1	1	1	300	1	3	2	1	4294967295	3.40282e+38	0	3.40282e+38	4294967295	4294967295	4294967295	4294967295	4294967295	0	4294967295	
72	6611501	136.67	20.7	-341.98	0	0	1	1	1	300	1	2	1	1	4294967295	3.40282e+38	0	3.40282e+38	4294967295	4294967295	4294967295	4294967295	4294967295	0	4294967295	
73	4813303	7.57	20.71	-318.01	0	0	1	1	1	300	1	3	2	1	4294967295	3.40282e+38	0	3.40282e+38	4294967295	4294967295	4294967295	4294967295	4294967295	0	4294967295	
74	4813303	75.4	8.19	-281.53	0	0	1	1	1	300	1	4	3	1	4294967295	3.40282e+38	0	3.40282e+38	4294967295	4294967295	4294967295	4294967295	4294967295	0	4294967295	
75	6611503	66.6	4.44	-262.36	0	0	1	1	1	300	3	1	1	1	4294967295	0.83	0	12.72	4294967295	4294967295	4294967295	4294967295	4	0	4294967295	
76	6613208	66.61	4.63	-256.26	0	0	1	1	1	300	3	1	1	1	4294967295	0.82	0	6.62	4294967295	4294967295	4294967295	4294967295	4	0	4294967295	
77	1751234	231.37	25.34	-404.62	0	0	1	1	1	300	0	1	1	1	4294967295	3.40282e+38	0	3.40282e+38	4294967295	4294967295	4294967295	4294967295	4294967295	0	4294967295	
78	1760226	129.06	10	-478.28	-0.483077	0	0.875578	1	1	300	0	1	1	1	4294967295	3.40282e+38	0	3.40282e+38	4294967295	4294967295	4294967295	4294967295	4294967295	0	4294967295	
79	1760226	108.21	9.94	-441.16	0	0	1	1	1	300	0	1	1	1	4294967295	3.40282e+38	0	3.40282e+38	4294967295	4294967295	4294967295	4294967295	4294967295	0	4294967295	
80	1754123	136.66	20.24	-357.71	0	0	1	1	1	300	0	1	1	1	4294967295	3.40282e+38	0	3.40282e+38	4294967295	4294967295	4294967295	4294967295	4294967295	0	4294967295	
81	1755201	13.03	43.23	-434.73	0	0	1	1	1	300	0	1	1	1	4294967295	3.40282e+38	0	3.40282e+38	4294967295	4294967295	4294967295	4294967295	4294967295	0	4294967295	
82	4813301	346.79	20	-366.74	0	0	1	1	1	300	1	3	2	1	4294967295	3.40282e+38	0	3.40282e+38	4294967295	4294967295	4294967295	4294967295	4294967295	0	4294967295	
83	6212207	363.7	20	-389.68	0.419058	0	-0.907959	1	1	300	2	1	1	1	19	3.40282e+38	0	3.40282e+38	4294967295	4294967295	4294967295	4294967295	4294967295	0	4294967295	
84	6212207	329.99	20.16	-360.64	0.120331	0	-0.992734	1	1	300	2	1	1	1	20	3.40282e+38	0	3.40282e+38	4294967295	4294967295	4294967295	4294967295	4294967295	0	4294967295	
85	4813301	336.69	20.85	-398.99	0	0	1	1	1	300	1	3	2	1	4294967295	3.40282e+38	0	3.40282e+38	4294967295	4294967295	4294967295	4294967295	4294967295	0	4294967295	
86	4813301	286.04	24.72	-358.97	0	0	1	1	1	300	1	5	3	1	4294967295	3.40282e+38	0	3.40282e+38	4294967295	4294967295	4294967295	4294967295	4294967295	0	4294967295	
87	4813301	263.75	25.23	-389.95	0	0	1	1	1	300	1	3	2	1	4294967295	3.40282e+38	0	3.40282e+38	4294967295	4294967295	4294967295	4294967295	4294967295	0	4294967295	
88	2612150	295.71	57.35	-260.54	0	0	1	1	1	300	1	5	3	1	4294967295	3.40282e+38	0	3.40282e+38	4294967295	4294967295	4294967295	4294967295	4294967295	0	4294967295	
89	6611501	375.26	20.19	-386.36	0	0	1	1	1	300	1	3	2	1	4294967295	3.40282e+38	0	3.40282e+38	4294967295	4294967295	4294967295	4294967295	4294967295	0	4294967295	
90	6611501	360.64	19.99	-379.07	0	0	1	1	1	300	1	3	2	1	4294967295	3.40282e+38	0	3.40282e+38	4294967295	4294967295	4294967295	4294967295	4294967295	0	4294967295	
91	6611501	320.37	21.21	-352.27	0	0	1	1	1	300	1	3	2	1	4294967295	3.40282e+38	0	3.40282e+38	4294967295	4294967295	4294967295	4294967295	4294967295	0	4294967295	
92	6611501	309.59	22.5	-355.27	0	0	1	1	1	300	1	2	1	1	4294967295	3.40282e+38	0	3.40282e+38	4294967295	4294967295	4294967295	4294967295	4294967295	0	4294967295	
93	4261120	-29.11	37.72	-200.39	0.777941	0	-0.628337	1	1	300	2	1	1	1	40	3.40282e+38	0	3.40282e+38	4294967295	4294967295	4294967295	4294967295	4294967295	0	4294967295	
94	4261120	-23.89	38.91	-238.96	0.777941	0	-0.628337	1	1	300	2	1	1	1	39	3.40282e+38	0	3.40282e+38	4294967295	4294967295	4294967295	4294967295	4294967295	0	4294967295	
95	4611220	-4.43	38.03	-211.51	0	0	1	1	1	300	1	4	2	1	4294967295	3.40282e+38	0	3.40282e+38	4294967295	4294967295	4294967295	4294967295	4294967295	0	4294967295	
96	4612120	-185.97	101.58	-222.74	0.848559	0	-0.529101	1	1	300	0	1	1	1	4294967295	3.40282e+38	0	3.40282e+38	4294967295	4294967295	4294967295	4294967295	4294967295	0	4294967295	
97	4612120	-190.2	101.2	-241.95	0.929164	0	0.369667	1	1	300	0	1	1	1	4294967295	3.40282e+38	0	3.40282e+38	4294967295	4294967295	4294967295	4294967295	4294967295	0	4294967295	
98	4264102	-134.55	40.26	-34.07	-0.0896377	0	0.995974	1	1	360	1	5	3	1	4294967295	3.40282e+38	0	3.40282e+38	4294967295	4294967295	4294967295	4294967295	4294967295	0	4294967295	
99	5612401	-172.85	100.17	-243.22	0	0	1	1	1	300	2	1	1	1	65	3.40282e+38	0	3.40282e+38	4294967295	4294967295	4294967295	4294967295	4294967295	0	4294967295	
100	5612401	-163.77	100.05	-223.94	0	0	1	1	1	300	2	1	1	1	64	3.40282e+38	0	3.40282e+38	4294967295	4294967295	4294967295	4294967295	4294967295	0	4294967295	
101	6611503	-21.58	38.75	-221.93	0	0	1	3	1	300	1	9	7	1	4294967295	3.40282e+38	0	3.40282e+38	4294967295	4294967295	4294967295	4294967295	4294967295	0	4294967295	
102	6613208	-36.88	41.05	-233.73	0	0	1	3	1	300	1	7	5	1	4294967295	3.40282e+38	0	3.40282e+38	4294967295	4294967295	4294967295	4294967295	4294967295	0	4294967295	
103	6613208	-15.76	38.21	-205.04	0	0	1	3	1	300	1	7	5	1	4294967295	3.40282e+38	0	3.40282e+38	4294967295	4294967295	4294967295	4294967295	4294967295	0	4294967295	
104	6613208	-11.15	38.23	-231.35	0	0	1	3	1	300	1	8	6	1	4294967295	3.40282e+38	0	3.40282e+38	4294967295	4294967295	4294967295	4294967295	4294967295	0	4294967295	
105	1815116	-153.5	98.21	-212.46	0	0	1	5	1	300	1	8	6	1	4294967295	3.40282e+38	0	3.40282e+38	4294967295	4294967295	4294967295	4294967295	4294967295	0	4294967295	
106	7114361	-173.8	100.2	-213.43	0	0	1	5	1	300	1	6	3	1	4294967295	3.40282e+38	0	3.40282e+38	4294967295	4294967295	4294967295	4294967295	4294967295	0	4294967295	
107	7114361	-167.64	100.26	-254.69	0	0	1	1	1	300	1	2	1	1	4294967295	3.40282e+38	0	3.40282e+38	4294967295	4294967295	4294967295	4294967295	4294967295	0	4294967295	
108	7114361	-164.16	99.39	-234.64	0	0	1	1	1	300	1	3	2	1	4294967295	3.40282e+38	0	3.40282e+38	4294967295	4294967295	4294967295	4294967295	4294967295	0	4294967295	
109	1815116	-149.88	94.44	-165	0	0	1	1	1	300	2	1	1	1	62	3.40282e+38	0	3.40282e+38	4294967295	4294967295	4294967295	4294967295	4294967295	0	4294967295	
110	1815116	-150.7	96.04	-181.66	0	0	1	1	1	300	2	1	1	1	63	3.40282e+38	0	3.40282e+38	4294967295	4294967295	4294967295	4294967295	4294967295	0	4294967295	
111	7114361	-151.52	97.33	-197.8	0	0	1	1	1	300	1	4	2	1	4294967295	3.40282e+38	0	3.40282e+38	4294967295	4294967295	4294967295	4294967295	4294967295	0	4294967295	
112	1815116	-151.69	99.57	-244.97	0	0	1	5	1	300	1	8	6	1	4294967295	3.40282e+38	0	3.40282e+38	4294967295	4294967295	4294967295	4294967295	4294967295	0	4294967295	
113	7114361	-141.24	97.94	-227.34	0	0	1	1	1	300	1	2	1	1	4294967295	3.40282e+38	0	3.40282e+38	4294967295	4294967295	4294967295	4294967295	4294967295	0	4294967295	
114	6415132	-37.83	33.18	-140.5	0	0	1	1	1	300	1	2	1	1	4294967295	3.40282e+38	0	3.40282e+38	4294967295	4294967295	4294967295	4294967295	4294967295	0	4294967295	
115	6415132	-43.95	31.63	-71.52	0	0	1	1	1	300	1	2	1	1	4294967295	3.40282e+38	0	3.40282e+38	4294967295	4294967295	4294967295	4294967295	4294967295	0	4294967295	
116	6415132	-32.56	30.92	-47.75	0	0	1	1	1	300	1	2	1	1	4294967295	3.40282e+38	0	3.40282e+38	4294967295	4294967295	4294967295	4294967295	4294967295	0	4294967295	
117	6412135	-3.73	31.5	-105.54	0	0	1	3	1	300	1	6	3	1	4294967295	3.40282e+38	0	3.40282e+38	4294967295	4294967295	4294967295	4294967295	4294967295	0	4294967295	
118	6412135	-37.38	31.48	-109.56	0	0	1	3	1	300	1	5	3	1	4294967295	3.40282e+38	0	3.40282e+38	4294967295	4294967295	4294967295	4294967295	4294967295	0	4294967295	
119	6412135	-29.78	31.77	-88.4	0	0	1	3	1	300	1	5	3	1	4294967295	3.40282e+38	0	3.40282e+38	4294967295	4294967295	4294967295	4294967295	4294967295	0	4294967295	
120	6412135	-15.36	31.77	-91.42	0	0	1	1	1	300	1	6	3	1	4294967295	3.40282e+38	0	3.40282e+38	4294967295	4294967295	4294967295	4294967295	4294967295	0	4294967295	
121	6412135	-25.55	31.37	-65.86	0	0	1	3	1	300	1	6	3	1	4294967295	3.40282e+38	0	3.40282e+38	4294967295	4294967295	4294967295	4294967295	4294967295	0	4294967295	
122	6412135	-18.77	29.51	-41.82	0	0	1	3	1	300	1	6	3	1	4294967295	3.40282e+38	0	3.40282e+38	4294967295	4294967295	4294967295	4294967295	4294967295	0	4294967295	
123	6412135	-5.21	29.02	-37.57	0	0	1	5	1	300	1	6	3	1	4294967295	3.40282e+38	0	3.40282e+38	4294967295	4294967295	4294967295	4294967295	4294967295	0	4294967295	
124	6412135	-36.71	32.2	-126.01	0	0	1	3	1	300	1	6	4	1	4294967295	3.40282e+38	0	3.40282e+38	4294967295	4294967295	4294967295	4294967295	4294967295	0	4294967295	
125	6415132	-3.45	30.93	-117.93	0	0	1	1	1	300	1	2	1	1	4294967295	3.40282e+38	0	3.40282e+38	4294967295	4294967295	4294967295	4294967295	4294967295	0	4294967295	
126	7114231	-162.36	40.72	-19.53	0	0	1	1	1	300	1	2	1	1	4294967295	3.40282e+38	0	3.40282e+38	4294967295	4294967295	4294967295	4294967295	4294967295	0	4294967295	
127	7114231	-143.63	40.08	-33.71	0	0	1	1	1	300	1	2	1	1	4294967295	3.40282e+38	0	3.40282e+38	4294967295	4294967295	4294967295	4294967295	4294967295	0	4294967295	
128	7114231	-125.44	39.92	-29.62	0	0	1	1	1	300	1	2	1	1	4294967295	3.40282e+38	0	3.40282e+38	4294967295	4294967295	4294967295	4294967295	4294967295	0	4294967295	
129	6211210	-116.8	38.78	-23.51	0	0	1	1	1	300	1	5	3	1	4294967295	3.40282e+38	0	3.40282e+38	4294967295	4294967295	4294967295	4294967295	4294967295	0	4294967295	
130	6211210	-148.56	40	-10.31	0	0	1	1	1	300	1	5	3	1	4294967295	3.40282e+38	0	3.40282e+38	4294967295	4294967295	4294967295	4294967295	4294967295	0	4294967295	
131	7114231	-119.37	39.49	-10.13	-0.987191	0	-0.159546	1	1	300	2	1	1	1	66	0	0	0	4294967295	4294967295	4294967295	4294967295	11	1	4294967295	
132	6211210	-97.38	32.4	-4.02	0	0	1	1	1	300	1	6	4	1	4294967295	3.40282e+38	0	3.40282e+38	4294967295	4294967295	4294967295	4294967295	4294967295	0	4294967295	
133	6211210	-115.96	39.28	-9.84	0	0	1	1	1	300	3	1	1	1	4294967295	3.41	0	0.29	4294967295	4294967295	4294967295	4294967295	11	0	4294967295	
134	7772107	-151.27	40.06	-25.64	0	0	1	1	1	300	1	7	5	1	4294967295	3.40282e+38	0	3.40282e+38	4294967295	4294967295	4294967295	4294967295	4294967295	0	4294967295	
135	7772107	-104.36	35.72	-12.97	0	0	1	1	1	300	2	1	1	1	68	3.40282e+38	0	3.40282e+38	4294967295	4294967295	4294967295	4294967295	4294967295	0	4294967295	
136	4654102	-166.69	40.75	-9.45	0	0	1	1	1	360	1	5	3	1	4294967295	3.40282e+38	0	3.40282e+38	4294967295	4294967295	4294967295	4294967295	4294967295	0	4294967295	
137	6211210	-136.69	40	-12.96	0	0	1	3	1	300	1	5	3	1	4294967295	3.40282e+38	0	3.40282e+38	4294967295	4294967295	4294967295	4294967295	4294967295	0	4294967295	
138	7251125	-41.64	31.76	-92.87	0	0	1	1	1	300	1	2	1	1	4294967295	3.40282e+38	0	3.40282e+38	4294967295	4294967295	4294967295	4294967295	4294967295	0	4294967295	
139	7251125	-39.97	33.49	-145.66	0	0	1	1	1	300	0	1	1	1	4294967295	3.40282e+38	0	3.40282e+38	4294967295	4294967295	4294967295	4294967295	4294967295	0	4294967295	
140	7251125	-18.11	31.16	-111.19	0	0	1	1	1	300	1	2	1	1	4294967295	3.40282e+38	0	3.40282e+38	4294967295	4294967295	4294967295	4294967295	4294967295	0	4294967295	
141	7251125	-21.4	31.77	-79.62	0	0	1	1	1	300	1	2	1	1	4294967295	3.40282e+38	0	3.40282e+38	4294967295	4294967295	4294967295	4294967295	4294967295	0	4294967295	
142	7251125	-36.88	31.76	-62.07	0	0	1	1	1	300	2	1	1	1	71	3.40282e+38	0	3.40282e+38	4294967295	4294967295	4294967295	4294967295	4294967295	0	4294967295	
143	6412135	-33.27	31.77	-76.11	0	0	1	3	1	300	1	6	3	1	4294967295	3.40282e+38	0	3.40282e+38	4294967295	4294967295	4294967295	4294967295	4294967295	0	4294967295	
144	7251125	-26.6	31.68	-100.21	0	0	1	1	1	300	2	1	1	1	70	3.40282e+38	0	3.40282e+38	4294967295	4294967295	4294967295	4294967295	4294967295	0	4294967295	
145	4813303	-30.1	38.99	-216.49	0	0	1	1	1	300	1	5	3	1	4294967295	3.40282e+38	0	3.40282e+38	4294967295	4294967295	4294967295	4294967295	4294967295	0	4294967295	
146	1759208	-186.16	101.22	-218.74	0	0	1	1	1	400	0	1	1	1	4294967295	3.40282e+38	0	3.40282e+38	4294967295	4294967295	4294967295	4294967295	4294967295	0	4294967295	
147	1759307	-35.58	33.41	-145.48	0	0	1	1	1	300	0	1	1	1	4294967295	3.40282e+38	0	3.40282e+38	4294967295	4294967295	4294967295	4294967295	4294967295	0	4294967295	
148	1759208	-43.92	31.77	-90.24	0	0	1	1	1	300	0	1	1	1	4294967295	3.40282e+38	0	3.40282e+38	4294967295	4294967295	4294967295	4294967295	4294967295	0	4294967295	
149	1759208	-139.3	40.15	-40.26	0	0	1	1	1	300	0	1	1	1	4294967295	3.40282e+38	0	3.40282e+38	4294967295	4294967295	4294967295	4294967295	4294967295	0	4294967295	
150	7114403	179.82	42.86	-217.44	-0.120331	0	-0.992734	1	1	300	1	2	1	1	4294967295	3.40282e+38	0	3.40282e+38	4294967295	4294967295	4294967295	4294967295	4294967295	0	4294967295	
151	7773101	187.18	42.8	-208.57	0	0	1	1	1	300	2	1	1	1	43	3.40282e+38	0	3.40282e+38	4294967295	4294967295	4294967295	4294967295	4294967295	0	4294967295	
152	7773101	186.39	42.83	-223.85	0	0	1	1	1	300	1	4	2	1	4294967295	3.40282e+38	0	3.40282e+38	4294967295	4294967295	4294967295	4294967295	4294967295	0	4294967295	
153	7773101	172.11	42.81	-212.64	0	0	1	1	1	300	1	4	2	1	4294967295	3.40282e+38	0	3.40282e+38	4294967295	4294967295	4294967295	4294967295	4294967295	0	4294967295	
154	4611220	67.44	4.13	-249.64	0	0	1	1	1	300	2	1	1	1	36	0	0	0	4294967295	4294967295	4294967295	4294967295	4	1	4294967295	
155	4611220	37.44	4.48	-248.66	0.987191	0	0.159546	1	1	300	2	1	1	1	37	0	0	0	4294967295	4294967295	4294967295	4294967295	3	1	4294967295	
156	6613208	34.7	4.84	-248.75	0.995974	0	0.0896377	1	1	300	3	1	1	1	4294967295	2.74	0	0.09	4294967295	4294967295	4294967295	4294967295	3	0	4294967295	
157	6611503	31.38	4.52	-248.63	0.985286	0	0.170917	1	1	300	3	1	1	1	4294967295	6.06	0	0.03	4294967295	4294967295	4294967295	4294967295	3	0	4294967295	
158	6613208	27.82	4.51	-248.73	0.995974	0	0.0896377	1	1	300	3	1	1	1	4294967295	9.62	0	0.07	4294967295	4294967295	4294967295	4294967295	3	0	4294967295	
159	6613208	0.37	38.03	-216.82	0	0	1	1	1	300	2	1	1	1	38	3.40282e+38	0	3.40282e+38	4294967295	4294967295	4294967295	4294967295	4294967295	0	4294967295	
160	7773101	174.28	42.25	-229.54	0	0	1	1	1	300	2	1	1	1	42	3.40282e+38	0	3.40282e+38	4294967295	4294967295	4294967295	4294967295	4294967295	0	4294967295	
161	4611220	176.04	37.17	-247.22	0	0	1	1	1	300	2	1	1	1	41	0	0	0	4294967295	4294967295	4294967295	4294967295	10	1	4294967295	
162	7771104	252.3	40.84	-72.18	0	0	1	1	1	300	2	1	1	1	51	3.40282e+38	0	3.40282e+38	4294967295	4294967295	4294967295	4294967295	4294967295	0	4294967295	
163	4612140	90.61	19.99	-77.08	0.911734	0	0.410781	1	1	300	0	1	1	1	4294967295	3.40282e+38	0	3.40282e+38	4294967295	4294967295	4294967295	4294967295	4294967295	0	4294967295	
164	7114361	89.41	19.99	-68.66	0.907959	0	0.419058	1	1	300	1	4	2	1	4294967295	3.40282e+38	0	3.40282e+38	4294967295	4294967295	4294967295	4294967295	4294967295	0	4294967295	
165	7114361	95.24	19.79	-82.51	0	0	1	1	1	300	1	4	2	1	4294967295	3.40282e+38	0	3.40282e+38	4294967295	4294967295	4294967295	4294967295	4294967295	0	4294967295	
166	7114361	140.52	3.09	-106.81	0	0	1	1	1	300	1	6	3	1	4294967295	3.40282e+38	0	3.40282e+38	4294967295	4294967295	4294967295	4294967295	4294967295	0	4294967295	
167	7114361	96.62	20	-53	0	0	1	1	1	300	1	2	1	1	4294967295	3.40282e+38	0	3.40282e+38	4294967295	4294967295	4294967295	4294967295	4294967295	0	4294967295	
168	7114361	113.62	20	-85.11	0	0	1	1	1	300	1	2	1	1	4294967295	3.40282e+38	0	3.40282e+38	4294967295	4294967295	4294967295	4294967295	4294967295	0	4294967295	
169	7114361	164.99	28.13	-19.1	0	0	1	3	1	300	1	5	3	1	4294967295	3.40282e+38	0	3.40282e+38	4294967295	4294967295	4294967295	4294967295	4294967295	0	4294967295	
170	1815116	109.78	20	-50.92	0	0	1	5	1	300	1	8	6	1	4294967295	3.40282e+38	0	3.40282e+38	4294967295	4294967295	4294967295	4294967295	4294967295	0	4294967295	
171	1815116	127.74	19.77	-87.17	0	0	1	5	1	300	1	6	5	1	4294967295	3.40282e+38	0	3.40282e+38	4294967295	4294967295	4294967295	4294967295	4294967295	0	4294967295	
172	9615110	158.91	6.5	-95.28	0	0	1	1	1	300	1	3	1	1	4294967295	3.40282e+38	0	3.40282e+38	4294967295	4294967295	4294967295	4294967295	4294967295	0	4294967295	
173	9615110	159.77	2.62	-72.26	0	0	1	1	1	300	1	2	1	1	4294967295	3.40282e+38	0	3.40282e+38	4294967295	4294967295	4294967295	4294967295	4294967295	0	4294967295	
174	9615110	159.74	4.02	-53.43	0	0	1	1	1	300	1	2	1	1	4294967295	3.40282e+38	0	3.40282e+38	4294967295	4294967295	4294967295	4294967295	4294967295	0	4294967295	
175	1633107	124.39	20	-44.54	0	0	1	1	1	300	1	3	1	1	4294967295	3.40282e+38	0	3.40282e+38	4294967295	4294967295	4294967295	4294967295	4294967295	0	4294967295	
176	1633107	114.42	20	-67.18	0.944631	0	0.328135	1	1	300	3	1	1	1	4294967295	6.51	0	2.02	4294967295	4294967295	4294967295	4294967295	9	0	4294967295	
177	1815116	102.33	10.27	-106.03	0	0	1	1	1	300	1	4	3	1	4294967295	3.40282e+38	0	3.40282e+38	4294967295	4294967295	4294967295	4294967295	4294967295	0	4294967295	
178	1815116	118.54	5.61	-114.81	0	0	1	1	1	300	1	4	3	1	4294967295	3.40282e+38	0	3.40282e+38	4294967295	4294967295	4294967295	4294967295	4294967295	0	4294967295	
179	7114361	135.13	19.95	-71.14	0	0	1	1	1	300	1	2	1	1	4294967295	3.40282e+38	0	3.40282e+38	4294967295	4294967295	4294967295	4294967295	4294967295	0	4294967295	
180	7114361	103.42	20	-71.27	0.911734	0	0.410781	5	1	300	1	7	5	1	4294967295	3.40282e+38	0	3.40282e+38	4294967295	4294967295	4294967295	4294967295	4294967295	0	4294967295	
181	7114361	120.94	20	-65.16	0.932568	0	0.360994	1	1	300	2	1	1	1	61	0	0	0	4294967295	4294967295	4294967295	4294967295	9	1	4294967295	
182	7114361	130.14	20.49	-43.5	-0.995974	0	-0.0896377	1	1	300	0	1	1	1	4294967295	3.40282e+38	0	3.40282e+38	4294967295	4294967295	4294967295	4294967295	4294967295	0	4294967295	
183	1815116	139.15	19.99	-59.93	0	0	1	5	1	300	1	8	6	1	4294967295	3.40282e+38	0	3.40282e+38	4294967295	4294967295	4294967295	4294967295	4294967295	0	4294967295	
184	1815116	151.19	24.66	-28.49	0	0	1	3	1	300	1	5	4	1	4294967295	3.40282e+38	0	3.40282e+38	4294967295	4294967295	4294967295	4294967295	4294967295	0	4294967295	
185	1815116	189.84	29.93	-8.54	0	0	1	5	1	300	1	8	6	1	4294967295	3.40282e+38	0	3.40282e+38	4294967295	4294967295	4294967295	4294967295	4294967295	0	4294967295	
186	7114361	169.63	3.03	-46.26	-0.517419	0	0.855732	1	1	300	1	2	1	1	4294967295	3.40282e+38	0	3.40282e+38	4294967295	4294967295	4294967295	4294967295	4294967295	0	4294967295	
187	7114361	176.84	3.13	-41.48	0	0	1	1	1	300	1	2	1	1	4294967295	3.40282e+38	0	3.40282e+38	4294967295	4294967295	4294967295	4294967295	4294967295	0	4294967295	
188	6011243	180.01	3.3	-57.53	0	0	1	1	1	300	1	2	1	1	4294967295	3.40282e+38	0	3.40282e+38	4294967295	4294967295	4294967295	4294967295	4294967295	0	4294967295	
189	6613208	175.52	36.19	-249.93	0	0	1	1	1	300	3	1	1	1	4294967295	0.52	0	2.72	4294967295	4294967295	4294967295	4294967295	10	0	4294967295	
190	9415402	87.55	30	-175.44	-0.994937	0	0.100499	1	1	300	1	4	2	1	4294967295	3.40282e+38	0	3.40282e+38	4294967295	4294967295	4294967295	4294967295	4294967295	0	4294967295	
191	6415132	102.39	29.93	-174.49	0	0	1	1	1	300	1	2	1	1	4294967295	3.40282e+38	0	3.40282e+38	4294967295	4294967295	4294967295	4294967295	4294967295	0	4294967295	
192	6415132	82.32	29.88	-184.01	0	0	1	1	1	300	1	2	1	1	4294967295	3.40282e+38	0	3.40282e+38	4294967295	4294967295	4294967295	4294967295	4294967295	0	4294967295	
193	6415132	56.53	30	-182.55	0	0	1	1	1	300	1	2	1	1	4294967295	3.40282e+38	0	3.40282e+38	4294967295	4294967295	4294967295	4294967295	4294967295	0	4294967295	
194	6415132	45.51	30.01	-159.37	0	0	1	1	1	300	1	2	1	1	4294967295	3.40282e+38	0	3.40282e+38	4294967295	4294967295	4294967295	4294967295	4294967295	0	4294967295	
195	6415132	19.07	29.98	-129.2	0	0	1	1	1	300	1	2	1	1	4294967295	3.40282e+38	0	3.40282e+38	4294967295	4294967295	4294967295	4294967295	4294967295	0	4294967295	
196	6412135	69.4	30	-180.18	0	0	1	3	1	300	1	6	3	1	4294967295	3.40282e+38	0	3.40282e+38	4294967295	4294967295	4294967295	4294967295	4294967295	0	4294967295	
197	6412135	76.97	30	-167.03	0	0	1	3	1	300	1	5	3	1	4294967295	3.40282e+38	0	3.40282e+38	4294967295	4294967295	4294967295	4294967295	4294967295	0	4294967295	
198	6412135	61.17	30	-162.35	0	0	1	3	1	300	1	5	3	1	4294967295	3.40282e+38	0	3.40282e+38	4294967295	4294967295	4294967295	4294967295	4294967295	0	4294967295	
199	6412135	41.62	30.09	-148.38	0	0	1	1	1	300	1	5	3	1	4294967295	3.40282e+38	0	3.40282e+38	4294967295	4294967295	4294967295	4294967295	4294967295	0	4294967295	
200	6412135	30.19	30.07	-137.17	0	0	1	1	1	300	1	5	3	1	4294967295	3.40282e+38	0	3.40282e+38	4294967295	4294967295	4294967295	4294967295	4294967295	0	4294967295	
201	6412135	8.19	30.22	-117.65	0	0	1	3	1	300	1	6	3	1	4294967295	3.40282e+38	0	3.40282e+38	4294967295	4294967295	4294967295	4294967295	4294967295	0	4294967295	
202	7251125	63.22	30	-170.13	0	0	1	1	1	300	2	1	1	1	69	3.40282e+38	0	3.40282e+38	4294967295	4294967295	4294967295	4294967295	4294967295	0	4294967295	
203	6412135	52.74	30	-170.12	0	0	1	1	1	300	1	5	3	1	4294967295	3.40282e+38	0	3.40282e+38	4294967295	4294967295	4294967295	4294967295	4294967295	0	4294967295	
204	1751235	68.8	4.06	-227.57	0.0499376	0	0.998752	1	1	300	0	1	1	1	4294967295	3.40282e+38	0	3.40282e+38	4294967295	4294967295	4294967295	4294967295	4294967295	0	4294967295	
205	1751235	21.76	4.28	-248.08	0	0	1	1	1	300	0	1	1	1	4294967295	3.40282e+38	0	3.40282e+38	4294967295	4294967295	4294967295	4294967295	4294967295	0	4294967295	
206	1759306	195.91	42.94	-222.29	0	0	1	1	1	300	0	1	1	1	4294967295	3.40282e+38	0	3.40282e+38	4294967295	4294967295	4294967295	4294967295	4294967295	0	4294967295	
207	1760101	102.18	30	-164.81	0	0	1	1	1	500	0	1	1	1	4294967295	3.40282e+38	0	3.40282e+38	4294967295	4294967295	4294967295	4294967295	4294967295	0	4294967295	
208	1759307	100.39	20	-47.07	0	0	1	1	1	300	0	1	1	1	4294967295	3.40282e+38	0	3.40282e+38	4294967295	4294967295	4294967295	4294967295	4294967295	0	4294967295	
209	2612150	259.25	58.15	-231.55	-0.98172	0	-0.190333	1	1	300	1	3	1	1	4294967295	3.40282e+38	0	3.40282e+38	4294967295	4294967295	4294967295	4294967295	4294967295	0	4294967295	
210	2131203	387.01	53.85	-163.76	-0.24018	0	0.970728	1	1	300	1	2	1	1	4294967295	3.40282e+38	0	3.40282e+38	4294967295	4294967295	4294967295	4294967295	4294967295	0	4294967295	
211	4513150	323.82	57.22	-207.51	0	0	1	1	1	300	1	6	4	1	4294967295	3.40282e+38	0	3.40282e+38	4294967295	4294967295	4294967295	4294967295	4294967295	0	4294967295	
212	9411117	274.2	57.54	-255.63	0	0	1	1	1	300	1	7	3	1	4294967295	3.40282e+38	0	3.40282e+38	4294967295	4294967295	4294967295	4294967295	4294967295	0	4294967295	
213	2612150	293.44	56.6	-166.23	0	0	1	1	1	300	1	4	2	1	4294967295	3.40282e+38	0	3.40282e+38	4294967295	4294967295	4294967295	4294967295	4294967295	0	4294967295	
214	2612150	343.45	57.33	-206.88	0.997559	0	-0.0698291	1	1	300	1	3	1	1	4294967295	3.40282e+38	0	3.40282e+38	4294967295	4294967295	4294967295	4294967295	4294967295	0	4294967295	
215	9411117	267.09	56.53	-206.03	0	0	1	5	1	300	1	7	4	1	4294967295	3.40282e+38	0	3.40282e+38	4294967295	4294967295	4294967295	4294967295	4294967295	0	4294967295	
216	9411117	270.93	60.22	-240.9	0	0	1	5	1	300	1	8	4	1	4294967295	3.40282e+38	0	3.40282e+38	4294967295	4294967295	4294967295	4294967295	4294967295	0	4294967295	
217	9411117	332.19	60.25	-223.97	0	0	1	3	1	300	1	7	3	1	4294967295	3.40282e+38	0	3.40282e+38	4294967295	4294967295	4294967295	4294967295	4294967295	0	4294967295	
218	9411117	308.67	60.25	-227.07	0	0	1	3	1	300	1	7	3	1	4294967295	3.40282e+38	0	3.40282e+38	4294967295	4294967295	4294967295	4294967295	4294967295	0	4294967295	
219	4513150	298.05	55.2	-183.77	0	0	1	5	1	300	1	7	5	1	4294967295	3.40282e+38	0	3.40282e+38	4294967295	4294967295	4294967295	4294967295	4294967295	0	4294967295	
220	2612150	287.58	58.03	-243.87	0	0	1	1	1	300	1	6	3	1	4294967295	3.40282e+38	0	3.40282e+38	4294967295	4294967295	4294967295	4294967295	4294967295	0	4294967295	
221	2612150	330.21	55.51	-187.8	0	0	1	1	1	300	1	6	3	1	4294967295	3.40282e+38	0	3.40282e+38	4294967295	4294967295	4294967295	4294967295	4294967295	0	4294967295	
222	4513150	312.68	55.43	-195.52	0	0	1	5	1	300	1	8	5	1	4294967295	3.40282e+38	0	3.40282e+38	4294967295	4294967295	4294967295	4294967295	4294967295	0	4294967295	
223	9411117	273.42	58.36	-222.82	0	0	1	5	1	300	1	7	4	1	4294967295	3.40282e+38	0	3.40282e+38	4294967295	4294967295	4294967295	4294967295	4294967295	0	4294967295	
224	4513150	304.13	57.8	-243.49	0	0	1	3	1	300	1	7	4	1	4294967295	3.40282e+38	0	3.40282e+38	4294967295	4294967295	4294967295	4294967295	4294967295	0	4294967295	
225	4513150	263.52	52.12	-186.83	0	0	1	3	1	300	1	8	6	1	4294967295	3.40282e+38	0	3.40282e+38	4294967295	4294967295	4294967295	4294967295	4294967295	0	4294967295	
226	2612150	325.17	57.41	-250.65	0.691905	0	-0.721988	1	1	300	1	3	1	1	4294967295	3.40282e+38	0	3.40282e+38	4294967295	4294967295	4294967295	4294967295	4294967295	0	4294967295	
227	9411117	312.5	55.98	-173.53	0	0	1	3	1	300	1	7	4	1	4294967295	3.40282e+38	0	3.40282e+38	4294967295	4294967295	4294967295	4294967295	4294967295	0	4294967295	
228	4513150	294.91	60.25	-230.81	0	0	1	3	1	300	1	5	3	1	4294967295	3.40282e+38	0	3.40282e+38	4294967295	4294967295	4294967295	4294967295	4294967295	0	4294967295	
229	9411117	298.03	55.96	-200.94	0	0	1	3	1	300	1	6	3	1	4294967295	3.40282e+38	0	3.40282e+38	4294967295	4294967295	4294967295	4294967295	4294967295	0	4294967295	
230	9411117	276.2	53.32	-177	0	0	1	1	1	300	1	5	3	1	4294967295	3.40282e+38	0	3.40282e+38	4294967295	4294967295	4294967295	4294967295	4294967295	0	4294967295	
231	2612150	289.75	57.51	-211.87	0	0	1	3	1	300	1	6	3	1	4294967295	3.40282e+38	0	3.40282e+38	4294967295	4294967295	4294967295	4294967295	4294967295	0	4294967295	
232	7771104	310.21	58.68	-213.64	0	0	1	1	1	300	2	1	1	1	45	3.40282e+38	0	3.40282e+38	4294967295	4294967295	4294967295	4294967295	4294967295	0	4294967295	
233	7771104	280.06	54.34	-195.96	0	0	1	1	1	300	2	1	1	1	44	3.40282e+38	0	3.40282e+38	4294967295	4294967295	4294967295	4294967295	4294967295	0	4294967295	
234	7114358	382.45	53.45	-167.37	0	0	1	1	1	300	1	2	1	1	4294967295	3.40282e+38	0	3.40282e+38	4294967295	4294967295	4294967295	4294967295	4294967295	0	4294967295	
235	7114358	381.23	53.45	-162.53	0	0	1	1	1	300	1	2	1	1	4294967295	3.40282e+38	0	3.40282e+38	4294967295	4294967295	4294967295	4294967295	4294967295	0	4294967295	
236	9615107	370.53	53.4	-168.22	0	0	1	1	1	300	1	4	2	1	4294967295	3.40282e+38	0	3.40282e+38	4294967295	4294967295	4294967295	4294967295	4294967295	0	4294967295	
237	1815113	364.17	53.46	-174	0	0	1	1	1	300	1	3	2	1	4294967295	3.40282e+38	0	3.40282e+38	4294967295	4294967295	4294967295	4294967295	4294967295	0	4294967295	
238	1815113	361.67	53.51	-168.17	0	0	1	1	1	300	1	3	2	1	4294967295	3.40282e+38	0	3.40282e+38	4294967295	4294967295	4294967295	4294967295	4294967295	0	4294967295	
239	1815113	355.31	54.01	-173.88	0	0	1	1	1	300	2	1	1	1	46	3.40282e+38	0	3.40282e+38	4294967295	4294967295	4294967295	4294967295	4294967295	0	4294967295	
240	4513150	257.58	50.85	-175.06	0	0	1	5	1	300	1	8	6	1	4294967295	3.40282e+38	0	3.40282e+38	4294967295	4294967295	4294967295	4294967295	4294967295	0	4294967295	
241	7771104	277.71	41.07	-78.31	-0.681604	0	-0.731722	1	1	300	2	1	1	1	47	3.40282e+38	0	3.40282e+38	4294967295	4294967295	4294967295	4294967295	4294967295	0	4294967295	
242	7771104	276.83	43.1	-56.55	-0.731722	0	0.681604	1	1	300	2	1	1	1	48	3.40282e+38	0	3.40282e+38	4294967295	4294967295	4294967295	4294967295	4294967295	0	4294967295	
243	7771104	302.37	42.08	-67.35	0.9998	0	0.019996	1	1	300	2	1	1	1	49	3.40282e+38	0	3.40282e+38	4294967295	4294967295	4294967295	4294967295	4294967295	0	4294967295	
244	7771104	294.44	39.84	-31.28	0.932568	0	-0.360994	1	1	300	2	1	1	1	52	3.40282e+38	0	3.40282e+38	4294967295	4294967295	4294967295	4294967295	4294967295	0	4294967295	
245	7771104	309.01	40.48	-98.8	-0.944631	0	-0.328135	1	1	300	2	1	1	1	50	3.40282e+38	0	3.40282e+38	4294967295	4294967295	4294967295	4294967295	4294967295	0	4294967295	
246	4711131	345.27	28.88	-13.64	0	0	1	1	1	300	1	6	4	1	4294967295	3.40282e+38	0	3.40282e+38	4294967295	4294967295	4294967295	4294967295	4294967295	0	4294967295	
247	4711131	356.02	33.83	-34.03	0	0	1	3	1	300	1	6	4	1	4294967295	3.40282e+38	0	3.40282e+38	4294967295	4294967295	4294967295	4294967295	4294967295	0	4294967295	
248	1756205	314.46	57.7	-246.09	0	0	1	1	1	300	0	1	1	1	4294967295	3.40282e+38	0	3.40282e+38	4294967295	4294967295	4294967295	4294967295	4294967295	0	4294967295	
249	1759106	389.75	53.87	-162.55	0	0	1	1	1	300	0	1	1	1	4294967295	3.40282e+38	0	3.40282e+38	4294967295	4294967295	4294967295	4294967295	4294967295	0	4294967295	
250	1759306	291.53	40.32	-72.39	0	0	1	1	1	300	0	1	1	1	4294967295	3.40282e+38	0	3.40282e+38	4294967295	4294967295	4294967295	4294967295	4294967295	0	4294967295	
251	7251114	-17.88	34.73	63.09	0	0	1	1	1	300	1	2	1	1	4294967295	3.40282e+38	0	3.40282e+38	4294967295	4294967295	4294967295	4294967295	4294967295	0	4294967295	
252	6613211	-26.53	33.47	57.42	0	0	1	1	1	300	1	5	3	1	4294967295	3.40282e+38	0	3.40282e+38	4294967295	4294967295	4294967295	4294967295	4294967295	0	4294967295	
253	9411214	-30.3	35.32	71.23	0	0	1	1	1	300	1	4	2	1	4294967295	3.40282e+38	0	3.40282e+38	4294967295	4294967295	4294967295	4294967295	4294967295	0	4294967295	
254	9411214	-17.46	35.94	74.96	0	0	1	1	1	300	1	4	2	1	4294967295	3.40282e+38	0	3.40282e+38	4294967295	4294967295	4294967295	4294967295	4294967295	0	4294967295	
255	3501141	-4.05	35.63	91.39	0	0	1	1	1	300	2	1	1	1	60	3.40282e+38	0	3.40282e+38	4294967295	4294967295	4294967295	4294967295	4294967295	0	4294967295	
256	7114231	-150.94	40	22.11	0.721988	0	-0.691905	1	1	300	0	1	1	1	4294967295	3.40282e+38	0	3.40282e+38	4294967295	4294967295	4294967295	4294967295	4294967295	0	4294967295	
257	7114231	-168.44	40.3	1.71	0	0	1	1	1	300	1	2	1	1	4294967295	3.40282e+38	0	3.40282e+38	4294967295	4294967295	4294967295	4294967295	4294967295	0	4294967295	
258	7114231	-137.04	40.02	27.79	0	0	1	1	1	300	1	2	1	1	4294967295	3.40282e+38	0	3.40282e+38	4294967295	4294967295	4294967295	4294967295	4294967295	0	4294967295	
259	7114231	-114.84	40.53	22.09	0	0	1	1	1	300	1	2	1	1	4294967295	3.40282e+38	0	3.40282e+38	4294967295	4294967295	4294967295	4294967295	4294967295	0	4294967295	
260	6211210	-116.26	40.3	6.37	0	0	1	1	1	300	1	5	3	1	4294967295	3.40282e+38	0	3.40282e+38	4294967295	4294967295	4294967295	4294967295	4294967295	0	4294967295	
261	7114231	-156.78	40.05	14.08	0.681604	0	-0.731722	1	1	300	0	1	1	1	4294967295	3.40282e+38	0	3.40282e+38	4294967295	4294967295	4294967295	4294967295	4294967295	0	4294967295	
262	7772107	-151.51	40	2.4	0	0	1	1	1	300	2	1	1	1	67	3.40282e+38	0	3.40282e+38	4294967295	4294967295	4294967295	4294967295	4294967295	0	4294967295	
263	3504102	-125.45	39.84	27.09	0	0	1	1	1	360	1	5	3	1	4294967295	3.40282e+38	0	3.40282e+38	4294967295	4294967295	4294967295	4294967295	4294967295	0	4294967295	
264	7772107	-136.24	40	14.41	0	0	1	1	1	300	1	7	5	1	4294967295	3.40282e+38	0	3.40282e+38	4294967295	4294967295	4294967295	4294967295	4294967295	0	4294967295	
265	6211210	-129	40	0.15	0	0	1	1	1	300	1	5	3	1	4294967295	3.40282e+38	0	3.40282e+38	4294967295	4294967295	4294967295	4294967295	4294967295	0	4294967295	
266	1759208	-115.71	40.75	26.08	0	0	1	1	1	300	0	1	1	1	4294967295	3.40282e+38	0	3.40282e+38	4294967295	4294967295	4294967295	4294967295	4294967295	0	4294967295	
267	1759107	-157.59	40.02	19.07	0	0	1	1	1	300	0	1	1	1	4294967295	3.40282e+38	0	3.40282e+38	4294967295	4294967295	4294967295	4294967295	4294967295	0	4294967295	
268	1751235	-17.01	34.13	57.36	0.159546	0	0.987191	1	1	300	0	1	1	1	4294967295	3.40282e+38	0	3.40282e+38	4294967295	4294967295	4294967295	4294967295	4294967295	0	4294967295	
269	9411214	103.33	19.72	142.94	-0.0698291	0	-0.997559	3	1	300	1	5	3	1	4294967295	3.40282e+38	0	3.40282e+38	4294967295	4294967295	4294967295	4294967295	4294967295	0	4294967295	
270	6613211	159.87	24.41	125.75	0	0	1	1	1	300	1	5	3	1	4294967295	3.40282e+38	0	3.40282e+38	4294967295	4294967295	4294967295	4294967295	4294967295	0	4294967295	
271	6613211	176.09	28.58	128.82	0	0	1	3	1	300	1	5	3	1	4294967295	3.40282e+38	0	3.40282e+38	4294967295	4294967295	4294967295	4294967295	4294967295	0	4294967295	
272	3501141	142.09	21.15	129.8	0	0	1	1	1	300	2	1	1	1	57	3.40282e+38	0	3.40282e+38	4294967295	4294967295	4294967295	4294967295	4294967295	0	4294967295	
273	3501141	81.55	20.69	121.9	0	0	1	1	1	300	2	1	1	1	58	3.40282e+38	0	3.40282e+38	4294967295	4294967295	4294967295	4294967295	4294967295	0	4294967295	
274	9411214	126.04	20.72	137.51	0	0	1	1	1	300	1	5	3	1	4294967295	3.40282e+38	0	3.40282e+38	4294967295	4294967295	4294967295	4294967295	4294967295	0	4294967295	
275	6613211	64.38	21.74	117.23	0	0	1	1	1	300	1	5	3	1	4294967295	3.40282e+38	0	3.40282e+38	4294967295	4294967295	4294967295	4294967295	4294967295	0	4294967295	
276	6613211	65.9	23.61	96.07	0	0	1	1	1	300	1	5	3	1	4294967295	3.40282e+38	0	3.40282e+38	4294967295	4294967295	4294967295	4294967295	4294967295	0	4294967295	
277	6613211	50.1	23.67	83.9	0	0	1	1	1	300	1	5	3	1	4294967295	3.40282e+38	0	3.40282e+38	4294967295	4294967295	4294967295	4294967295	4294967295	0	4294967295	
278	4711131	248.68	26.57	108.68	0	0	1	5	1	300	1	7	5	1	4294967295	3.40282e+38	0	3.40282e+38	4294967295	4294967295	4294967295	4294967295	4294967295	0	4294967295	
279	7251114	174.47	28.42	121.21	0	0	1	1	1	300	1	2	1	1	4294967295	3.40282e+38	0	3.40282e+38	4294967295	4294967295	4294967295	4294967295	4294967295	0	4294967295	
280	7251114	117.22	20.03	142.6	-0.159546	0	-0.987191	1	1	300	1	2	1	1	4294967295	3.40282e+38	0	3.40282e+38	4294967295	4294967295	4294967295	4294967295	4294967295	0	4294967295	
281	7251114	141.42	21.6	107.11	0	0	1	1	1	300	1	2	1	1	4294967295	3.40282e+38	0	3.40282e+38	4294967295	4294967295	4294967295	4294967295	4294967295	0	4294967295	
282	7251114	162.54	23.81	86.32	0	0	1	1	1	300	1	2	1	1	4294967295	3.40282e+38	0	3.40282e+38	4294967295	4294967295	4294967295	4294967295	4294967295	0	4294967295	
283	7251114	57.93	22.72	79.76	0	0	1	1	1	300	1	2	1	1	4294967295	3.40282e+38	0	3.40282e+38	4294967295	4294967295	4294967295	4294967295	4294967295	0	4294967295	
284	7251114	46.62	24.31	108.41	0	0	1	1	1	300	1	2	1	1	4294967295	3.40282e+38	0	3.40282e+38	4294967295	4294967295	4294967295	4294967295	4294967295	0	4294967295	
285	9411214	166.61	26.38	120.1	0	0	1	1	1	300	1	4	2	1	4294967295	3.40282e+38	0	3.40282e+38	4294967295	4294967295	4294967295	4294967295	4294967295	0	4294967295	
286	6613211	112.91	20	131.45	0	0	1	1	1	300	1	6	3	1	4294967295	3.40282e+38	0	3.40282e+38	4294967295	4294967295	4294967295	4294967295	4294967295	0	4294967295	
287	9411214	148.82	22.61	111.07	0	0	1	1	1	300	1	4	2	1	4294967295	3.40282e+38	0	3.40282e+38	4294967295	4294967295	4294967295	4294967295	4294967295	0	4294967295	
288	6613211	135.14	20.3	114.34	0	0	1	1	1	300	1	5	2	1	4294967295	3.40282e+38	0	3.40282e+38	4294967295	4294967295	4294967295	4294967295	4294967295	0	4294967295	
289	6613211	125.96	18.76	107.29	0	0	1	1	1	300	1	5	3	1	4294967295	3.40282e+38	0	3.40282e+38	4294967295	4294967295	4294967295	4294967295	4294967295	0	4294967295	
290	6613211	157.99	23.49	95.11	0	0	1	1	1	300	1	3	2	1	4294967295	3.40282e+38	0	3.40282e+38	4294967295	4294967295	4294967295	4294967295	4294967295	0	4294967295	
291	9411214	156.15	23.51	88.81	0	0	1	1	1	300	1	2	1	1	4294967295	3.40282e+38	0	3.40282e+38	4294967295	4294967295	4294967295	4294967295	4294967295	0	4294967295	
292	6613211	96.92	19.49	134.14	0	0	1	1	1	300	1	5	2	1	4294967295	3.40282e+38	0	3.40282e+38	4294967295	4294967295	4294967295	4294967295	4294967295	0	4294967295	
293	9411214	54.48	22.9	114.1	0	0	1	1	1	300	1	4	2	1	4294967295	3.40282e+38	0	3.40282e+38	4294967295	4294967295	4294967295	4294967295	4294967295	0	4294967295	
294	9411214	42.28	25.51	98.65	0	0	1	1	1	300	1	4	2	1	4294967295	3.40282e+38	0	3.40282e+38	4294967295	4294967295	4294967295	4294967295	4294967295	0	4294967295	
295	9411214	68.33	23.49	83.14	0	0	1	1	1	300	1	4	2	1	4294967295	3.40282e+38	0	3.40282e+38	4294967295	4294967295	4294967295	4294967295	4294967295	0	4294967295	
296	3501141	19.25	30.89	96.87	0	0	1	1	1	300	2	1	1	1	59	3.40282e+38	0	3.40282e+38	4294967295	4294967295	4294967295	4294967295	4294967295	0	4294967295	
297	4611220	135.76	2.6	68.69	-0.289177	0	0.957276	1	1	300	2	1	1	1	55	0	0	0	4294967295	4294967295	4294967295	4294967295	7	1	4294967295	
298	4611220	94.66	8.28	83.69	0.28	0	-0.96	1	1	300	2	1	1	1	56	0	0	0	4294967295	4294967295	4294967295	4294967295	8	1	4294967295	
299	9411214	137.12	2.9	60.29	-0.140021	0	0.990149	1	1	300	3	1	1	1	4294967295	1.36	0	8.4	4294967295	4294967295	4294967295	4294967295	7	0	4294967295	
300	9411214	94.75	8.46	87.27	0.140021	0	-0.990149	1	1	300	3	1	1	1	4294967295	0.09	0	3.58	4294967295	4294967295	4294967295	4294967295	8	0	4294967295	
301	6613211	136.28	2.7	66.37	-0.24018	0	0.970728	1	1	300	3	1	1	1	4294967295	0.52	0	2.32	4294967295	4294967295	4294967295	4294967295	7	0	4294967295	
302	6613211	136.44	3.2	63.37	0	0	1	1	1	300	3	1	1	1	4294967295	0.68	0	5.32	4294967295	4294967295	4294967295	4294967295	7	0	4294967295	
303	6613211	94.44	9.06	90.57	-0.120331	0	-0.992734	1	1	300	3	1	1	1	4294967295	0.22	0	6.88	4294967295	4294967295	4294967295	4294967295	8	0	4294967295	
304	7114361	169.88	29.23	7.48	0	0	1	5	1	300	1	7	4	1	4294967295	3.40282e+38	0	3.40282e+38	4294967295	4294967295	4294967295	4294967295	4294967295	0	4294967295	
305	1759208	40.53	25.21	105.77	0	0	1	1	1	300	0	1	1	1	4294967295	3.40282e+38	0	3.40282e+38	4294967295	4294967295	4294967295	4294967295	4294967295	0	4294967295	
306	1759208	168.78	24.29	84.5	0	0	1	1	1	300	0	1	1	1	4294967295	3.40282e+38	0	3.40282e+38	4294967295	4294967295	4294967295	4294967295	4294967295	0	4294967295	
307	1759306	135.29	2.66	54.75	0.617382	0	0.786664	1	1	300	0	1	1	1	4294967295	3.40282e+38	0	3.40282e+38	4294967295	4294967295	4294967295	4294967295	4294967295	0	4294967295	
308	7711201	320.68	20	67.26	-0.471108	0	-0.882075	1	1	300	1	3	1	1	4294967295	3.40282e+38	0	3.40282e+38	4294967295	4294967295	4294967295	4294967295	4294967295	0	4294967295	
309	4653111	279.59	20	42.06	0	0	1	1	1	300	1	4	3	1	4294967295	3.40282e+38	0	3.40282e+38	4294967295	4294967295	4294967295	4294967295	4294967295	0	4294967295	
310	4653111	326.79	20.88	21	0	0	1	1	1	300	1	3	2	1	4294967295	3.40282e+38	0	3.40282e+38	4294967295	4294967295	4294967295	4294967295	4294967295	0	4294967295	
311	7251111	283.05	20.1	58.06	0.920691	0	-0.390293	1	1	300	2	1	1	1	15	0	0	0	4294967295	4294967295	4294967295	4294967295	1	1	4294967295	
312	7251111	280.45	20.18	58.57	0.920691	0	-0.390293	1	1	300	3	1	1	1	4294967295	2.6	0	0.51	4294967295	4294967295	4294967295	4294967295	1	0	4294967295	
313	4653111	312.07	20.02	21.97	0	0	1	1	1	300	1	5	3	1	4294967295	3.40282e+38	0	3.40282e+38	4294967295	4294967295	4294967295	4294967295	4294967295	0	4294967295	
314	4653111	318.79	20	38.09	0	0	1	1	1	300	1	4	2	1	4294967295	3.40282e+38	0	3.40282e+38	4294967295	4294967295	4294967295	4294967295	4294967295	0	4294967295	
315	4653111	312.13	20	46.23	0	0	1	1	1	300	1	4	2	1	4294967295	3.40282e+38	0	3.40282e+38	4294967295	4294967295	4294967295	4294967295	4294967295	0	4294967295	
316	4653111	293.42	20	46.04	0	0	1	1	1	300	1	5	3	1	4294967295	3.40282e+38	0	3.40282e+38	4294967295	4294967295	4294967295	4294967295	4294967295	0	4294967295	
317	4653111	272.81	20.19	57.16	0	0	1	1	1	300	1	4	3	1	4294967295	3.40282e+38	0	3.40282e+38	4294967295	4294967295	4294967295	4294967295	4294967295	0	4294967295	
318	7251111	298.33	20.25	17.08	0	0	1	1	1	300	1	3	1	1	4294967295	3.40282e+38	0	3.40282e+38	4294967295	4294967295	4294967295	4294967295	4294967295	0	4294967295	
319	7251111	333.69	22.43	12.8	0	0	1	5	1	300	2	1	1	1	53	3.40282e+38	0	3.40282e+38	4294967295	4294967295	4294967295	4294967295	4294967295	0	4294967295	
320	7251111	273.23	21.43	75	0	0	1	1	1	300	2	1	1	1	54	3.40282e+38	0	3.40282e+38	4294967295	4294967295	4294967295	4294967295	4294967295	0	4294967295	
321	4711131	257.4	20	42.6	0	0	1	1	1	300	1	4	2	1	4294967295	3.40282e+38	0	3.40282e+38	4294967295	4294967295	4294967295	4294967295	4294967295	0	4294967295	
322	4711131	265.09	24.03	94.26	0	0	1	1	1	300	1	5	3	1	4294967295	3.40282e+38	0	3.40282e+38	4294967295	4294967295	4294967295	4294967295	4294967295	0	4294967295	
323	7251112	327.53	20	49.06	0	0	1	1	1	300	1	3	1	1	4294967295	3.40282e+38	0	3.40282e+38	4294967295	4294967295	4294967295	4294967295	4294967295	0	4294967295	
324	7251112	334.2	20	42.79	0	0	1	1	1	300	1	3	1	1	4294967295	3.40282e+38	0	3.40282e+38	4294967295	4294967295	4294967295	4294967295	4294967295	0	4294967295	
325	7251112	315.77	20	58.61	0	0	1	1	1	300	1	3	1	1	4294967295	3.40282e+38	0	3.40282e+38	4294967295	4294967295	4294967295	4294967295	4294967295	0	4294967295	
326	7251112	300.5	20.23	65.21	0	0	1	1	1	300	1	3	1	1	4294967295	3.40282e+38	0	3.40282e+38	4294967295	4294967295	4294967295	4294967295	4294967295	0	4294967295	
327	7771105	308.29	20.13	63.61	0	0	1	1	1	300	1	4	3	1	4294967295	3.40282e+38	0	3.40282e+38	4294967295	4294967295	4294967295	4294967295	4294967295	0	4294967295	
328	7771105	325.85	20	57.5	0	0	1	1	1	300	1	4	3	1	4294967295	3.40282e+38	0	3.40282e+38	4294967295	4294967295	4294967295	4294967295	4294967295	0	4294967295	
329	1759306	335.57	20	50.21	0	0	1	1	1	300	0	1	1	1	4294967295	3.40282e+38	0	3.40282e+38	4294967295	4294967295	4294967295	4294967295	4294967295	0	4294967295	
330	1756205	272.77	20.01	48.4	0	0	1	1	1	300	0	1	1	1	4294967295	3.40282e+38	0	3.40282e+38	4294967295	4294967295	4294967295	4294967295	4294967295	0	4294967295	
331	1756205	327.98	20.34	27.07	0	0	1	1	1	300	0	1	1	1	4294967295	3.40282e+38	0	3.40282e+38	4294967295	4294967295	4294967295	4294967295	4294967295	0	4294967295	
