1	100048	4194304	-30.48	-13.03	-221.64	-22.48	-5.03	-221.64	-26.48	-13.03	-221.64	0	0	1	255	255	255	PORTAL_COLLISION	5.65685	0	4294967295	4294967295	3	65535	65535	255	4294967295	4294967295	255	255	255	255	255	255	255	255	255	255	255	255	255	255	255	255	255	255	255	255	255	255	255	255	255	255	255	255	255	255	255	255	255	255	255	255	255	255	255	255	255	255	255	255	255	255	255	255	255	255	255	255	255	255	255	255	255	255	255	255	255	255	255	255	255	255	255	255	255	255	255	255	255	255	255	255	255	255	255	255	255	255	255	255	255	255	255	255	255	255	255	255	255	255	255	255	255	255	255	255											
2	4294967295	1	-47.46	0.05	-351.52	-45.82	1.69	-349.63	-46.64	0.05	-350.94	0	0	1	1	0	1	PD04_T_LEVER_01	1.49593	1	4294967295	4294967295	3	65535	65535	255	4294967295	4294967295	3	255	255	255	255	255	255	255	255	255	4	1	255	255	255	255	255	255	255	255	1	255	255	255	255	255	255	255	255	255	2	3	255	255	255	255	255	255	255	255	255	255	255	255	255	255	255	255	255	255	255	255	255	255	255	255	255	255	255	255	255	255	255	255	255	255	255	255	255	255	255	255	255	255	255	255	255	255	255	255	255	255	255	255	255	255	255	255	255	255	255	255	255	255	255	255	255	255	255	255											
3	4294967295	1	-68.08	-0.32	-370.42	-22.57	33.2	-367.57	-45.94	8.78	-368.88	0	0	1	0	0	1	PD04_F1_R1_GEAR01	28.297	2	4294967295	4294967295	3	65535	65535	255	4294967295	4294967295	1	255	255	255	255	255	255	255	255	255	2	255	255	255	255	255	255	255	255	255	255	255	255	255	255	255	255	255	255	255	255	255	255	255	255	255	255	255	255	255	255	255	255	255	255	255	255	255	255	255	255	255	255	255	255	255	255	255	255	255	255	255	255	255	255	255	255	255	255	255	255	255	255	255	255	255	255	255	255	255	255	255	255	255	255	255	255	255	255	255	255	255	255	255	255	255	255	255	255	255											
4	4294967295	1	-93.99	0.12	-276.57	-93.19	9.94	-270.71	-93.59	0.12	-273.64	0	0	1	1	0	1	PD04_F1_R1_DOOR01	5.73176	3	4294967295	4294967295	3	65535	65535	255	4294967295	4294967295	1	255	255	255	255	255	255	255	255	255	2	3	255	255	255	255	255	255	255	255	3	255	255	255	255	255	255	255	255	255	4	1	255	255	255	255	255	255	255	255	5	255	255	255	255	255	255	255	255	255	255	255	255	255	255	255	255	255	255	255	255	255	255	255	255	255	255	255	255	255	255	255	255	255	255	255	255	255	255	255	255	255	255	255	255	255	255	255	255	255	255	255	255	255	255	255	255	255	255	255											
5	4294967295	1	-162.9	0.05	-431.74	-161.26	1.69	-429.85	-162.08	0.05	-431.16	0	0	1	1	0	1	PD04_T_LEVER_01	1.49593	4	4294967295	4294967295	3	65535	65535	255	4294967295	4294967295	3	255	255	255	255	255	255	255	255	255	4	1	255	255	255	255	255	255	255	255	1	255	255	255	255	255	255	255	255	255	2	3	255	255	255	255	255	255	255	255	255	255	255	255	255	255	255	255	255	255	255	255	255	255	255	255	255	255	255	255	255	255	255	255	255	255	255	255	255	255	255	255	255	255	255	255	255	255	255	255	255	255	255	255	255	255	255	255	255	255	255	255	255	255	255	255	255	255	255	255											
14	4294967295	1	-202.44	0.27	-271.82	-194.4	48.14	-266.24	-198.42	0.27	-269.03	0	0	1	1	0	1	PD04_T_ELEVATOR01	24.4301	5	4294967295	4294967295	3	65535	65535	255	4294967295	4294967295	1	255	255	255	255	255	255	255	255	255	2	3	255	255	255	255	255	255	255	255	3	255	255	255	255	255	255	255	255	255	4	1	255	255	255	255	255	255	255	255	255	255	255	255	255	255	255	255	255	255	255	255	255	255	255	255	255	255	255	255	255	255	255	255	255	255	255	255	255	255	255	255	255	255	255	255	255	255	255	255	255	255	255	255	255	255	255	255	255	255	255	255	255	255	255	255	255	255	255	255											
15	4294967295	4194304	-37.39	0.11	252.97	-37.39	8.11	260.97	-37.39	0.11	256.97	1	0	0	255	255	255	PORTAL_COLLISION	5.65685	6	4294967295	4294967295	3	65535	65535	255	4294967295	4294967295	255	255	255	255	255	255	255	255	255	255	255	255	255	255	255	255	255	255	255	255	255	255	255	255	255	255	255	255	255	255	255	255	255	255	255	255	255	255	255	255	255	255	255	255	255	255	255	255	255	255	255	255	255	255	255	255	255	255	255	255	255	255	255	255	255	255	255	255	255	255	255	255	255	255	255	255	255	255	255	255	255	255	255	255	255	255	255	255	255	255	255	255	255	255	255	255	255	255	255	255											
17	4294967295	1	-98.44	1.55	104.02	-96.55	3.19	105.66	-97.86	1.55	104.84	1	0	0	1	0	1	PD04_T_LEVER_01	1.49594	7	4294967295	4294967295	3	65535	65535	255	4294967295	4294967295	3	255	255	255	255	255	255	255	255	255	4	1	255	255	255	255	255	255	255	255	1	255	255	255	255	255	255	255	255	255	2	3	255	255	255	255	255	255	255	255	255	255	255	255	255	255	255	255	255	255	255	255	255	255	255	255	255	255	255	255	255	255	255	255	255	255	255	255	255	255	255	255	255	255	255	255	255	255	255	255	255	255	255	255	255	255	255	255	255	255	255	255	255	255	255	255	255	255	255	255											
18	4294967295	1	97.53	0.11	185.13	100.03	1.75	187.63	99.04	0.11	186.12	-0.707107	0	0.707107	1	0	1	PD04_T_LEVER_01	1.94869	8	4294967295	4294967295	3	65535	65535	255	4294967295	4294967295	3	255	255	255	255	255	255	255	255	255	4	1	255	255	255	255	255	255	255	255	1	255	255	255	255	255	255	255	255	255	2	3	255	255	255	255	255	255	255	255	255	255	255	255	255	255	255	255	255	255	255	255	255	255	255	255	255	255	255	255	255	255	255	255	255	255	255	255	255	255	255	255	255	255	255	255	255	255	255	255	255	255	255	255	255	255	255	255	255	255	255	255	255	255	255	255	255	255	255	255											
19	4294967295	1	111.65	0.11	199.54	114.15	1.75	202.03	113.16	0.11	200.53	-0.707107	0	0.707107	1	0	1	PD04_T_LEVER_01	1.94549	9	4294967295	4294967295	3	65535	65535	255	4294967295	4294967295	3	255	255	255	255	255	255	255	255	255	4	1	255	255	255	255	255	255	255	255	1	255	255	255	255	255	255	255	255	255	2	3	255	255	255	255	255	255	255	255	255	255	255	255	255	255	255	255	255	255	255	255	255	255	255	255	255	255	255	255	255	255	255	255	255	255	255	255	255	255	255	255	255	255	255	255	255	255	255	255	255	255	255	255	255	255	255	255	255	255	255	255	255	255	255	255	255	255	255	255											
20	4294967295	1	196.62	0	45.64	198.51	1.64	47.28	197.93	0	46.46	-1	0	0	1	0	1	PD04_T_LEVER_01	1.49594	10	4294967295	4294967295	3	65535	65535	255	4294967295	4294967295	3	255	255	255	255	255	255	255	255	255	4	1	255	255	255	255	255	255	255	255	1	255	255	255	255	255	255	255	255	255	2	3	255	255	255	255	255	255	255	255	255	255	255	255	255	255	255	255	255	255	255	255	255	255	255	255	255	255	255	255	255	255	255	255	255	255	255	255	255	255	255	255	255	255	255	255	255	255	255	255	255	255	255	255	255	255	255	255	255	255	255	255	255	255	255	255	255	255	255	255											
21	4294967295	1	252.76	-0.04	57.61	262.21	30.1	67.06	257.48	-0.04	62.33	0	0	1	1	0	1	PD04_F2_R2_DOOR01	16.485	11	4294967295	4294967295	3	65535	65535	255	4294967295	4294967295	1	255	255	255	255	255	255	255	255	255	2	3	255	255	255	255	255	255	255	255	3	255	255	255	255	255	255	255	255	255	4	1	255	255	255	255	255	255	255	255	255	255	255	255	255	255	255	255	255	255	255	255	255	255	255	255	255	255	255	255	255	255	255	255	255	255	255	255	255	255	255	255	255	255	255	255	255	255	255	255	255	255	255	255	255	255	255	255	255	255	255	255	255	255	255	255	255	255	255	255											
22	4294967295	1	319.46	0.13	-31.72	320.26	9.95	-25.86	319.86	0.13	-28.79	0	0	1	1	0	1	PD04_F1_R1_DOOR01	5.73175	12	4294967295	4294967295	3	65535	65535	255	4294967295	4294967295	1	255	255	255	255	255	255	255	255	255	2	3	255	255	255	255	255	255	255	255	3	255	255	255	255	255	255	255	255	255	4	1	255	255	255	255	255	255	255	255	5	255	255	255	255	255	255	255	255	255	255	255	255	255	255	255	255	255	255	255	255	255	255	255	255	255	255	255	255	255	255	255	255	255	255	255	255	255	255	255	255	255	255	255	255	255	255	255	255	255	255	255	255	255	255	255	255	255	255	255											
23	4294967295	1	397.82	-0.28	-24.05	405.86	47.59	-18.47	401.84	-0.28	-21.26	0	0	1	1	0	1	PD04_T_ELEVATOR01	24.4301	13	4294967295	4294967295	3	65535	65535	255	4294967295	4294967295	1	255	255	255	255	255	255	255	255	255	2	3	255	255	255	255	255	255	255	255	3	255	255	255	255	255	255	255	255	255	4	1	255	255	255	255	255	255	255	255	255	255	255	255	255	255	255	255	255	255	255	255	255	255	255	255	255	255	255	255	255	255	255	255	255	255	255	255	255	255	255	255	255	255	255	255	255	255	255	255	255	255	255	255	255	255	255	255	255	255	255	255	255	255	255	255	255	255	255	255											
24	4294967295	4194304	397.87	-0.5	-24.07	405.87	7.5	-24.07	401.87	-0.5	-24.07	0	0	1	0	0	1	PORTAL_COLLISION	5.65685	14	4294967295	4294967295	3	65535	65535	255	4294967295	4294967295	4	255	255	255	255	255	255	255	255	255	1	255	255	255	255	255	255	255	255	255	255	255	255	255	255	255	255	255	255	255	255	255	255	255	255	255	255	255	255	255	255	255	255	255	255	255	255	255	255	255	255	255	255	255	255	255	255	255	255	255	255	255	255	255	255	255	255	255	255	255	255	255	255	255	255	255	255	255	255	255	255	255	255	255	255	255	255	255	255	255	255	255	255	255	255	255	255	255	255	255											
25	4294967295	1	-46	1.81	-361.74	-38.83	5.5	-355.64	-42.21	1.82	-359.1	-0.45122	0	0.892413	0	0	1	08_T_M_DOB_B1	5.05556	15	4294967295	4294967295	3	65535	65535	255	4294967295	4294967295	1	255	255	255	255	255	255	255	255	255	2	255	255	255	255	255	255	255	255	255	255	255	255	255	255	255	255	255	255	255	255	255	255	255	255	255	255	255	255	255	255	255	255	255	255	255	255	255	255	255	255	255	255	255	255	255	255	255	255	255	255	255	255	255	255	255	255	255	255	255	255	255	255	255	255	255	255	255	255	255	255	255	255	255	255	255	255	255	255	255	255	255	255	255	255	255	255	255	255	255											
26	4294967295	1	-57.77	0.04	-344.72	-51.06	3.73	-337.58	-54.78	0.05	-341.43	0.786664	0	0.617382	0	0	1	08_T_M_DOB_B1	5.23498	16	4294967295	4294967295	3	65535	65535	255	4294967295	4294967295	1	255	255	255	255	255	255	255	255	255	2	255	255	255	255	255	255	255	255	255	255	255	255	255	255	255	255	255	255	255	255	255	255	255	255	255	255	255	255	255	255	255	255	255	255	255	255	255	255	255	255	255	255	255	255	255	255	255	255	255	255	255	255	255	255	255	255	255	255	255	255	255	255	255	255	255	255	255	255	255	255	255	255	255	255	255	255	255	255	255	255	255	255	255	255	255	255	255	255	255											
27	4294967295	1	-50.33	0.03	-346.38	-48.51	1.83	-344.59	-49.44	0.05	-345.55	0.681604	0	-0.731722	0	0	1	PD04_M_OJA_A2	1.56177	17	4294967295	4294967295	3	65535	65535	255	4294967295	4294967295	1	255	255	255	255	255	255	255	255	255	2	255	255	255	255	255	255	255	255	255	255	255	255	255	255	255	255	255	255	255	255	255	255	255	255	255	255	255	255	255	255	255	255	255	255	255	255	255	255	255	255	255	255	255	255	255	255	255	255	255	255	255	255	255	255	255	255	255	255	255	255	255	255	255	255	255	255	255	255	255	255	255	255	255	255	255	255	255	255	255	255	255	255	255	255	255	255	255	255	255											
28	4294967295	1	-39.81	0.03	-340.28	-38.02	1.83	-338.45	-38.9	0.05	-339.3	-0.741298	0	0.671176	0	0	1	PD04_M_OJA_A2	1.56468	18	4294967295	4294967295	3	65535	65535	255	4294967295	4294967295	1	255	255	255	255	255	255	255	255	255	2	255	255	255	255	255	255	255	255	255	255	255	255	255	255	255	255	255	255	255	255	255	255	255	255	255	255	255	255	255	255	255	255	255	255	255	255	255	255	255	255	255	255	255	255	255	255	255	255	255	255	255	255	255	255	255	255	255	255	255	255	255	255	255	255	255	255	255	255	255	255	255	255	255	255	255	255	255	255	255	255	255	255	255	255	255	255	255	255	255											
29	4294967295	1	-168.7	0.07	-470.03	-154.94	15.25	-469.83	-161.82	0.07	-469.93	0	0	1	1	0	1	PD04_F1_R3_DOOR_A1	10.2446	19	4294967295	4294967295	3	65535	65535	255	4294967295	4294967295	1	255	255	255	255	255	255	255	255	255	2	3	255	255	255	255	255	255	255	255	3	255	255	255	255	255	255	255	255	255	4	1	255	255	255	255	255	255	255	255	255	255	255	255	255	255	255	255	255	255	255	255	255	255	255	255	255	255	255	255	255	255	255	255	255	255	255	255	255	255	255	255	255	255	255	255	255	255	255	255	255	255	255	255	255	255	255	255	255	255	255	255	255	255	255	255	255	255	255	255											
30	4294967295	1	-205.66	0.13	-328.9	-191.46	17.85	-328.71	-198.56	0.18	-328.8	0	0	1	1	0	1	PD04_F1_R4_DOOR01	11.3542	20	4294967295	4294967295	3	65535	65535	255	4294967295	4294967295	1	255	255	255	255	255	255	255	255	255	2	3	255	255	255	255	255	255	255	255	3	255	255	255	255	255	255	255	255	255	4	1	255	255	255	255	255	255	255	255	5	255	255	255	255	255	255	255	255	255	255	255	255	255	255	255	255	255	255	255	255	255	255	255	255	255	255	255	255	255	255	255	255	255	255	255	255	255	255	255	255	255	255	255	255	255	255	255	255	255	255	255	255	255	255	255	255	255	255	255											
31	4294967295	1	-39.82	0.11	206.42	-33.37	10.92	207.3	-36.59	0.11	206.86	1	0	0	1	0	1	PD04_F1_R1_DOOR01	6.30938	21	4294967295	4294967295	3	65535	65535	255	4294967295	4294967295	1	255	255	255	255	255	255	255	255	255	2	3	255	255	255	255	255	255	255	255	3	255	255	255	255	255	255	255	255	255	4	1	255	255	255	255	255	255	255	255	5	255	255	255	255	255	255	255	255	255	255	255	255	255	255	255	255	255	255	255	255	255	255	255	255	255	255	255	255	255	255	255	255	255	255	255	255	255	255	255	255	255	255	255	255	255	255	255	255	255	255	255	255	255	255	255	255	255	255	255											
32	4294967295	1	-27.14	0.26	164.66	-20.7	11.06	165.54	-23.92	0.26	165.1	1	0	0	1	0	1	PD04_F1_R1_DOOR01	6.30254	22	4294967295	4294967295	3	65535	65535	255	4294967295	4294967295	1	255	255	255	255	255	255	255	255	255	2	3	255	255	255	255	255	255	255	255	3	255	255	255	255	255	255	255	255	255	4	1	255	255	255	255	255	255	255	255	5	255	255	255	255	255	255	255	255	255	255	255	255	255	255	255	255	255	255	255	255	255	255	255	255	255	255	255	255	255	255	255	255	255	255	255	255	255	255	255	255	255	255	255	255	255	255	255	255	255	255	255	255	255	255	255	255	255	255	255											
33	4294967295	1	-149.39	2.67	167.4	-148.05	4.47	168.31	-148.72	3.51	167.63	0	0	1	1	0	1	PD04_T_LEVER_03	1.21075	23	4294967295	4294967295	3	65535	65535	255	4294967295	4294967295	1	255	255	255	255	255	255	255	255	255	2	3	255	255	255	255	255	255	255	255	3	255	255	255	255	255	255	255	255	255	4	1	255	255	255	255	255	255	255	255	255	255	255	255	255	255	255	255	255	255	255	255	255	255	255	255	255	255	255	255	255	255	255	255	255	255	255	255	255	255	255	255	255	255	255	255	255	255	255	255	255	255	255	255	255	255	255	255	255	255	255	255	255	255	255	255	255	255	255	255											
34	4294967295	1	104.93	2.77	183.74	115.6	26.81	194.42	110.27	2.77	189.08	-0.707107	0	0.707107	0	0	1	PD04_F2_R2_DOOR02	14.1936	24	4294967295	4294967295	3	65535	65535	255	4294967295	4294967295	1	255	255	255	255	255	255	255	255	255	2	255	255	255	255	255	255	255	255	255	255	255	255	255	255	255	255	255	255	255	255	255	255	255	255	255	255	255	255	255	255	255	255	255	255	255	255	255	255	255	255	255	255	255	255	255	255	255	255	255	255	255	255	255	255	255	255	255	255	255	255	255	255	255	255	255	255	255	255	255	255	255	255	255	255	255	255	255	255	255	255	255	255	255	255	255	255	255	255	255											
35	4294967295	1	168.9	0.18	-334.39	170.14	1.46	-333.12	169.52	0.18	-333.75	0.848559	0	0.529101	1	0	1	PD04_T_LEVER_02	1.09418	25	4294967295	4294967295	3	65535	65535	255	4294967295	4294967295	1	255	255	255	255	255	255	255	255	255	5	255	255	255	255	255	255	255	255	255	2	3	255	255	255	255	255	255	255	255	3	255	255	255	255	255	255	255	255	255	4	1	255	255	255	255	255	255	255	255	255	255	255	255	255	255	255	255	255	255	255	255	255	255	255	255	255	255	255	255	255	255	255	255	255	255	255	255	255	255	255	255	255	255	255	255	255	255	255	255	255	255	255	255	255	255	255	255	255	255											
36	4294967295	1	265.88	0.18	-333.84	267.12	1.46	-332.58	266.5	0.18	-333.21	-0.848559	0	0.529101	1	0	1	PD04_T_LEVER_02	1.09128	26	4294967295	4294967295	3	65535	65535	255	4294967295	4294967295	1	255	255	255	255	255	255	255	255	255	5	255	255	255	255	255	255	255	255	255	2	3	255	255	255	255	255	255	255	255	3	255	255	255	255	255	255	255	255	255	4	1	255	255	255	255	255	255	255	255	255	255	255	255	255	255	255	255	255	255	255	255	255	255	255	255	255	255	255	255	255	255	255	255	255	255	255	255	255	255	255	255	255	255	255	255	255	255	255	255	255	255	255	255	255	255	255	255	255	255											
37	4294967295	1	203.47	0.56	-309.76	232.79	19.97	-284.22	218.13	0.46	-301.17	0	0	1	0	0	1	PD04_F3_R1_KIRI02	21.7296	27	4294967295	4294967295	3	65535	65535	255	4294967295	4294967295	1	255	255	255	255	255	255	255	255	255	2	255	255	255	255	255	255	255	255	255	255	255	255	255	255	255	255	255	255	255	255	255	255	255	255	255	255	255	255	255	255	255	255	255	255	255	255	255	255	255	255	255	255	255	255	255	255	255	255	255	255	255	255	255	255	255	255	255	255	255	255	255	255	255	255	255	255	255	255	255	255	255	255	255	255	255	255	255	255	255	255	255	255	255	255	255	255	255	255	255											
38	4294967295	1	214.13	0.31	-368.51	222.17	48.18	-362.93	218.15	0.31	-365.72	0	0	-1	1	0	1	PD04_T_ELEVATOR01	24.4301	28	4294967295	4294967295	3	65535	65535	255	4294967295	4294967295	1	255	255	255	255	255	255	255	255	255	2	3	255	255	255	255	255	255	255	255	3	255	255	255	255	255	255	255	255	255	4	1	255	255	255	255	255	255	255	255	255	255	255	255	255	255	255	255	255	255	255	255	255	255	255	255	255	255	255	255	255	255	255	255	255	255	255	255	255	255	255	255	255	255	255	255	255	255	255	255	255	255	255	255	255	255	255	255	255	255	255	255	255	255	255	255	255	255	255	255											
39	4294967295	4194304	214.25	0.18	-362.96	222.25	8.18	-362.96	218.25	0.18	-362.96	0	0	1	0	0	1	PORTAL_COLLISION	5.65685	29	4294967295	4294967295	3	65535	65535	255	4294967295	4294967295	4	255	255	255	255	255	255	255	255	255	1	255	255	255	255	255	255	255	255	255	255	255	255	255	255	255	255	255	255	255	255	255	255	255	255	255	255	255	255	255	255	255	255	255	255	255	255	255	255	255	255	255	255	255	255	255	255	255	255	255	255	255	255	255	255	255	255	255	255	255	255	255	255	255	255	255	255	255	255	255	255	255	255	255	255	255	255	255	255	255	255	255	255	255	255	255	255	255	255	255											
40	4294967295	4194304	-202.4	0.05	-271.81	-194.4	8.05	-271.81	-198.4	0.05	-271.81	0	0	1	0	0	1	PORTAL_COLLISION	5.65685	30	4294967295	4294967295	3	65535	65535	255	4294967295	4294967295	4	255	255	255	255	255	255	255	255	255	1	255	255	255	255	255	255	255	255	255	255	255	255	255	255	255	255	255	255	255	255	255	255	255	255	255	255	255	255	255	255	255	255	255	255	255	255	255	255	255	255	255	255	255	255	255	255	255	255	255	255	255	255	255	255	255	255	255	255	255	255	255	255	255	255	255	255	255	255	255	255	255	255	255	255	255	255	255	255	255	255	255	255	255	255	255	255	255	255	255											
