1	4294967295	0	-317.45	138.25	-650.4	-307.59	143.25	-640.54	-312.52	138.25	-645.47	0.639202	0	-0.769039	1	3	1	Q1_TIMEMACHINE_001	7.40676	0	4294967295	4294967295	4	65535	65535	255	4294967295	4294967295	1	2	255	255	255	255	255	255	255	255	2	255	255	255	255	255	255	255	255	255	3	4	255	255	255	255	255	255	255	255	4	255	255	255	255	255	255	255	255	255	255	255	255	255	255	255	255	255	255	255	255	255	255	255	255	255	255	255	255	255	255	255	255	255	255	255	255	255	255	255	255	255	255	255	255	255	255	255	255	255	255	255	255	255	255	255	255	255	255	255	255	255	255	255	255	255	255	255	255	255											
2	4294967295	0	-159.81	134.72	-364.57	-152.81	139.72	-357.57	-156.31	134.72	-361.07	0	0	1	1	3	1	Q1_TIMEMACHINE_001	5.54527	1	4294967295	4294967295	4	65535	65535	255	4294967295	4294967295	1	2	255	255	255	255	255	255	255	255	2	255	255	255	255	255	255	255	255	255	3	4	255	255	255	255	255	255	255	255	4	255	255	255	255	255	255	255	255	255	255	255	255	255	255	255	255	255	255	255	255	255	255	255	255	255	255	255	255	255	255	255	255	255	255	255	255	255	255	255	255	255	255	255	255	255	255	255	255	255	255	255	255	255	255	255	255	255	255	255	255	255	255	255	255	255	255	255	255	255											
3	4294967295	0	-508.29	136.61	491.45	-501.29	141.61	498.45	-504.79	136.61	494.95	0	0	1	1	1	1	Q1_TIMEMACHINE_001	5.54527	2	4294967295	4294967295	4	65535	65535	255	4294967295	4294967295	1	2	255	255	255	255	255	255	255	255	2	255	255	255	255	255	255	255	255	255	3	4	255	255	255	255	255	255	255	255	4	255	255	255	255	255	255	255	255	255	255	255	255	255	255	255	255	255	255	255	255	255	255	255	255	255	255	255	255	255	255	255	255	255	255	255	255	255	255	255	255	255	255	255	255	255	255	255	255	255	255	255	255	255	255	255	255	255	255	255	255	255	255	255	255	255	255	255	255	255											
4	4294967295	0	-114.33	140.83	65.84	-107.33	145.83	72.84	-110.83	140.83	69.34	0	0	1	1	3	1	Q1_TIMEMACHINE_001	5.54527	3	4294967295	4294967295	4	65535	65535	255	4294967295	4294967295	1	2	255	255	255	255	255	255	255	255	2	255	255	255	255	255	255	255	255	255	3	4	255	255	255	255	255	255	255	255	4	255	255	255	255	255	255	255	255	255	255	255	255	255	255	255	255	255	255	255	255	255	255	255	255	255	255	255	255	255	255	255	255	255	255	255	255	255	255	255	255	255	255	255	255	255	255	255	255	255	255	255	255	255	255	255	255	255	255	255	255	255	255	255	255	255	255	255	255	255											
6	4294967295	0	321.98	141.98	204.67	384.71	167.82	217.48	353.34	142	211.09	0.0499376	0	0.998752	1	0	1	Q7_T_DOOR_001	34.5212	4	4294967295	4294967295	4	65535	65535	255	4294967295	4294967295	1	255	255	255	255	255	255	255	255	255	2	3	255	255	255	255	255	255	255	255	3	255	255	255	255	255	255	255	255	255	4	1	255	255	255	255	255	255	255	255	255	255	255	255	255	255	255	255	255	255	255	255	255	255	255	255	255	255	255	255	255	255	255	255	255	255	255	255	255	255	255	255	255	255	255	255	255	255	255	255	255	255	255	255	255	255	255	255	255	255	255	255	255	255	255	255	255	255	255	255											
7	4294967295	0	305.18	141.66	141.28	367.11	167.5	170.89	336.14	141.68	156.1	0.331245	0	0.943545	1	0	1	Q7_T_DOOR_001	36.6735	5	4294967295	4294967295	4	65535	65535	255	4294967295	4294967295	1	255	255	255	255	255	255	255	255	255	2	3	255	255	255	255	255	255	255	255	3	255	255	255	255	255	255	255	255	255	4	1	255	255	255	255	255	255	255	255	255	255	255	255	255	255	255	255	255	255	255	255	255	255	255	255	255	255	255	255	255	255	255	255	255	255	255	255	255	255	255	255	255	255	255	255	255	255	255	255	255	255	255	255	255	255	255	255	255	255	255	255	255	255	255	255	255	255	255	255											
8	4294967295	0	284.22	144.85	80.54	347.23	170.69	100.77	315.72	144.87	90.67	0.170917	0	0.985286	1	0	1	Q7_T_DOOR_001	35.5219	6	4294967295	4294967295	4	65535	65535	255	4294967295	4294967295	1	255	255	255	255	255	255	255	255	255	2	3	255	255	255	255	255	255	255	255	3	255	255	255	255	255	255	255	255	255	4	1	255	255	255	255	255	255	255	255	255	255	255	255	255	255	255	255	255	255	255	255	255	255	255	255	255	255	255	255	255	255	255	255	255	255	255	255	255	255	255	255	255	255	255	255	255	255	255	255	255	255	255	255	255	255	255	255	255	255	255	255	255	255	255	255	255	255	255	255											
9	4294967295	0	277.62	145.15	8.32	340.42	170.99	21.87	309.02	145.17	15.11	0.0698291	0	0.997559	1	0	1	Q7_T_DOOR_001	34.6235	7	4294967295	4294967295	4	65535	65535	255	4294967295	4294967295	1	255	255	255	255	255	255	255	255	255	2	3	255	255	255	255	255	255	255	255	3	255	255	255	255	255	255	255	255	255	4	1	255	255	255	255	255	255	255	255	255	255	255	255	255	255	255	255	255	255	255	255	255	255	255	255	255	255	255	255	255	255	255	255	255	255	255	255	255	255	255	255	255	255	255	255	255	255	255	255	255	255	255	255	255	255	255	255	255	255	255	255	255	255	255	255	255	255	255	255											
11	4294967295	1	-857.74	111.88	-1181.99	-856.37	113.07	-1181.14	-857.06	112.51	-1181.55	0.328135	0	-0.944631	0	0	1	Q7_T_BATTLESUIT_01	1.00193	8	4294967295	4294967295	4	65535	65535	255	4294967295	4294967295	1	255	255	255	255	255	255	255	255	255	255	255	255	255	255	255	255	255	255	255	255	255	255	255	255	255	255	255	255	255	255	255	255	255	255	255	255	255	255	255	255	255	255	255	255	255	255	255	255	255	255	255	255	255	255	255	255	255	255	255	255	255	255	255	255	255	255	255	255	255	255	255	255	255	255	255	255	255	255	255	255	255	255	255	255	255	255	255	255	255	255	255	255	255	255	255	255	255	255	255											
12	4294967295	1	-860.3	111.87	-1182.88	-858.93	113.06	-1182.03	-859.62	112.5	-1182.44	0.328135	0	-0.944631	0	0	1	Q7_T_BATTLESUIT_01	1.00193	9	4294967295	4294967295	4	65535	65535	255	4294967295	4294967295	1	255	255	255	255	255	255	255	255	255	255	255	255	255	255	255	255	255	255	255	255	255	255	255	255	255	255	255	255	255	255	255	255	255	255	255	255	255	255	255	255	255	255	255	255	255	255	255	255	255	255	255	255	255	255	255	255	255	255	255	255	255	255	255	255	255	255	255	255	255	255	255	255	255	255	255	255	255	255	255	255	255	255	255	255	255	255	255	255	255	255	255	255	255	255	255	255	255	255	255											
13	4294967295	1	286.06	145.1	75.08	290.46	151.97	79.62	287.94	145.1	77.61	0.777941	0	-0.628337	1	3	1	Q7_O_LEVER_001	4.6682	10	4294967295	4294967295	4	65535	65535	255	4294967295	4294967295	1	255	255	255	255	255	255	255	255	255	2	3	255	255	255	255	255	255	255	255	3	255	255	255	255	255	255	255	255	255	4	255	255	255	255	255	255	255	255	255	255	255	255	255	255	255	255	255	255	255	255	255	255	255	255	255	255	255	255	255	255	255	255	255	255	255	255	255	255	255	255	255	255	255	255	255	255	255	255	255	255	255	255	255	255	255	255	255	255	255	255	255	255	255	255	255	255	255	255	255											
14	4294967295	1	286.06	145.1	75.08	290.46	151.97	79.62	287.94	145.1	77.61	0.777941	0	-0.628337	1	3	1	Q7_O_LEVER_001	4.6682	11	4294967295	4294967295	4	65535	65535	255	4294967295	4294967295	1	255	255	255	255	255	255	255	255	255	2	3	255	255	255	255	255	255	255	255	3	255	255	255	255	255	255	255	255	255	4	255	255	255	255	255	255	255	255	255	255	255	255	255	255	255	255	255	255	255	255	255	255	255	255	255	255	255	255	255	255	255	255	255	255	255	255	255	255	255	255	255	255	255	255	255	255	255	255	255	255	255	255	255	255	255	255	255	255	255	255	255	255	255	255	255	255	255	255	255											
15	4294967295	1	286.06	145.1	75.08	290.46	151.97	79.62	287.94	145.1	77.61	0.777941	0	-0.628337	1	3	1	Q7_O_LEVER_001	4.6682	12	4294967295	4294967295	4	65535	65535	255	4294967295	4294967295	1	255	255	255	255	255	255	255	255	255	2	3	255	255	255	255	255	255	255	255	3	255	255	255	255	255	255	255	255	255	4	255	255	255	255	255	255	255	255	255	255	255	255	255	255	255	255	255	255	255	255	255	255	255	255	255	255	255	255	255	255	255	255	255	255	255	255	255	255	255	255	255	255	255	255	255	255	255	255	255	255	255	255	255	255	255	255	255	255	255	255	255	255	255	255	255	255	255	255	255											
16	4294967295	1	286.06	145.1	75.08	290.46	151.97	79.62	287.94	145.1	77.61	0.777941	0	-0.628337	1	3	1	Q7_O_LEVER_001	4.6682	13	4294967295	4294967295	4	65535	65535	255	4294967295	4294967295	1	255	255	255	255	255	255	255	255	255	2	3	255	255	255	255	255	255	255	255	3	255	255	255	255	255	255	255	255	255	4	255	255	255	255	255	255	255	255	255	255	255	255	255	255	255	255	255	255	255	255	255	255	255	255	255	255	255	255	255	255	255	255	255	255	255	255	255	255	255	255	255	255	255	255	255	255	255	255	255	255	255	255	255	255	255	255	255	255	255	255	255	255	255	255	255	255	255	255	255											
17	4294967295	1	278.26	144.87	23.82	282.61	151.74	28.36	280.11	144.87	25.84	0.8	0	0.6	1	3	1	Q7_O_LEVER_001	4.65647	14	4294967295	4294967295	4	65535	65535	255	4294967295	4294967295	1	255	255	255	255	255	255	255	255	255	2	3	255	255	255	255	255	255	255	255	3	255	255	255	255	255	255	255	255	255	4	255	255	255	255	255	255	255	255	255	255	255	255	255	255	255	255	255	255	255	255	255	255	255	255	255	255	255	255	255	255	255	255	255	255	255	255	255	255	255	255	255	255	255	255	255	255	255	255	255	255	255	255	255	255	255	255	255	255	255	255	255	255	255	255	255	255	255	255	255											
18	4294967295	1	278.26	144.87	23.82	282.61	151.74	28.36	280.11	144.87	25.84	0.8	0	0.6	1	3	1	Q7_O_LEVER_001	4.65647	15	4294967295	4294967295	4	65535	65535	255	4294967295	4294967295	1	255	255	255	255	255	255	255	255	255	2	3	255	255	255	255	255	255	255	255	3	255	255	255	255	255	255	255	255	255	4	255	255	255	255	255	255	255	255	255	255	255	255	255	255	255	255	255	255	255	255	255	255	255	255	255	255	255	255	255	255	255	255	255	255	255	255	255	255	255	255	255	255	255	255	255	255	255	255	255	255	255	255	255	255	255	255	255	255	255	255	255	255	255	255	255	255	255	255	255											
19	4294967295	1	278.26	144.87	23.82	282.61	151.74	28.36	280.11	144.87	25.84	0.8	0	0.6	1	3	1	Q7_O_LEVER_001	4.65647	16	4294967295	4294967295	4	65535	65535	255	4294967295	4294967295	1	255	255	255	255	255	255	255	255	255	2	3	255	255	255	255	255	255	255	255	3	255	255	255	255	255	255	255	255	255	4	255	255	255	255	255	255	255	255	255	255	255	255	255	255	255	255	255	255	255	255	255	255	255	255	255	255	255	255	255	255	255	255	255	255	255	255	255	255	255	255	255	255	255	255	255	255	255	255	255	255	255	255	255	255	255	255	255	255	255	255	255	255	255	255	255	255	255	255	255											
20	4294967295	1	278.26	144.87	23.82	282.61	151.74	28.36	280.11	144.87	25.84	0.8	0	0.6	1	3	1	Q7_O_LEVER_001	4.65647	17	4294967295	4294967295	4	65535	65535	255	4294967295	4294967295	1	255	255	255	255	255	255	255	255	255	2	3	255	255	255	255	255	255	255	255	3	255	255	255	255	255	255	255	255	255	4	255	255	255	255	255	255	255	255	255	255	255	255	255	255	255	255	255	255	255	255	255	255	255	255	255	255	255	255	255	255	255	255	255	255	255	255	255	255	255	255	255	255	255	255	255	255	255	255	255	255	255	255	255	255	255	255	255	255	255	255	255	255	255	255	255	255	255	255	255											
21	4294967295	1	329.54	145.07	18.94	333.95	151.94	23.47	332.06	145.07	20.94	-0.769039	0	0.639202	1	3	1	Q7_O_LEVER_001	4.66813	18	4294967295	4294967295	4	65535	65535	255	4294967295	4294967295	1	255	255	255	255	255	255	255	255	255	2	3	255	255	255	255	255	255	255	255	3	255	255	255	255	255	255	255	255	255	4	255	255	255	255	255	255	255	255	255	255	255	255	255	255	255	255	255	255	255	255	255	255	255	255	255	255	255	255	255	255	255	255	255	255	255	255	255	255	255	255	255	255	255	255	255	255	255	255	255	255	255	255	255	255	255	255	255	255	255	255	255	255	255	255	255	255	255	255	255											
22	4294967295	1	329.54	145.07	18.94	333.95	151.94	23.47	332.06	145.07	20.94	-0.769039	0	0.639202	1	3	1	Q7_O_LEVER_001	4.66813	19	4294967295	4294967295	4	65535	65535	255	4294967295	4294967295	1	255	255	255	255	255	255	255	255	255	2	3	255	255	255	255	255	255	255	255	3	255	255	255	255	255	255	255	255	255	4	255	255	255	255	255	255	255	255	255	255	255	255	255	255	255	255	255	255	255	255	255	255	255	255	255	255	255	255	255	255	255	255	255	255	255	255	255	255	255	255	255	255	255	255	255	255	255	255	255	255	255	255	255	255	255	255	255	255	255	255	255	255	255	255	255	255	255	255	255											
23	4294967295	1	329.54	145.07	18.94	333.95	151.94	23.47	332.06	145.07	20.94	-0.769039	0	0.639202	1	3	1	Q7_O_LEVER_001	4.66813	20	4294967295	4294967295	4	65535	65535	255	4294967295	4294967295	1	255	255	255	255	255	255	255	255	255	2	3	255	255	255	255	255	255	255	255	3	255	255	255	255	255	255	255	255	255	4	255	255	255	255	255	255	255	255	255	255	255	255	255	255	255	255	255	255	255	255	255	255	255	255	255	255	255	255	255	255	255	255	255	255	255	255	255	255	255	255	255	255	255	255	255	255	255	255	255	255	255	255	255	255	255	255	255	255	255	255	255	255	255	255	255	255	255	255	255											
24	4294967295	1	329.54	145.07	18.94	333.95	151.94	23.47	332.06	145.07	20.94	-0.769039	0	0.639202	1	3	1	Q7_O_LEVER_001	4.66813	21	4294967295	4294967295	4	65535	65535	255	4294967295	4294967295	1	255	255	255	255	255	255	255	255	255	2	3	255	255	255	255	255	255	255	255	3	255	255	255	255	255	255	255	255	255	4	255	255	255	255	255	255	255	255	255	255	255	255	255	255	255	255	255	255	255	255	255	255	255	255	255	255	255	255	255	255	255	255	255	255	255	255	255	255	255	255	255	255	255	255	255	255	255	255	255	255	255	255	255	255	255	255	255	255	255	255	255	255	255	255	255	255	255	255	255											
25	4294967295	1	340.87	145.07	57.77	344.73	151.94	62.17	343.18	145.07	60.13	-0.929164	0	-0.369667	1	3	1	Q7_O_LEVER_001	4.51266	22	4294967295	4294967295	4	65535	65535	255	4294967295	4294967295	1	255	255	255	255	255	255	255	255	255	2	3	255	255	255	255	255	255	255	255	3	255	255	255	255	255	255	255	255	255	4	255	255	255	255	255	255	255	255	255	255	255	255	255	255	255	255	255	255	255	255	255	255	255	255	255	255	255	255	255	255	255	255	255	255	255	255	255	255	255	255	255	255	255	255	255	255	255	255	255	255	255	255	255	255	255	255	255	255	255	255	255	255	255	255	255	255	255	255	255											
26	4294967295	1	340.87	145.07	57.77	344.73	151.94	62.17	343.18	145.07	60.13	-0.929164	0	-0.369667	1	3	1	Q7_O_LEVER_001	4.51266	23	4294967295	4294967295	4	65535	65535	255	4294967295	4294967295	1	255	255	255	255	255	255	255	255	255	2	3	255	255	255	255	255	255	255	255	3	255	255	255	255	255	255	255	255	255	4	255	255	255	255	255	255	255	255	255	255	255	255	255	255	255	255	255	255	255	255	255	255	255	255	255	255	255	255	255	255	255	255	255	255	255	255	255	255	255	255	255	255	255	255	255	255	255	255	255	255	255	255	255	255	255	255	255	255	255	255	255	255	255	255	255	255	255	255	255											
27	4294967295	1	340.87	145.07	57.77	344.73	151.94	62.17	343.18	145.07	60.13	-0.929164	0	-0.369667	1	3	1	Q7_O_LEVER_001	4.51266	24	4294967295	4294967295	4	65535	65535	255	4294967295	4294967295	1	255	255	255	255	255	255	255	255	255	2	3	255	255	255	255	255	255	255	255	3	255	255	255	255	255	255	255	255	255	4	255	255	255	255	255	255	255	255	255	255	255	255	255	255	255	255	255	255	255	255	255	255	255	255	255	255	255	255	255	255	255	255	255	255	255	255	255	255	255	255	255	255	255	255	255	255	255	255	255	255	255	255	255	255	255	255	255	255	255	255	255	255	255	255	255	255	255	255	255											
28	4294967295	1	340.87	145.07	57.77	344.73	151.94	62.17	343.18	145.07	60.13	-0.929164	0	-0.369667	1	3	1	Q7_O_LEVER_001	4.51266	25	4294967295	4294967295	4	65535	65535	255	4294967295	4294967295	1	255	255	255	255	255	255	255	255	255	2	3	255	255	255	255	255	255	255	255	3	255	255	255	255	255	255	255	255	255	4	255	255	255	255	255	255	255	255	255	255	255	255	255	255	255	255	255	255	255	255	255	255	255	255	255	255	255	255	255	255	255	255	255	255	255	255	255	255	255	255	255	255	255	255	255	255	255	255	255	255	255	255	255	255	255	255	255	255	255	255	255	255	255	255	255	255	255	255	255											
29	4294967295	1	-623.4	151.53	228.86	-620.07	156.33	232.31	-621.74	151.53	230.59	0.721988	0	0.691905	0	0	1	PORTAL_COLLISION	3.39233	26	4294967295	4294967295	4	65535	65535	255	4294967295	4294967295	4	255	255	255	255	255	255	255	255	255	1	255	255	255	255	255	255	255	255	255	255	255	255	255	255	255	255	255	255	255	255	255	255	255	255	255	255	255	255	255	255	255	255	255	255	255	255	255	255	255	255	255	255	255	255	255	255	255	255	255	255	255	255	255	255	255	255	255	255	255	255	255	255	255	255	255	255	255	255	255	255	255	255	255	255	255	255	255	255	255	255	255	255	255	255	255	255	255	255	255											
30	4294967295	1	-965.39	112.38	-1088.12	-961.01	117.18	-1086.17	-963.2	112.38	-1087.14	-0.410781	0	0.911734	0	0	1	PORTAL_COLLISION	3.39215	27	4294967295	4294967295	4	65535	65535	255	4294967295	4294967295	4	255	255	255	255	255	255	255	255	255	1	255	255	255	255	255	255	255	255	255	255	255	255	255	255	255	255	255	255	255	255	255	255	255	255	255	255	255	255	255	255	255	255	255	255	255	255	255	255	255	255	255	255	255	255	255	255	255	255	255	255	255	255	255	255	255	255	255	255	255	255	255	255	255	255	255	255	255	255	255	255	255	255	255	255	255	255	255	255	255	255	255	255	255	255	255	255	255	255	255											
31	4294967295	1	55.01	150.01	318.53	73.77	159.3	337.29	64.39	150.06	327.91	0.944631	0	-0.328135	0	0	1	02_C_SPACESHIP_002	14.0551	28	4294967295	4294967295	4	65535	65535	255	4294967295	4294967295	1	255	255	255	255	255	255	255	255	255	2	255	255	255	255	255	255	255	255	255	255	255	255	255	255	255	255	255	255	255	255	255	255	255	255	255	255	255	255	255	255	255	255	255	255	255	255	255	255	255	255	255	255	255	255	255	255	255	255	255	255	255	255	255	255	255	255	255	255	255	255	255	255	255	255	255	255	255	255	255	255	255	255	255	255	255	255	255	255	255	255	255	255	255	255	255	255	255	255	255											
