1	5711103	846.27	-111.01	-877.6	0.570771	0	0.821109	1	1	1	0	10	10	5	4294967295	3.40282e+38	0	3.40282e+38	4294967295	4294967295	4294967295	4294967295	4294967295	0	1	
2	5682103	637.01	-76.32	-536.02	-0.639202	0	-0.769039	1	1	1	0	10	10	5	4294967295	3.40282e+38	0	3.40282e+38	4294967295	4294967295	4294967295	4294967295	4294967295	0	13	
3	1581203	636.86	-76.32	-536.01	0.617382	0	0.786664	1	1	1	0	10	10	5	4294967295	3.40282e+38	0	3.40282e+38	4294967295	4294967295	4294967295	4294967295	4294967295	0	14	
4	3101103	921.44	-57.9	-639.41	0.498284	0	-0.867014	1	1	10	0	10	10	5	4294967295	3.40282e+38	0	3.40282e+38	4294967295	4294967295	4294967295	4294967295	4294967295	0	2	
5	3101103	882.76	-57.9	-640.73	-0.471108	0	-0.882075	1	1	10	0	10	10	5	4294967295	3.40282e+38	0	3.40282e+38	4294967295	4294967295	4294967295	4294967295	4294967295	0	3	
6	3101103	862.29	-57.02	-608.03	-0.9998	0	-0.019996	1	1	10	0	10	10	5	4294967295	3.40282e+38	0	3.40282e+38	4294967295	4294967295	4294967295	4294967295	4294967295	0	4	
7	3101103	939.6	-57.75	-605.3	0.995974	0	0.0896377	1	1	10	0	10	10	5	4294967295	3.40282e+38	0	3.40282e+38	4294967295	4294967295	4294967295	4294967295	4294967295	0	7	
8	3101103	919.03	-57.69	-572.56	0.43921	0	0.898384	1	1	10	0	10	10	5	4294967295	3.40282e+38	0	3.40282e+38	4294967295	4294967295	4294967295	4294967295	4294967295	0	6	
9	3101103	880.37	-57.94	-573.79	-0.6	0	0.8	1	1	10	0	10	10	5	4294967295	3.40282e+38	0	3.40282e+38	4294967295	4294967295	4294967295	4294967295	4294967295	0	5	
10	7112430	941.8	-57.9	-613.76	0	0	1	1	1	10	1	10	10	5	4294967295	3.40282e+38	0	3.40282e+38	4294967295	4294967295	4294967295	4294967295	2	0	8	
11	7112430	941.16	-57.99	-597.11	0	0	1	1	1	10	1	10	10	5	4294967295	3.40282e+38	0	3.40282e+38	4294967295	4294967295	4294967295	4294967295	2	0	8	
12	7112430	927.7	-58	-572.42	0	0	1	1	1	10	1	10	10	5	4294967295	3.40282e+38	0	3.40282e+38	4294967295	4294967295	4294967295	4294967295	1	0	8	
13	7112430	914.84	-57.25	-565.02	0	0	1	1	1	10	1	10	10	5	4294967295	3.40282e+38	0	3.40282e+38	4294967295	4294967295	4294967295	4294967295	1	0	8	
14	7112430	928.69	-57.65	-636.99	0	0	1	1	1	10	1	10	10	5	4294967295	3.40282e+38	0	3.40282e+38	4294967295	4294967295	4294967295	4294967295	3	0	8	
15	7112430	918.1	-58.22	-647.49	0	0	1	1	1	10	1	10	10	5	4294967295	3.40282e+38	0	3.40282e+38	4294967295	4294967295	4294967295	4294967295	3	0	8	
16	7112430	872.93	-58	-638.49	0	0	1	1	1	10	1	10	10	5	4294967295	3.40282e+38	0	3.40282e+38	4294967295	4294967295	4294967295	4294967295	4	0	8	
17	7112430	882.45	-57.44	-648.8	0	0	1	1	1	10	1	10	10	5	4294967295	3.40282e+38	0	3.40282e+38	4294967295	4294967295	4294967295	4294967295	4	0	8	
18	7112430	857.55	-57.84	-600.65	0	0	1	1	1	10	1	10	10	5	4294967295	3.40282e+38	0	3.40282e+38	4294967295	4294967295	4294967295	4294967295	5	0	8	
19	7112430	855.71	-57.75	-612.32	0	0	1	1	1	10	1	10	10	5	4294967295	3.40282e+38	0	3.40282e+38	4294967295	4294967295	4294967295	4294967295	5	0	8	
20	7112430	872.67	-58.04	-577.96	0	0	1	1	1	10	1	10	10	5	4294967295	3.40282e+38	0	3.40282e+38	4294967295	4294967295	4294967295	4294967295	6	0	8	
21	7112430	880.45	-58	-565.74	0	0	1	1	1	10	1	10	10	5	4294967295	3.40282e+38	0	3.40282e+38	4294967295	4294967295	4294967295	4294967295	6	0	8	
22	7112478	912.72	-57.95	-579.34	0	0	1	1	1	10	1	10	10	5	4294967295	3.40282e+38	0	3.40282e+38	4294967295	4294967295	4294967295	4294967295	1	0	8	
23	7112478	886.1	-58	-579.26	0	0	1	1	1	10	1	10	10	5	4294967295	3.40282e+38	0	3.40282e+38	4294967295	4294967295	4294967295	4294967295	6	0	8	
24	7112478	930.94	-57.97	-603.65	0	0	1	1	1	10	1	10	10	5	4294967295	3.40282e+38	0	3.40282e+38	4294967295	4294967295	4294967295	4294967295	2	0	8	
25	7112478	913.68	-58.06	-633.98	0	0	1	1	1	10	1	10	10	5	4294967295	3.40282e+38	0	3.40282e+38	4294967295	4294967295	4294967295	4294967295	3	0	8	
26	7112478	887.85	-58	-634.94	0	0	1	1	1	10	1	10	10	5	4294967295	3.40282e+38	0	3.40282e+38	4294967295	4294967295	4294967295	4294967295	4	0	8	
27	7112478	869.86	-57.59	-611.56	0	0	1	1	1	10	1	10	10	5	4294967295	3.40282e+38	0	3.40282e+38	4294967295	4294967295	4294967295	4294967295	5	0	8	
28	1612109	485.46	-49.56	-469.81	0.681604	0	-0.731722	1	1	1	0	10	10	5	4294967295	3.40282e+38	0	3.40282e+38	4294967295	4294967295	4294967295	4294967295	4294967295	0	15	
29	5691103	404.66	-38	-348.9	0.882075	0	-0.471108	1	1	1	0	10	10	5	4294967295	3.40282e+38	0	3.40282e+38	4294967295	4294967295	4294967295	4294967295	4294967295	0	16	
30	7114331	654.53	-56.34	-376.51	-0.8	0	-0.6	1	1	1	0	10	10	5	4294967295	3.40282e+38	0	3.40282e+38	4294967295	4294967295	4294967295	4294967295	8	1	12	
31	7114325	652.05	-56.55	-385.88	-0.6	0	0.8	1	1	1	0	10	10	5	4294967295	3.40282e+38	0	3.40282e+38	4294967295	4294967295	4294967295	4294967295	8	0	12	
32	7313106	729.83	-48.48	-373.41	-0.419058	0	-0.907959	1	1	1	0	10	10	5	4294967295	3.40282e+38	0	3.40282e+38	4294967295	4294967295	4294967295	4294967295	7	0	10	
33	7313106	721.51	-49.1	-390.42	0.920691	0	0.390293	1	1	1	0	10	10	5	4294967295	3.40282e+38	0	3.40282e+38	4294967295	4294967295	4294967295	4294967295	7	1	10	
34	7313106	737.54	-46.14	-400.64	-0.707107	0	0.707107	1	1	1	0	10	10	5	4294967295	3.40282e+38	0	3.40282e+38	4294967295	4294967295	4294967295	4294967295	7	0	10	
35	7313106	701.71	-53.68	-375.83	0.98172	0	-0.190333	1	1	1	0	10	10	5	4294967295	3.40282e+38	0	3.40282e+38	4294967295	4294967295	4294967295	4294967295	4294967295	0	10	
36	7313106	679.87	-55.21	-385.25	0.98172	0	0.190333	1	1	1	0	10	10	5	4294967295	3.40282e+38	0	3.40282e+38	4294967295	4294967295	4294967295	4294967295	4294967295	0	10	
37	7114325	639.86	-55.94	-375.58	0.828964	0	-0.559301	1	1	1	0	10	10	5	4294967295	3.40282e+38	0	3.40282e+38	4294967295	4294967295	4294967295	4294967295	8	0	12	
38	7112478	647.8	-55.49	-370.32	0.140021	0	-0.990149	1	1	1	0	10	10	5	4294967295	3.40282e+38	0	3.40282e+38	4294967295	4294967295	4294967295	4294967295	8	0	12	
39	7112478	641.52	-56.28	-385.54	0.517419	0	0.855732	1	1	1	0	10	10	5	4294967295	3.40282e+38	0	3.40282e+38	4294967295	4294967295	4294967295	4294967295	8	0	12	
40	7111437	817.59	-43.8	-375.53	0.0299865	0	-0.99955	1	1	1	0	10	10	5	4294967295	3.40282e+38	0	3.40282e+38	4294967295	4294967295	4294967295	4294967295	4294967295	0	11	
41	8317101	818.65	-43.2	-381.75	0.0299865	0	-0.99955	1	1	1	0	10	10	5	4294967295	3.40282e+38	0	3.40282e+38	4294967295	4294967295	4294967295	4294967295	4294967295	0	11	
42	8317101	823.45	-43.1	-390.32	-0.992734	0	0.120331	1	1	1	0	10	10	5	4294967295	3.40282e+38	0	3.40282e+38	4294967295	4294967295	4294967295	4294967295	4294967295	0	11	
43	8317101	808.9	-43.92	-386.53	0.99955	0	-0.0299865	1	1	1	0	10	10	5	4294967295	3.40282e+38	0	3.40282e+38	4294967295	4294967295	4294967295	4294967295	4294967295	0	11	
44	8317101	814.43	-43.64	-395.4	0.159546	0	0.987191	1	1	1	0	10	10	5	4294967295	3.40282e+38	0	3.40282e+38	4294967295	4294967295	4294967295	4294967295	4294967295	0	11	
45	7111437	828.78	-42.45	-391.9	-0.987191	0	0.159546	1	1	1	0	10	10	5	4294967295	3.40282e+38	0	3.40282e+38	4294967295	4294967295	4294967295	4294967295	4294967295	0	11	
46	7111437	815.78	-43.11	-400.86	0	0	1	1	1	1	0	10	10	5	4294967295	3.40282e+38	0	3.40282e+38	4294967295	4294967295	4294967295	4294967295	4294967295	0	11	
47	7111437	802.12	-43.89	-385.99	0.9998	0	-0.019996	1	1	1	0	10	10	5	4294967295	3.40282e+38	0	3.40282e+38	4294967295	4294967295	4294967295	4294967295	4294967295	0	11	
48	8514101	811.95	-43.87	-391.63	0.786664	0	0.617382	1	1	1	0	10	10	5	4294967295	3.40282e+38	0	3.40282e+38	4294967295	4294967295	4294967295	4294967295	4294967295	0	11	
49	8514101	818.97	-43.73	-392.74	-0.310217	0	0.950666	1	1	1	0	10	10	5	4294967295	3.40282e+38	0	3.40282e+38	4294967295	4294967295	4294967295	4294967295	4294967295	0	11	
50	8514101	813.69	-43.67	-383.44	0.517419	0	-0.855732	1	1	1	0	10	10	5	4294967295	3.40282e+38	0	3.40282e+38	4294967295	4294967295	4294967295	4294967295	4294967295	0	11	
51	8514101	821.65	-42.95	-386.32	-0.855732	0	-0.517419	1	1	1	0	10	10	5	4294967295	3.40282e+38	0	3.40282e+38	4294967295	4294967295	4294967295	4294967295	4294967295	0	11	
52	7313106	883.92	-52.97	-494.36	0.289177	0	-0.957276	1	1	1	0	10	10	5	4294967295	3.40282e+38	0	3.40282e+38	4294967295	4294967295	4294967295	4294967295	4294967295	0	9	
53	7313106	867.24	-50.02	-477.07	0.471108	0	-0.882075	1	1	1	0	10	10	5	4294967295	3.40282e+38	0	3.40282e+38	4294967295	4294967295	4294967295	4294967295	4294967295	0	9	
54	7313106	870.97	-47.57	-453.27	0.170917	0	-0.985286	1	1	1	0	10	10	5	4294967295	3.40282e+38	0	3.40282e+38	4294967295	4294967295	4294967295	4294967295	4294967295	0	9	
55	7313106	853.93	-45.52	-433.95	0.419058	0	-0.907959	1	1	1	0	10	10	5	4294967295	3.40282e+38	0	3.40282e+38	4294967295	4294967295	4294967295	4294967295	4294967295	0	9	
