1	4151212	283.93	-62.31	-1033.8	0.120331	0	-0.992734	1	1	15	0	1	1	1	4294967295	3.40282e+38	0	3.40282e+38	4294967295	4294967295	4294967295	4294967295	4294967295	0	4294967295	
2	1311211	914.79	-102.66	-1119.29	0	0	1	1	1	15	0	1	1	1	4294967295	3.40282e+38	0	3.40282e+38	4294967295	4294967295	4294967295	4294967295	4294967295	0	4294967295	
3	5592108	928.39	-103.05	-1118.56	0	0	1	1	1	15	0	1	1	1	4294967295	3.40282e+38	0	3.40282e+38	4294967295	4294967295	4294967295	4294967295	4294967295	0	4294967295	
4	5063109	869.52	-106.1	-1076.09	0.975232	0	0.221187	1	1	15	0	1	1	1	4294967295	3.40282e+38	0	3.40282e+38	4294967295	4294967295	4294967295	4294967295	4294967295	0	4294967295	
5	6204203	950.86	-107.52	-1098.07	-0.882075	0	-0.471108	1	1	15	0	1	1	1	4294967295	3.40282e+38	0	3.40282e+38	4294967295	4294967295	4294967295	4294967295	4294967295	0	4294967295	
6	6112103	1010.73	-110.65	-1140	0.28	0	0.96	1	1	15	0	1	1	1	4294967295	3.40282e+38	0	3.40282e+38	4294967295	4294967295	4294967295	4294967295	4294967295	0	4294967295	
7	1521102	-30.25	-52.03	-839.05	0	0	1	1	1	15	0	1	1	1	4294967295	3.40282e+38	0	3.40282e+38	4294967295	4294967295	4294967295	4294967295	4294967295	0	4294967295	
8	8512159	-5.76	-42.41	-814.71	-0.911734	0	-0.410781	1	1	15	0	1	1	1	4294967295	3.40282e+38	0	3.40282e+38	4294967295	4294967295	4294967295	4294967295	4294967295	0	4294967295	
9	6071201	45.21	-19.72	-795.2	-0.190333	0	0.98172	1	1	15	0	1	1	1	4294967295	3.40282e+38	0	3.40282e+38	4294967295	4294967295	4294967295	4294967295	4294967295	0	4294967295	
10	7131155	14.07	-50.27	-853.09	-0.965904	0	0.258902	1	1	1	0	1	1	1	4294967295	3.40282e+38	0	3.40282e+38	4294967295	4294967295	4294967295	4294967295	4294967295	0	4294967295	
11	1901103	531.72	-114.17	-968.22	0.660628	0	-0.750713	1	1	15	0	1	1	1	4294967295	3.40282e+38	0	3.40282e+38	4294967295	4294967295	4294967295	4294967295	4294967295	0	4294967295	
12	8755303	983.8	-94.37	-964.33	-0.628337	0	0.777941	1	1	15	0	1	1	1	4294967295	3.40282e+38	0	3.40282e+38	4294967295	4294967295	4294967295	4294967295	4294967295	0	4294967295	
13	8032152	965.97	-108.81	-1005.74	-0.540758	0	-0.841178	1	1	15	0	1	1	1	4294967295	3.40282e+38	0	3.40282e+38	4294967295	4294967295	4294967295	4294967295	4294967295	0	4294967295	
14	3181108	-323.01	-36.66	-612.33	-0.529101	0	-0.848559	1	1	15	0	1	1	1	4294967295	3.40282e+38	0	3.40282e+38	4294967295	4294967295	4294967295	4294967295	4294967295	0	4294967295	
15	4241101	-175.46	-41.04	-572.08	0.994937	0	-0.100499	1	1	15	0	1	1	1	4294967295	3.40282e+38	0	3.40282e+38	4294967295	4294967295	4294967295	4294967295	4294967295	0	4294967295	
16	1351121	768.63	-4.7	-520.92	0.0299865	0	-0.99955	1	1	15	0	1	1	1	4294967295	3.40282e+38	0	3.40282e+38	4294967295	4294967295	4294967295	4294967295	4294967295	0	4294967295	
17	2413112	-471.91	-17.84	-476.47	-0.471108	0	-0.882075	1	1	15	0	1	1	1	4294967295	3.40282e+38	0	3.40282e+38	4294967295	4294967295	4294967295	4294967295	4294967295	0	4294967295	
18	8032151	-119.51	-50.4	-511.18	-0.9998	0	-0.019996	1	1	15	0	1	1	1	4294967295	3.40282e+38	0	3.40282e+38	4294967295	4294967295	4294967295	4294967295	4294967295	0	4294967295	
19	6072101	491.98	-26.53	-285.54	0.828964	0	-0.559301	1	1	15	0	1	1	1	4294967295	3.40282e+38	0	3.40282e+38	4294967295	4294967295	4294967295	4294967295	4294967295	0	4294967295	
20	5731106	743.59	-29.56	-389.81	0.867014	0	-0.498284	1	1	15	0	1	1	1	4294967295	3.40282e+38	0	3.40282e+38	4294967295	4294967295	4294967295	4294967295	4294967295	0	4294967295	
21	8512154	-900.23	-29.71	-213.76	0.882075	0	0.471108	1	1	15	0	1	1	1	4294967295	3.40282e+38	0	3.40282e+38	4294967295	4294967295	4294967295	4294967295	4294967295	0	4294967295	
22	1654112	-744.6	-4	-234.24	0.691905	0	0.721988	1	1	15	0	1	1	1	4294967295	3.40282e+38	0	3.40282e+38	4294967295	4294967295	4294967295	4294967295	4294967295	0	4294967295	
23	2801205	-383.94	-24.58	-98.45	-0.390293	0	0.920691	1	1	15	0	1	1	1	4294967295	3.40282e+38	0	3.40282e+38	4294967295	4294967295	4294967295	4294967295	4294967295	0	4294967295	
24	6111202	-379.5	-24.02	-95.44	-0.617382	0	0.786664	1	1	15	0	1	1	1	4294967295	3.40282e+38	0	3.40282e+38	4294967295	4294967295	4294967295	4294967295	4294967295	0	4294967295	
25	8032150	-372.88	-23.6	-106.28	0.540758	0	0.841178	1	1	15	0	1	1	1	4294967295	3.40282e+38	0	3.40282e+38	4294967295	4294967295	4294967295	4294967295	4294967295	0	4294967295	
26	1655203	208.73	-24.49	-84.52	-0.970728	0	-0.24018	1	1	15	0	1	1	1	4294967295	3.40282e+38	0	3.40282e+38	4294967295	4294967295	4294967295	4294967295	4294967295	0	4294967295	
27	6203102	261.83	-26.63	-158.67	-0.990149	0	-0.140021	1	1	15	0	1	1	1	4294967295	3.40282e+38	0	3.40282e+38	4294967295	4294967295	4294967295	4294967295	4294967295	0	4294967295	
28	6204202	265.12	-26.63	-153.99	-0.994937	0	-0.100499	1	1	15	0	1	1	1	4294967295	3.40282e+38	0	3.40282e+38	4294967295	4294967295	4294967295	4294967295	4294967295	0	4294967295	
29	6111106	709.55	-27.85	-139.92	0.997559	0	0.0698291	1	1	15	0	1	1	1	4294967295	3.40282e+38	0	3.40282e+38	4294967295	4294967295	4294967295	4294967295	4294967295	0	4294967295	
30	6073201	880.02	-19.73	-51	0.209529	0	-0.977802	1	1	15	0	1	1	1	4294967295	3.40282e+38	0	3.40282e+38	4294967295	4294967295	4294967295	4294967295	4294967295	0	4294967295	
31	2791102	1064.49	-17.79	-184.9	-0.992734	0	0.120331	1	1	15	0	1	1	1	4294967295	3.40282e+38	0	3.40282e+38	4294967295	4294967295	4294967295	4294967295	4294967295	0	4294967295	
32	1551111	-471.17	-9.61	211.42	-0.867014	0	-0.498284	1	1	15	0	1	1	1	4294967295	3.40282e+38	0	3.40282e+38	4294967295	4294967295	4294967295	4294967295	4294967295	0	4294967295	
33	6073101	-74.67	-34.29	4.23	-0.159546	0	-0.987191	1	1	15	0	1	1	1	4294967295	3.40282e+38	0	3.40282e+38	4294967295	4294967295	4294967295	4294967295	4294967295	0	4294967295	
34	4151112	731.49	-26.03	117.55	0.221187	0	-0.975232	1	1	15	0	1	1	1	4294967295	3.40282e+38	0	3.40282e+38	4294967295	4294967295	4294967295	4294967295	4294967295	0	4294967295	
35	3173112	712.41	-26.4	117.58	-0.310217	0	-0.950666	1	1	15	0	1	1	1	4294967295	3.40282e+38	0	3.40282e+38	4294967295	4294967295	4294967295	4294967295	4294967295	0	4294967295	
36	4192108	695.74	-26.72	121.54	-0.0896377	0	-0.995974	1	1	15	0	1	1	1	4294967295	3.40282e+38	0	3.40282e+38	4294967295	4294967295	4294967295	4294967295	4294967295	0	4294967295	
37	7092108	631.63	-26.22	120.41	0.588765	0	-0.808304	1	1	15	0	1	1	1	4294967295	3.40282e+38	0	3.40282e+38	4294967295	4294967295	4294967295	4294967295	4294967295	0	4294967295	
38	4072302	712.49	-26.63	187.86	0.221187	0	-0.975232	1	1	15	0	1	1	1	4294967295	3.40282e+38	0	3.40282e+38	4294967295	4294967295	4294967295	4294967295	4294967295	0	4294967295	
39	4041118	729.4	-26.63	156.36	0.221187	0	-0.975232	1	1	15	0	1	1	1	4294967295	3.40282e+38	0	3.40282e+38	4294967295	4294967295	4294967295	4294967295	4294967295	0	4294967295	
40	4751208	662.57	-26.56	148.62	0.660628	0	-0.750713	1	1	15	0	1	1	1	4294967295	3.40282e+38	0	3.40282e+38	4294967295	4294967295	4294967295	4294967295	4294967295	0	4294967295	
41	4142111	673.75	-26.63	177.2	0.731722	0	-0.681604	1	1	15	0	1	1	1	4294967295	3.40282e+38	0	3.40282e+38	4294967295	4294967295	4294967295	4294967295	4294967295	0	4294967295	
42	8512158	689.96	-26.47	191.26	0.660628	0	-0.750713	1	1	15	0	1	1	1	4294967295	3.40282e+38	0	3.40282e+38	4294967295	4294967295	4294967295	4294967295	4294967295	0	4294967295	
43	5533408	664.78	-26.77	119.91	0.0299865	0	-0.99955	1	1	15	0	1	1	1	4294967295	3.40282e+38	0	3.40282e+38	4294967295	4294967295	4294967295	4294967295	4294967295	0	4294967295	
44	8411126	746.63	-26.63	168.62	-0.769039	0	-0.639202	1	1	15	0	1	1	1	4294967295	3.40282e+38	0	3.40282e+38	4294967295	4294967295	4294967295	4294967295	4294967295	0	4294967295	
45	1111128	708.64	-26.63	203.62	-0.120331	0	-0.992734	1	1	15	0	1	1	1	4294967295	3.40282e+38	0	3.40282e+38	4294967295	4294967295	4294967295	4294967295	4294967295	0	4294967295	
46	7132103	713.27	-26.63	149.62	-0.45122	0	-0.892413	1	1	15	0	1	1	1	4294967295	3.40282e+38	0	3.40282e+38	4294967295	4294967295	4294967295	4294967295	4294967295	0	4294967295	
47	2532144	692.67	-26.61	199.22	0.750713	0	-0.660628	1	1	15	0	1	1	1	4294967295	3.40282e+38	0	3.40282e+38	4294967295	4294967295	4294967295	4294967295	4294967295	0	4294967295	
48	2532194	692.96	-26.62	199.54	0.8	0	-0.6	1	1	15	0	1	1	1	4294967295	3.40282e+38	0	3.40282e+38	4294967295	4294967295	4294967295	4294967295	4294967295	0	4294967295	
49	6413116	668.25	-26.63	163.31	0.808304	0	-0.588765	1	1	1	0	1	1	1	4294967295	3.40282e+38	0	3.40282e+38	4294967295	4294967295	4294967295	4294967295	4294967295	0	4294967295	
50	1483101	-595.64	-22.36	283.13	-0.970728	0	-0.24018	1	1	15	0	1	1	1	4294967295	3.40282e+38	0	3.40282e+38	4294967295	4294967295	4294967295	4294967295	4294967295	0	4294967295	
51	1655302	241.75	13.2	302.91	-0.707107	0	0.707107	1	1	15	0	1	1	1	4294967295	3.40282e+38	0	3.40282e+38	4294967295	4294967295	4294967295	4294967295	4294967295	0	4294967295	
52	6313111	188.75	3.71	300.62	-0.328135	0	0.944631	1	1	15	0	1	1	1	4294967295	3.40282e+38	0	3.40282e+38	4294967295	4294967295	4294967295	4294967295	4294967295	0	4294967295	
53	6314103	136.35	2.54	330.58	0.875578	0	-0.483077	1	1	15	0	1	1	1	4294967295	3.40282e+38	0	3.40282e+38	4294967295	4294967295	4294967295	4294967295	4294967295	0	4294967295	
54	6412111	138.61	2.54	319.77	0	0	1	1	1	15	0	1	1	1	4294967295	3.40282e+38	0	3.40282e+38	4294967295	4294967295	4294967295	4294967295	4294967295	0	4294967295	
55	4752207	101.77	17.1	290.57	0.970728	0	-0.24018	1	1	15	0	1	1	1	4294967295	3.40282e+38	0	3.40282e+38	4294967295	4294967295	4294967295	4294967295	4294967295	0	4294967295	
56	4142110	89.71	16.97	351.55	0.617382	0	-0.786664	1	1	15	0	1	1	1	4294967295	3.40282e+38	0	3.40282e+38	4294967295	4294967295	4294967295	4294967295	4294967295	0	4294967295	
57	1351125	196.78	0.52	328.46	-0.120331	0	0.992734	1	1	15	0	1	1	1	4294967295	3.40282e+38	0	3.40282e+38	4294967295	4294967295	4294967295	4294967295	4294967295	0	4294967295	
58	5041136	65.52	19.32	349.96	0.99955	0	-0.0299865	1	1	15	0	1	1	1	4294967295	3.40282e+38	0	3.40282e+38	4294967295	4294967295	4294967295	4294967295	4294967295	0	4294967295	
59	8511119	163.11	3.33	289.24	0	0	1	1	1	15	0	1	1	1	4294967295	3.40282e+38	0	3.40282e+38	4294967295	4294967295	4294967295	4294967295	4294967295	0	4294967295	
60	3221213	93.32	17.91	319.53	1	0	0	1	1	15	0	1	1	1	4294967295	3.40282e+38	0	3.40282e+38	4294967295	4294967295	4294967295	4294967295	4294967295	0	4294967295	
61	4511311	165.53	2.01	329.53	0	0	1	1	1	15	0	1	1	1	4294967295	3.40282e+38	0	3.40282e+38	4294967295	4294967295	4294967295	4294967295	4294967295	0	4294967295	
62	4372109	107.42	17.9	342.04	0.540758	0	-0.841178	1	1	15	0	1	1	1	4294967295	3.40282e+38	0	3.40282e+38	4294967295	4294967295	4294967295	4294967295	4294967295	0	4294967295	
63	4072301	163.64	-33.55	378.7	0.120331	0	0.992734	1	1	15	0	1	1	1	4294967295	3.40282e+38	0	3.40282e+38	4294967295	4294967295	4294967295	4294967295	4294967295	0	4294967295	
64	5041153	65.02	19.37	349.52	0.998752	0	-0.0499376	1	1	15	0	1	1	1	4294967295	3.40282e+38	0	3.40282e+38	4294967295	4294967295	4294967295	4294967295	4294967295	0	4294967295	
65	7711203	578.13	-28.25	341.97	-0.517419	0	0.855732	1	1	15	0	1	1	1	4294967295	3.40282e+38	0	3.40282e+38	4294967295	4294967295	4294967295	4294967295	4294967295	0	4294967295	
66	4651106	587.37	-27.97	358.9	0.360994	0	-0.932568	1	1	15	0	1	1	1	4294967295	3.40282e+38	0	3.40282e+38	4294967295	4294967295	4294967295	4294967295	4294967295	0	4294967295	
67	1653115	595.66	-28	345.99	-0.975232	0	0.221187	1	1	15	0	1	1	1	4294967295	3.40282e+38	0	3.40282e+38	4294967295	4294967295	4294967295	4294967295	4294967295	0	4294967295	
68	3183120	565.7	-28.23	354.63	-0.957276	0	-0.289177	1	1	15	0	1	1	1	4294967295	3.40282e+38	0	3.40282e+38	4294967295	4294967295	4294967295	4294967295	4294967295	0	4294967295	
69	3148104	896.98	18.55	326.28	0	0	1	1	1	15	0	1	1	1	4294967295	3.40282e+38	0	3.40282e+38	4294967295	4294967295	4294967295	4294967295	4294967295	0	4294967295	
70	3291101	1047.01	-15.38	260.87	0.691905	0	0.721988	1	1	15	0	1	1	1	4294967295	3.40282e+38	0	3.40282e+38	4294967295	4294967295	4294967295	4294967295	4294967295	0	4294967295	
71	3132103	1161.4	-35.09	419.08	-0.892413	0	0.45122	1	1	15	0	1	1	1	4294967295	3.40282e+38	0	3.40282e+38	4294967295	4294967295	4294967295	4294967295	4294967295	0	4294967295	
72	5531501	-261.86	-39.95	677.84	0.0896377	0	-0.995974	1	1	15	0	1	1	1	4294967295	3.40282e+38	0	3.40282e+38	4294967295	4294967295	4294967295	4294967295	4294967295	0	4294967295	
73	3291202	-433.82	-27.7	615.23	0.140021	0	0.990149	1	1	15	0	1	1	1	4294967295	3.40282e+38	0	3.40282e+38	4294967295	4294967295	4294967295	4294967295	4294967295	0	4294967295	
74	2802103	-190.49	22.82	721.37	-0.950666	0	0.310217	1	1	15	0	1	1	1	4294967295	3.40282e+38	0	3.40282e+38	4294967295	4294967295	4294967295	4294967295	4294967295	0	4294967295	
75	4951101	590.46	-19.7	640.42	0	0	1	1	1	15	0	1	1	1	4294967295	3.40282e+38	0	3.40282e+38	4294967295	4294967295	4294967295	4294967295	4294967295	0	4294967295	
76	3142304	532.73	-9.16	624.42	0	0	1	1	1	15	0	1	1	1	4294967295	3.40282e+38	0	3.40282e+38	4294967295	4294967295	4294967295	4294967295	4294967295	0	4294967295	
77	1593101	995.57	13.2	539.13	0.998752	0	0.0499376	1	1	15	0	1	1	1	4294967295	3.40282e+38	0	3.40282e+38	4294967295	4294967295	4294967295	4294967295	4294967295	0	4294967295	
78	2952102	913.71	-19.54	616.73	0.992734	0	-0.120331	1	1	15	0	1	1	1	4294967295	3.40282e+38	0	3.40282e+38	4294967295	4294967295	4294967295	4294967295	4294967295	0	4294967295	
79	5065103	1146.81	-28.79	709.96	0.588765	0	0.808304	1	1	15	0	1	1	1	4294967295	3.40282e+38	0	3.40282e+38	4294967295	4294967295	4294967295	4294967295	4294967295	0	4294967295	
80	1861102	1149.71	-28.8	713.87	-0.994937	0	-0.100499	1	1	15	0	1	1	1	4294967295	3.40282e+38	0	3.40282e+38	4294967295	4294967295	4294967295	4294967295	4294967295	0	4294967295	
81	3362102	-310.66	-25.62	783.32	-0.289177	0	-0.957276	1	1	15	0	1	1	1	4294967295	3.40282e+38	0	3.40282e+38	4294967295	4294967295	4294967295	4294967295	4294967295	0	4294967295	
82	4141116	-158.24	-28.55	1012.15	0.9998	0	-0.019996	1	1	15	0	1	1	1	4294967295	3.40282e+38	0	3.40282e+38	4294967295	4294967295	4294967295	4294967295	4294967295	0	4294967295	
83	8032149	-116	-22.21	956.09	-0.639202	0	0.769039	1	1	15	0	1	1	1	4294967295	3.40282e+38	0	3.40282e+38	4294967295	4294967295	4294967295	4294967295	4294967295	0	4294967295	
84	2611205	184.25	2.51	916.06	0.019996	0	0.9998	1	1	15	0	1	1	1	4294967295	3.40282e+38	0	3.40282e+38	4294967295	4294967295	4294967295	4294967295	4294967295	0	4294967295	
85	3183112	421.19	-27.52	1000.32	0.855732	0	-0.517419	1	1	15	0	1	1	1	4294967295	3.40282e+38	0	3.40282e+38	4294967295	4294967295	4294967295	4294967295	4294967295	0	4294967295	
86	6111104	729.67	-23.9	871.2	0.410781	0	-0.911734	1	1	15	0	1	1	1	4294967295	3.40282e+38	0	3.40282e+38	4294967295	4294967295	4294967295	4294967295	4294967295	0	4294967295	
87	8031502	-676.61	21.09	1186.43	-0.99955	0	0.0299865	1	1	15	0	1	1	1	4294967295	3.40282e+38	0	3.40282e+38	4294967295	4294967295	4294967295	4294967295	4294967295	0	4294967295	
88	4511513	81.37	-15.62	1091.57	-0.258902	0	0.965904	1	1	15	0	1	1	1	4294967295	3.40282e+38	0	3.40282e+38	4294967295	4294967295	4294967295	4294967295	4294967295	0	4294967295	
89	8512160	113.29	-13.93	1100.6	-0.898384	0	-0.43921	1	1	15	0	1	1	1	4294967295	3.40282e+38	0	3.40282e+38	4294967295	4294967295	4294967295	4294967295	4294967295	0	4294967295	
90	7131154	103.89	-14.13	1122.98	-0.882075	0	-0.471108	1	1	1	0	1	1	1	4294967295	3.40282e+38	0	3.40282e+38	4294967295	4294967295	4294967295	4294967295	4294967295	0	4294967295	
91	6463101	586.8	-20.52	1135.03	0.471108	0	-0.882075	1	1	15	0	1	1	1	4294967295	3.40282e+38	0	3.40282e+38	4294967295	4294967295	4294967295	4294967295	4294967295	0	4294967295	
