1	1881204	-336.91	-54.61	-671	0.9998	0	0.019996	1	1	10800	1	1	1	1	4294967295	3.40282e+38	0	3.40282e+38	4294967295	4294967295	4294967295	4294967295	4294967295	0	305	
2	7251131	-317.28	-57.19	-652.67	-0.691905	0	-0.721988	1	1	10800	0	1	1	1	4294967295	3.40282e+38	0	3.40282e+38	4294967295	4294967295	4294967295	4294967295	70	0	4294967295	
3	7251131	-312.98	-57.4	-683.78	-0.721988	0	0.691905	1	1	10800	0	1	1	1	4294967295	3.40282e+38	0	3.40282e+38	4294967295	4294967295	4294967295	4294967295	73	0	4294967295	
4	7251131	-355.85	-56.24	-650.72	0.691905	0	-0.721988	1	1	10800	0	1	1	1	4294967295	3.40282e+38	0	3.40282e+38	4294967295	4294967295	4294967295	4294967295	71	0	4294967295	
5	7251131	-350.98	-57.09	-694.45	0.6	0	0.8	1	1	10800	0	1	1	1	4294967295	3.40282e+38	0	3.40282e+38	4294967295	4294967295	4294967295	4294967295	72	0	4294967295	
6	7251131	-357.48	-57.09	-688.71	0.660628	0	0.750713	1	1	10800	0	1	1	1	4294967295	3.40282e+38	0	3.40282e+38	4294967295	4294967295	4294967295	4294967295	72	0	4294967295	
7	7251131	-362.49	-56.22	-658.36	0.808304	0	-0.588765	1	1	10800	0	1	1	1	4294967295	3.40282e+38	0	3.40282e+38	4294967295	4294967295	4294967295	4294967295	71	0	4294967295	
8	7251131	-325.04	-56.86	-645.51	-0.6	0	-0.8	1	1	10800	0	1	1	1	4294967295	3.40282e+38	0	3.40282e+38	4294967295	4294967295	4294967295	4294967295	70	0	4294967295	
9	7251131	-319.49	-57.07	-691.39	-0.660628	0	0.750713	1	1	10800	0	1	1	1	4294967295	3.40282e+38	0	3.40282e+38	4294967295	4294967295	4294967295	4294967295	73	0	4294967295	
10	7251134	-149.68	-52.74	-684.43	0.769039	0	0.639202	1	1	10800	1	2	2	4	4294967295	8.29	0	14.99	4294967295	4294967295	4294967295	4294967295	61	0	313	
11	7251134	-155.3	-52.69	-678.04	0.750713	0	0.660628	1	1	10800	1	2	2	3	4294967295	13.91	0	8.59	4294967295	4294967295	4294967295	4294967295	61	0	313	
12	7251134	-217.4	-54.18	-679.45	0.957276	0	-0.289177	1	1	10800	1	2	2	1	4294967295	14.71	0	1.47	4294967295	4294967295	4294967295	4294967295	65	0	4294967295	
13	7251134	-214.99	-54.46	-673.05	0.777941	0	-0.628337	1	1	10800	1	2	2	0	4294967295	12.3	0	7.87	4294967295	4294967295	4294967295	4294967295	65	0	4294967295	
14	6012237	-149.57	-52.34	-672.52	0.43921	0	0.898384	1	1	10800	1	2	2	1	4294967295	8.19	0	3.08	4294967295	4294967295	4294967295	4294967295	61	0	313	
15	6012237	-143.34	-52.27	-678.44	0.498284	0	0.867014	1	1	10800	1	2	2	2	4294967295	1.96	0	9	4294967295	4294967295	4294967295	4294967295	61	0	313	
16	6012237	-208.13	-54.31	-675.58	0.786664	0	-0.617382	1	1	10800	1	2	2	7	4294967295	5.44	0	5.35	4294967295	4294967295	4294967295	4294967295	65	0	4294967295	
17	6012237	-210.59	-54.27	-681.74	0.994937	0	-0.100499	1	1	10800	1	2	2	8	4294967295	7.9	0	0.82	4294967295	4294967295	4294967295	4294967295	65	0	4294967295	
18	3621110	-141.38	-51.89	-669.44	0.517419	0	0.855732	1	1	10800	2	1	1	1	307	0	0	0	4294967295	4294967295	4294967295	4294967295	61	1	313	
19	3621110	-202.69	-54.07	-680.92	0.990149	0	-0.140021	1	1	10800	2	1	1	1	308	0	0	0	4294967295	4294967295	4294967295	4294967295	65	1	4294967295	
20	7251134	-126.8	-51.68	-552.41	-0.517419	0	0.855732	1	1	10800	1	2	2	1	4294967295	6.21	0	14.41	4294967295	4294967295	4294967295	4294967295	64	0	4294967295	
21	7251134	-134.67	-51.68	-553.7	0.019996	0	0.9998	1	1	10800	1	2	2	0	4294967295	1.66	0	15.7	4294967295	4294967295	4294967295	4294967295	64	0	4294967295	
22	6012237	-135.29	-51.76	-546.15	-0.159546	0	0.987191	1	1	10800	1	2	2	7	4294967295	2.28	0	8.15	4294967295	4294967295	4294967295	4294967295	64	0	4294967295	
23	6012237	-127.79	-51.75	-544.84	-0.159546	0	0.987191	1	1	10800	1	2	2	8	4294967295	5.22	0	6.85	4294967295	4294967295	4294967295	4294967295	64	0	4294967295	
24	3621110	-133.01	-51.83	-538	-0.221187	0	0.975232	1	1	10800	2	1	1	1	306	0	0	0	4294967295	4294967295	4294967295	4294967295	64	1	4294967295	
25	3591107	-142.2	-52.04	-576.84	0	0	1	1	1	900	0	1	1	1	4294967295	3.40282e+38	0	3.40282e+38	4294967295	4294967295	4294967295	4294967295	63	0	4294967295	
26	3591107	-132.29	-51.52	-575.25	0	0	1	1	1	900	0	1	1	1	4294967295	3.40282e+38	0	3.40282e+38	4294967295	4294967295	4294967295	4294967295	63	0	4294967295	
27	3591107	-118.38	-51.52	-573.17	0	0	1	1	1	900	0	1	1	1	4294967295	3.40282e+38	0	3.40282e+38	4294967295	4294967295	4294967295	4294967295	63	0	4294967295	
28	3591107	-109.36	-51.43	-571.77	0	0	1	1	1	900	0	1	1	1	4294967295	3.40282e+38	0	3.40282e+38	4294967295	4294967295	4294967295	4294967295	63	0	4294967295	
29	3591107	-242.3	-52.43	-652.88	0.977802	0	-0.209529	1	1	10800	0	1	1	1	4294967295	3.40282e+38	0	3.40282e+38	4294967295	4294967295	4294967295	4294967295	66	0	304	
30	3591107	-240.35	-53.81	-659.18	0.977802	0	-0.209529	1	1	10800	0	1	1	1	4294967295	3.40282e+38	0	3.40282e+38	4294967295	4294967295	4294967295	4294967295	66	0	304	
31	3591107	-241.68	-54.15	-666.88	0.977802	0	-0.209529	1	1	10800	0	1	1	1	4294967295	3.40282e+38	0	3.40282e+38	4294967295	4294967295	4294967295	4294967295	66	0	304	
32	3591107	-245.32	-53.41	-672.98	0.977802	0	-0.209529	1	1	10800	0	1	1	1	4294967295	3.40282e+38	0	3.40282e+38	4294967295	4294967295	4294967295	4294967295	66	0	304	
33	6616110	-121.89	-51.13	-641.85	0	0	1	1	1	10800	2	1	1	1	317	3.40282e+38	0	3.40282e+38	4294967295	4294967295	4294967295	4294967295	112	0	313	
34	6616110	-134.59	-51.29	-637.02	0.419058	0	0.907959	1	1	10800	3	1	1	1	4294967295	3.40282e+38	0	3.40282e+38	4294967295	4294967295	4294967295	4294967295	112	0	313	
35	7251134	-120.36	-50.26	-655.5	0.992734	0	0.120331	1	1	10800	0	1	1	1	4294967295	3.40282e+38	0	3.40282e+38	4294967295	4294967295	4294967295	4294967295	112	0	313	
36	7251134	-116.92	-50.41	-646.23	-0.920691	0	-0.390293	1	1	10800	0	1	1	1	4294967295	3.40282e+38	0	3.40282e+38	4294967295	4294967295	4294967295	4294967295	112	0	313	
37	2811201	-145.88	-51.92	-526.62	0	0	1	1	1	10800	4	1	1	1	333	3.40282e+38	0	3.40282e+38	4294967295	4294967295	4294967295	4294967295	4294967295	0	317	
38	2811104	-136.64	-51.97	-524.65	0	0	1	1	1	10800	4	1	1	1	334	3.40282e+38	0	3.40282e+38	4294967295	4294967295	4294967295	4294967295	4294967295	0	317	
39	2811301	-127.45	-52.74	-523.47	0	0	1	1	1	10800	4	1	1	1	335	3.40282e+38	0	3.40282e+38	4294967295	4294967295	4294967295	4294967295	4294967295	0	317	
40	2811204	-147.19	-52.05	-517.46	0	0	1	1	1	10800	4	1	1	1	336	3.40282e+38	0	3.40282e+38	4294967295	4294967295	4294967295	4294967295	4294967295	0	318	
41	2811107	-138.94	-52.07	-515.93	0	0	1	1	1	10800	4	1	1	1	337	3.40282e+38	0	3.40282e+38	4294967295	4294967295	4294967295	4294967295	4294967295	0	318	
42	2811304	-130.28	-52.31	-514.46	0	0	1	1	1	10800	4	1	1	1	338	3.40282e+38	0	3.40282e+38	4294967295	4294967295	4294967295	4294967295	4294967295	0	318	
43	6413107	-333.84	-52.49	-342.01	-0.855732	0	0.517419	1	1	10800	3	1	1	1	4294967295	4.98	0	4.32	4294967295	4294967295	4294967295	4294967295	62	0	302	
44	7251131	-326.62	-52.53	-348.2	-0.660628	0	0.750713	1	1	900	1	2	2	4	4294967295	12.2	0	10.5	4294967295	4294967295	4294967295	4294967295	62	0	302	
45	7251131	-326.46	-52.51	-341.62	-0.777941	0	0.628337	1	1	900	1	2	2	5	4294967295	12.36	0	3.93	4294967295	4294967295	4294967295	4294967295	62	0	302	
46	6413107	-338.82	-52.6	-337.69	-0.671176	0	0.741298	1	1	10800	2	1	1	1	302	0	0	0	4294967295	4294967295	4294967295	4294967295	62	1	302	
47	9420104	-346.27	-51.46	-293.02	0.987191	0	-0.159546	1	1	10800	0	1	1	1	4294967295	3.40282e+38	0	3.40282e+38	4294967295	4294967295	4294967295	4294967295	103	0	310	
48	9420104	-336.87	-46.72	-303.03	0.998752	0	-0.0499376	1	1	10800	0	1	1	1	4294967295	3.40282e+38	0	3.40282e+38	4294967295	4294967295	4294967295	4294967295	103	0	310	
49	9420104	-347.82	-52.71	-276.42	0.995974	0	0.0896377	1	1	10800	0	1	1	1	4294967295	3.40282e+38	0	3.40282e+38	4294967295	4294967295	4294967295	4294967295	103	0	310	
50	7251131	-332.94	-52.52	-349.87	0	0	1	1	1	900	1	2	2	3	4294967295	5.88	0	12.18	4294967295	4294967295	4294967295	4294967295	62	0	302	
51	9420104	-270.68	-47.38	-358.21	0	0	1	1	1	10800	0	1	1	1	4294967295	25.27	0	11.63	4294967295	4294967295	4294967295	4294967295	107	0	311	
52	9420104	-280.76	-49.96	-386.53	0.120331	0	-0.992734	1	1	10800	0	1	1	1	4294967295	15.2	0	16.69	4294967295	4294967295	4294967295	4294967295	107	0	311	
53	6413107	-301.36	-52.47	-368.49	0.992734	0	-0.120331	1	1	10800	3	1	1	1	4294967295	5.41	0	1.35	4294967295	4294967295	4294967295	4294967295	107	0	311	
54	6413107	-295.96	-52.51	-369.84	0.992734	0	-0.120331	1	1	10800	2	1	1	1	303	0	0	0	4294967295	4294967295	4294967295	4294967295	107	1	311	
55	6616110	-355.75	-52.73	-320.29	0.777941	0	0.628337	1	1	10800	0	1	1	1	4294967295	3.40282e+38	0	3.40282e+38	4294967295	4294967295	4294967295	4294967295	103	0	310	
56	6616110	-359.98	-52.95	-314.91	-0.731722	0	0.681604	1	1	10800	2	1	1	1	315	3.40282e+38	0	3.40282e+38	4294967295	4294967295	4294967295	4294967295	103	0	310	
57	9420104	-261.92	-50.67	-383.3	0.681604	0	-0.731722	1	1	10800	0	1	1	1	4294967295	34.04	0	13.47	4294967295	4294967295	4294967295	4294967295	107	0	311	
58	2811104	-357.21	-52.76	-310.43	0	0	1	1	1	10800	4	1	1	1	322	3.40282e+38	0	3.40282e+38	4294967295	4294967295	4294967295	4294967295	4294967295	0	308	
59	2811104	-352.68	-52.69	-309.18	0	0	1	1	1	10800	4	1	1	1	323	3.40282e+38	0	3.40282e+38	4294967295	4294967295	4294967295	4294967295	4294967295	0	308	
60	2811107	-358.8	-52.41	-305.48	0	0	1	1	1	10800	4	1	1	1	329	3.40282e+38	0	3.40282e+38	4294967295	4294967295	4294967295	4294967295	4294967295	0	315	
61	2811107	-354.47	-52.48	-304	0	0	1	1	1	10800	4	1	1	1	330	3.40282e+38	0	3.40282e+38	4294967295	4294967295	4294967295	4294967295	4294967295	0	315	
62	6413107	-207.31	-53.29	-404.18	-0.559301	0	0.828964	1	1	10800	2	1	1	1	304	0	0	0	4294967295	4294967295	4294967295	4294967295	59	1	303	
63	6413107	-202.34	-53.29	-407.75	-0.559301	0	0.828964	1	1	10800	3	1	1	1	4294967295	4.96	0	3.57	4294967295	4294967295	4294967295	4294967295	59	0	303	
64	7251134	-193.81	-52.63	-414.67	-0.731722	0	0.681604	1	1	900	1	2	2	7	4294967295	13.49	0	10.49	4294967295	4294967295	4294967295	4294967295	59	0	303	
65	7251134	-199.46	-52.69	-416.16	-0.498284	0	0.867014	1	1	900	1	2	2	6	4294967295	7.85	0	11.98	4294967295	4294967295	4294967295	4294967295	59	0	303	
66	3621110	-151.42	-52.55	-468.77	-0.28	0	0.96	1	1	10800	2	1	1	1	305	0	0	0	4294967295	4294967295	4294967295	4294967295	60	1	312	
67	6012237	-151.98	-52.49	-476.72	-0.369667	0	0.929164	1	1	10800	1	2	2	1	4294967295	0.55	0	7.95	4294967295	4294967295	4294967295	4294967295	60	0	312	
68	6012237	-145.62	-52.49	-474.48	-0.498284	0	0.867014	1	1	10800	1	2	2	2	4294967295	5.8	0	5.7	4294967295	4294967295	4294967295	4294967295	60	0	312	
69	7251134	-150.67	-52.43	-482.5	-0.340136	0	0.940376	1	1	10800	1	2	2	3	4294967295	0.75	0	13.73	4294967295	4294967295	4294967295	4294967295	60	0	312	
70	7251134	-143.77	-52.43	-480.06	-0.483077	0	0.875578	1	1	10800	1	2	2	4	4294967295	7.65	0	11.29	4294967295	4294967295	4294967295	4294967295	60	0	312	
71	7251134	-193.28	-52.52	-409.05	-0.8	0	0.6	1	1	900	1	2	2	8	4294967295	14.03	0	4.87	4294967295	4294967295	4294967295	4294967295	59	0	303	
72	3591107	-155.48	-52.19	-498.53	0.741298	0	-0.671176	1	1	10800	0	1	1	1	4294967295	3.40282e+38	0	3.40282e+38	4294967295	4294967295	4294967295	4294967295	110	0	4294967295	
73	3591107	-154.27	-51.82	-506.6	0.777941	0	0.628337	1	1	10800	0	1	1	1	4294967295	3.40282e+38	0	3.40282e+38	4294967295	4294967295	4294967295	4294967295	110	0	4294967295	
74	6616110	-242.49	-53.25	-375.65	-0.867014	0	0.498284	1	1	10800	0	1	1	1	4294967295	3.40282e+38	0	3.40282e+38	4294967295	4294967295	4294967295	4294967295	108	0	311	
75	6616110	-247.21	-52.83	-381.52	-0.957276	0	0.289177	1	1	10800	0	1	1	1	4294967295	3.40282e+38	0	3.40282e+38	4294967295	4294967295	4294967295	4294967295	108	0	311	
76	6616110	-240.46	-53.01	-381.61	-0.875578	0	0.483077	1	1	10800	1	8	5	5	4294967295	3.40282e+38	0	3.40282e+38	4294967295	4294967295	4294967295	4294967295	108	0	311	
77	6616110	-181.99	-52.47	-435.85	0	0	1	1	1	10800	0	1	1	1	4294967295	3.40282e+38	0	3.40282e+38	4294967295	4294967295	4294967295	4294967295	109	0	312	
78	6616110	-177.98	-52.38	-438.37	0.529101	0	0.848559	1	1	10800	0	1	1	1	4294967295	3.40282e+38	0	3.40282e+38	4294967295	4294967295	4294967295	4294967295	109	0	312	
79	6616110	-188.5	-52.34	-431.63	0.950666	0	0.310217	1	1	10800	2	1	1	1	316	3.40282e+38	0	3.40282e+38	4294967295	4294967295	4294967295	4294967295	109	0	312	
80	3591107	-146.39	-52.22	-501.79	-0.992734	0	-0.120331	1	1	10800	0	1	1	1	4294967295	3.40282e+38	0	3.40282e+38	4294967295	4294967295	4294967295	4294967295	110	0	4294967295	
81	2811201	-226.75	-53.21	-396.69	0	0	1	1	1	10800	4	1	1	1	326	3.40282e+38	0	3.40282e+38	4294967295	4294967295	4294967295	4294967295	4294967295	0	309	
82	2811201	-223.5	-53.2	-392.75	0	0	1	1	1	10800	4	1	1	1	325	3.40282e+38	0	3.40282e+38	4294967295	4294967295	4294967295	4294967295	4294967295	0	309	
83	2811201	-220.22	-52.95	-388.86	0	0	1	1	1	10800	4	1	1	1	324	3.40282e+38	0	3.40282e+38	4294967295	4294967295	4294967295	4294967295	4294967295	0	309	
84	2811204	-229.67	-53.04	-391.33	0	0	1	1	1	10800	4	1	1	1	331	3.40282e+38	0	3.40282e+38	4294967295	4294967295	4294967295	4294967295	4294967295	0	316	
85	2811204	-226.34	-52.98	-386.99	0	0	1	1	1	10800	4	1	1	1	332	3.40282e+38	0	3.40282e+38	4294967295	4294967295	4294967295	4294967295	4294967295	0	316	
86	7251131	-295.52	-49.9	-225.85	0.907959	0	0.419058	1	1	900	1	2	2	0	4294967295	3.40282e+38	0	3.40282e+38	4294967295	4294967295	4294967295	4294967295	101	0	301	
87	7251131	-298.77	-49.97	-216.61	0.907959	0	0.419058	1	1	900	1	2	2	1	4294967295	3.40282e+38	0	3.40282e+38	4294967295	4294967295	4294967295	4294967295	101	0	301	
88	9420104	-379.87	-49.26	-240.74	0	0	1	1	1	10800	0	1	1	1	4294967295	37.71	0	5.13	4294967295	4294967295	4294967295	4294967295	106	0	310	
89	9420104	-351.64	-48.13	-218.75	0	0	1	1	1	10800	0	1	1	1	4294967295	9.48	0	27.13	4294967295	4294967295	4294967295	4294967295	106	0	310	
90	6413107	-336.48	-51.46	-241.26	-0.769039	0	-0.639202	1	1	10800	3	1	1	1	4294967295	5.68	0	4.62	4294967295	4294967295	4294967295	4294967295	106	0	310	
91	6413107	-342.16	-51.46	-245.88	-0.769039	0	-0.639202	1	1	10800	2	1	1	1	301	0	0	0	4294967295	4294967295	4294967295	4294967295	106	1	310	
92	6616110	-304.04	-50.28	-224.17	0.892413	0	0.45122	1	1	10800	0	1	1	1	4294967295	3.40282e+38	0	3.40282e+38	4294967295	4294967295	4294967295	4294967295	101	0	301	
93	6616110	-289.84	-49.76	-220.31	0.929164	0	0.369667	1	1	10800	1	8	10	5	4294967295	3.40282e+38	0	3.40282e+38	4294967295	4294967295	4294967295	4294967295	101	0	301	
94	6616110	-278.63	-50.07	-224.14	0.970728	0	0.24018	1	1	10800	1	8	10	5	4294967295	3.40282e+38	0	3.40282e+38	4294967295	4294967295	4294967295	4294967295	101	0	301	
95	9420104	-323.91	-49.59	-247.46	-0.258902	0	-0.965904	1	1	10800	0	1	1	1	4294967295	18.25	0	1.59	4294967295	4294967295	4294967295	4294967295	106	0	310	
96	2811301	-265.67	-48.68	-209.68	0	0	1	1	1	10800	4	1	1	1	320	3.40282e+38	0	3.40282e+38	4294967295	4294967295	4294967295	4294967295	4294967295	0	307	
97	2811301	-265.05	-48.79	-213.53	0	0	1	1	1	10800	4	1	1	1	321	3.40282e+38	0	3.40282e+38	4294967295	4294967295	4294967295	4294967295	4294967295	0	307	
98	2811304	-260.64	-48.57	-208.31	0	0	1	1	1	10800	4	1	1	1	327	3.40282e+38	0	3.40282e+38	4294967295	4294967295	4294967295	4294967295	4294967295	0	314	
99	2811304	-259.58	-48.62	-212.56	0	0	1	1	1	10800	4	1	1	1	328	3.40282e+38	0	3.40282e+38	4294967295	4294967295	4294967295	4294967295	4294967295	0	314	
100	9420104	-221.68	-42.64	-180.35	-0.540758	0	0.841178	1	1	10800	0	1	1	1	4294967295	3.40282e+38	0	3.40282e+38	4294967295	4294967295	4294967295	4294967295	100	0	301	
101	9420104	-246.45	-48.06	-197.92	0.43921	0	0.898384	1	1	10800	0	1	1	1	4294967295	3.40282e+38	0	3.40282e+38	4294967295	4294967295	4294967295	4294967295	100	0	301	
102	9420104	-199.94	-43.06	-200.97	0.821109	0	-0.570771	1	1	10800	0	1	1	1	4294967295	3.40282e+38	0	3.40282e+38	4294967295	4294967295	4294967295	4294967295	100	0	301	
103	9420104	-246.4	-49.91	-223.04	-0.360994	0	-0.932568	1	1	10800	0	1	1	1	4294967295	3.40282e+38	0	3.40282e+38	4294967295	4294967295	4294967295	4294967295	100	0	301	
104	6616110	-240.28	-47.97	-208.81	0.907959	0	0.419058	1	1	10800	2	1	1	1	314	3.40282e+38	0	3.40282e+38	4294967295	4294967295	4294967295	4294967295	100	0	301	
105	6415137	485.88	-28.59	-18.21	-0.691905	0	0.721988	1	1	10800	3	1	1	1	4294967295	3.71	0	3.39	4294967295	4294967295	4294967295	4294967295	45	0	208	
106	3591107	492.48	-26.49	-30.11	-0.8	0	0.6	1	1	900	0	1	1	1	4294967295	3.40282e+38	0	3.40282e+38	4294967295	4294967295	4294967295	4294967295	47	0	208	
107	3591107	496.87	-26.51	-25.99	-0.8	0	0.6	1	1	900	0	1	1	1	4294967295	3.40282e+38	0	3.40282e+38	4294967295	4294967295	4294967295	4294967295	47	0	208	
108	6415137	482.17	-29.17	-14.82	-0.691905	0	0.721988	1	1	10800	2	1	1	1	219	0	0	0	4294967295	4294967295	4294967295	4294967295	45	1	208	
109	9420104	475.59	-29.62	-13.17	-0.997559	0	0.0698291	1	1	10800	0	1	1	1	4294967295	6.57	0	1.65	4294967295	4294967295	4294967295	4294967295	45	0	208	
110	9420104	467.7	-30.37	-5.73	-0.43921	0	-0.898384	1	1	10800	0	1	1	1	4294967295	14.47	0	9.09	4294967295	4294967295	4294967295	4294967295	45	0	208	
111	9420104	534.79	-16.61	-69.21	-0.221187	0	-0.975232	1	1	10800	0	1	1	1	4294967295	3.55	0	6.66	4294967295	4294967295	4294967295	4294967295	48	0	209	
112	9420104	527.96	-16.67	-69.48	-0.777941	0	-0.628337	1	1	10800	0	1	1	1	4294967295	10.38	0	6.93	4294967295	4294967295	4294967295	4294967295	48	0	209	
113	6413107	543.03	-16.49	-63.01	-0.965904	0	-0.258902	1	1	10800	3	1	1	1	4294967295	4.69	0	0.46	4294967295	4294967295	4294967295	4294967295	48	0	209	
114	6413107	538.34	-16.47	-62.55	-0.977802	0	-0.209529	1	1	10800	2	1	1	1	220	0	0	0	4294967295	4294967295	4294967295	4294967295	48	1	209	
115	5765101	638.31	-14.51	-183.66	0.140021	0	0.990149	1	1	10800	0	1	1	1	4294967295	3.40282e+38	0	3.40282e+38	4294967295	4294967295	4294967295	4294967295	115	0	210	
116	3591107	572.88	-23.54	-62.84	-0.940376	0	0.340136	1	1	900	0	1	1	1	4294967295	3.40282e+38	0	3.40282e+38	4294967295	4294967295	4294967295	4294967295	99	0	209	
117	3591107	575.79	-24.06	-56.11	-0.940376	0	0.340136	1	1	900	0	1	1	1	4294967295	3.40282e+38	0	3.40282e+38	4294967295	4294967295	4294967295	4294967295	99	0	209	
118	9420104	514.59	-19.48	-54.66	-0.907959	0	-0.419058	1	1	10800	0	1	1	1	4294967295	23.75	0	7.88	4294967295	4294967295	4294967295	4294967295	48	0	209	
119	1753310	625.72	-26.93	-13.28	-0.310217	0	0.950666	1	1	10800	0	1	1	1	4294967295	3.40282e+38	0	3.40282e+38	4294967295	4294967295	4294967295	4294967295	4294967295	0	4294967295	
120	6415137	568.3	-22.53	-51.47	-0.681604	0	-0.731722	1	1	10800	0	1	1	1	4294967295	3.40282e+38	0	3.40282e+38	4294967295	4294967295	4294967295	4294967295	99	0	209	
121	6415137	567.28	-22.02	-65.15	-0.898384	0	0.43921	1	1	10800	0	1	1	1	4294967295	3.40282e+38	0	3.40282e+38	4294967295	4294967295	4294967295	4294967295	99	0	209	
122	6415137	568.15	-22.31	-58.36	-0.99955	0	0.0299865	1	1	10800	2	1	1	1	313	3.40282e+38	0	3.40282e+38	4294967295	4294967295	4294967295	4294967295	99	0	209	
123	8111125	431.29	-75.54	122.66	0.994937	0	0.100499	1	1	10800	0	1	1	1	4294967295	3.40282e+38	0	3.40282e+38	4294967295	4294967295	4294967295	4294967295	39	0	211	
124	8112134	494.34	-89.4	122.51	0	0	1	1	1	10800	3	1	1	1	4294967295	0.48	0	3.37	4294967295	4294967295	4294967295	4294967295	38	0	4294967295	
125	8112134	493.85	-88.43	125.87	0	0	1	1	1	10800	2	1	1	1	211	0	0	0	4294967295	4294967295	4294967295	4294967295	38	1	4294967295	
126	8112134	441.44	-75.63	115.92	0.882075	0	0.471108	1	1	10800	2	1	1	1	213	3.40282e+38	0	3.40282e+38	4294967295	4294967295	4294967295	4294967295	39	0	211	
127	8112134	434.13	-75.54	133.52	0.882075	0	0.471108	1	1	10800	2	1	1	1	212	3.40282e+38	0	3.40282e+38	4294967295	4294967295	4294967295	4294967295	39	0	211	
128	2312137	373.37	-49.63	91.19	-0.517419	0	-0.855732	1	1	10800	1	7	7	7	4294967295	3.40282e+38	0	3.40282e+38	4294967295	4294967295	4294967295	4294967295	40	0	4294967295	
129	2312137	487.44	-83.99	134.36	-0.990149	0	0.140021	1	1	10800	1	6	6	3	4294967295	6.41	0	8.49	4294967295	4294967295	4294967295	4294967295	38	0	4294967295	
130	2312137	478.93	-79.96	139.85	0	0	1	1	1	10800	1	6	6	6	4294967295	14.92	0	13.97	4294967295	4294967295	4294967295	4294967295	38	0	4294967295	
131	2312137	469.93	-75.94	147.11	0.731722	0	-0.681604	1	1	10800	1	6	6	1	4294967295	23.92	0	21.24	4294967295	4294967295	4294967295	4294967295	38	0	4294967295	
132	2312137	372.69	-52.48	105.94	0.529101	0	0.848559	1	1	10800	1	7	7	4	4294967295	3.40282e+38	0	3.40282e+38	4294967295	4294967295	4294967295	4294967295	40	0	4294967295	
133	2312137	362.47	-42.93	86.21	-0.517419	0	0.855732	1	1	10800	1	7	7	2	4294967295	3.40282e+38	0	3.40282e+38	4294967295	4294967295	4294967295	4294967295	40	0	4294967295	
134	9420104	320.24	-9.02	125.55	-0.985286	0	-0.170917	1	1	900	0	1	1	1	4294967295	4.43	0	32.32	4294967295	4294967295	4294967295	4294967295	43	0	207	
135	9420104	321.76	-8	112.52	-0.8	0	0.6	1	1	900	0	1	1	1	4294967295	2.91	0	19.28	4294967295	4294967295	4294967295	4294967295	43	0	207	
136	9420104	322.23	-7.58	97.36	-0.965904	0	-0.258902	1	1	10800	0	1	1	1	4294967295	2.44	0	4.13	4294967295	4294967295	4294967295	4294967295	43	0	207	
137	9420104	453.66	-27.78	9.18	-0.940376	0	-0.340136	1	1	10800	0	1	1	1	4294967295	28.5	0	24	4294967295	4294967295	4294967295	4294967295	45	0	208	
138	6413107	324.67	-7.64	93.23	-0.24018	0	0.970728	1	1	10800	2	1	1	1	217	0	0	0	4294967295	4294967295	4294967295	4294967295	43	1	207	
139	6413107	324.88	-7.62	88.92	-0.24018	0	0.970728	1	1	10800	3	1	1	1	4294967295	0.21	0	4.31	4294967295	4294967295	4294967295	4294967295	43	0	207	
140	2312137	343.44	-25.27	112.74	-0.769039	0	0.639202	1	1	10800	1	5	5	5	4294967295	3.40282e+38	0	3.40282e+38	4294967295	4294967295	4294967295	4294967295	41	0	4294967295	
141	2312137	342.43	-19.14	132.81	0.907959	0	-0.419058	1	1	10800	1	5	5	0	4294967295	3.40282e+38	0	3.40282e+38	4294967295	4294967295	4294967295	4294967295	41	0	4294967295	
142	2312137	343.19	-22.14	122.74	0	0	1	1	1	10800	1	5	5	8	4294967295	3.40282e+38	0	3.40282e+38	4294967295	4294967295	4294967295	4294967295	41	0	4294967295	
143	8112134	345.63	-28.12	106.29	-0.360994	0	0.932568	1	1	10800	2	1	1	1	216	3.40282e+38	0	3.40282e+38	4294967295	4294967295	4294967295	4294967295	41	0	4294967295	
144	8112134	348.04	-29.84	103.65	-0.360994	0	0.932568	1	1	10800	3	1	1	1	4294967295	3.40282e+38	0	3.40282e+38	4294967295	4294967295	4294967295	4294967295	41	0	4294967295	
145	8112134	385.38	-57.08	97.92	-0.882075	0	0.471108	1	1	10800	3	1	1	1	4294967295	3.40282e+38	0	3.40282e+38	4294967295	4294967295	4294967295	4294967295	40	0	4294967295	
146	8112134	382.06	-55.33	97.4	-0.882075	0	0.471108	1	1	10800	2	1	1	1	215	3.40282e+38	0	3.40282e+38	4294967295	4294967295	4294967295	4294967295	40	0	4294967295	
147	8112134	420.81	-74.05	118.82	0	0	1	1	1	10800	2	1	1	1	214	3.40282e+38	0	3.40282e+38	4294967295	4294967295	4294967295	4294967295	39	0	211	
148	3591107	336.25	-12.24	154.92	0.019996	0	-0.9998	1	1	10800	0	1	1	1	4294967295	3.40282e+38	0	3.40282e+38	4294967295	4294967295	4294967295	4294967295	42	0	206	
149	3591107	326.55	-11.25	154.46	0.019996	0	-0.9998	1	1	10800	0	1	1	1	4294967295	3.40282e+38	0	3.40282e+38	4294967295	4294967295	4294967295	4294967295	42	0	206	
150	3591107	346.92	-12.05	48.59	-0.96	0	0.28	1	1	10800	0	1	1	1	4294967295	3.40282e+38	0	3.40282e+38	4294967295	4294967295	4294967295	4294967295	97	0	207	
151	3591107	349.35	-11.92	54	-0.96	0	0.28	1	1	10800	0	1	1	1	4294967295	3.40282e+38	0	3.40282e+38	4294967295	4294967295	4294967295	4294967295	97	0	207	
152	9420104	411.92	-20.79	41.06	-0.741298	0	-0.671176	1	1	10800	0	1	1	1	4294967295	6.05	0	0.76	4294967295	4294967295	4294967295	4294967295	44	0	208	
153	9420104	398.08	-18.93	42.25	-0.994937	0	0.100499	1	1	10800	0	1	1	1	4294967295	19.89	0	0.42	4294967295	4294967295	4294967295	4294967295	44	0	208	
154	9420104	390.7	-17.69	45.56	0.170917	0	-0.985286	1	1	10800	0	1	1	1	4294967295	27.27	0	3.74	4294967295	4294967295	4294967295	4294967295	44	0	208	
155	6413107	417.97	-21.69	41.83	-0.6	0	0.8	1	1	10800	2	1	1	1	218	0	0	0	4294967295	4294967295	4294967295	4294967295	44	1	208	
156	6413107	422.81	-22.16	38.09	-0.6	0	0.8	1	1	10800	3	1	1	1	4294967295	4.84	0	3.74	4294967295	4294967295	4294967295	4294967295	44	0	208	
157	6415137	344.39	-11.44	53.15	-0.681604	0	0.731722	1	1	10800	1	1	1	1	4294967295	3.40282e+38	0	3.40282e+38	4294967295	4294967295	4294967295	4294967295	97	0	207	
158	6415137	341.49	-11.18	55.66	-0.691905	0	0.721988	1	1	10800	2	1	1	1	312	3.40282e+38	0	3.40282e+38	4294967295	4294967295	4294967295	4294967295	97	0	207	
159	6413107	443.59	-25.34	21.65	-0.786664	0	0.617382	1	1	10800	0	1	1	1	4294967295	3.40282e+38	0	3.40282e+38	4294967295	4294967295	4294967295	4294967295	98	0	208	
160	6413107	446.84	-25.35	25.28	-0.855732	0	0.517419	1	1	10800	0	1	1	1	4294967295	3.40282e+38	0	3.40282e+38	4294967295	4294967295	4294967295	4294967295	98	0	208	
161	6415137	441.15	-24.49	28.21	-0.892413	0	0.45122	1	1	10800	1	8	5	5	4294967295	3.40282e+38	0	3.40282e+38	4294967295	4294967295	4294967295	4294967295	98	0	208	
162	8112134	439.36	-75.62	116.8	-0.998752	0	-0.0499376	1	1	10800	2	1	1	1	319	3.40282e+38	0	3.40282e+38	4294967295	4294967295	4294967295	4294967295	4294967295	0	4294967295	
163	8112134	548.18	-116.6	127.62	-0.929164	0	-0.369667	1	1	10800	2	1	1	1	210	0	0	0	4294967295	4294967295	4294967295	4294967295	37	1	4294967295	
164	8112134	551.24	-117.3	131.01	-0.929164	0	-0.369667	1	1	10800	3	1	1	1	4294967295	3.06	0	3.4	4294967295	4294967295	4294967295	4294967295	37	0	4294967295	
165	2312137	537.13	-112.41	120.19	-0.639202	0	-0.769039	1	1	10800	1	5	5	8	4294967295	11.04	0	7.42	4294967295	4294967295	4294967295	4294967295	37	0	4294967295	
166	2312137	526.52	-107.11	116.94	0	0	1	1	1	10800	1	6	6	0	4294967295	21.66	0	10.68	4294967295	4294967295	4294967295	4294967295	37	0	4294967295	
167	2312137	547.38	-116.05	120.02	-0.671176	0	0.741298	1	1	10800	1	6	6	5	4294967295	0.79	0	7.6	4294967295	4294967295	4294967295	4294967295	37	0	4294967295	
168	7251131	195.3	-29.58	436.29	-0.360994	0	0.932568	1	1	10800	1	2	2	1	4294967295	3.40282e+38	0	3.40282e+38	4294967295	4294967295	4294967295	4294967295	22	0	4294967295	
169	7251131	186.64	-31.44	432.4	0	0	1	1	1	10800	1	2	2	1	4294967295	3.40282e+38	0	3.40282e+38	4294967295	4294967295	4294967295	4294967295	22	0	4294967295	
170	1652116	180.93	-35.65	440.05	-0.289177	0	0.957276	1	1	900	1	5	5	1	4294967295	3.40282e+38	0	3.40282e+38	4294967295	4294967295	4294967295	4294967295	22	0	4294967295	
171	1652116	190.81	-34.8	442.89	-0.24018	0	0.970728	1	1	900	1	5	5	1	4294967295	3.40282e+38	0	3.40282e+38	4294967295	4294967295	4294967295	4294967295	22	0	4294967295	
172	3213110	195.03	-27.35	488.96	-0.340136	0	-0.940376	1	1	10800	1	7	7	0	4294967295	3.40282e+38	0	3.40282e+38	4294967295	4294967295	4294967295	4294967295	93	0	4294967295	
173	1652116	183.04	-37.56	450.53	-0.289177	0	0.957276	1	1	900	1	5	5	1	4294967295	3.40282e+38	0	3.40282e+38	4294967295	4294967295	4294967295	4294967295	22	0	4294967295	
174	3213110	223.26	-24.5	478.33	-0.977802	0	0.209529	1	1	10800	1	7	7	1	4294967295	3.40282e+38	0	3.40282e+38	4294967295	4294967295	4294967295	4294967295	94	0	4294967295	
175	3213110	197.45	-26.93	498.61	-0.821109	0	0.570771	1	1	10800	1	7	7	8	4294967295	3.40282e+38	0	3.40282e+38	4294967295	4294967295	4294967295	4294967295	93	0	4294967295	
176	3213110	211.67	-19.27	490.25	-0.940376	0	0.340136	1	1	10800	1	3	3	6	4294967295	3.40282e+38	0	3.40282e+38	4294967295	4294967295	4294967295	4294967295	91	0	4294967295	
177	2312137	196.71	-6.59	389.31	0	0	1	1	1	10800	1	4	4	2	4294967295	3.40282e+38	0	3.40282e+38	4294967295	4294967295	4294967295	4294967295	4294967295	0	4294967295	
178	2312137	204.84	-14.35	412.17	0.159546	0	0.987191	1	1	10800	1	6	6	7	4294967295	3.40282e+38	0	3.40282e+38	4294967295	4294967295	4294967295	4294967295	4294967295	0	4294967295	
179	3213110	195.6	-24.46	480.87	-0.932568	0	0.360994	1	1	10800	1	7	7	4	4294967295	3.40282e+38	0	3.40282e+38	4294967295	4294967295	4294967295	4294967295	93	0	4294967295	
180	3213110	205.79	-21.82	489.02	-0.965904	0	-0.258902	1	1	10800	1	7	7	5	4294967295	3.40282e+38	0	3.40282e+38	4294967295	4294967295	4294967295	4294967295	91	0	4294967295	
181	1652116	228.91	-30.79	464.96	-0.898384	0	-0.43921	1	1	10800	3	1	1	1	4294967295	3.93	0	2.52	4294967295	4294967295	4294967295	4294967295	68	0	4294967295	
182	1652116	224.99	-32.59	462.44	-0.898384	0	-0.43921	1	1	10800	2	1	1	1	110	0	0	0	4294967295	4294967295	4294967295	4294967295	68	1	4294967295	
183	2312137	174.27	-36.69	502.28	-0.221187	0	0.975232	1	1	10800	1	9	9	1	4294967295	3.40282e+38	0	3.40282e+38	4294967295	4294967295	4294967295	4294967295	4294967295	0	4294967295	
184	1652116	181.11	0.4	368.15	-0.707107	0	-0.707107	1	1	10800	0	1	1	1	4294967295	3.40282e+38	0	3.40282e+38	4294967295	4294967295	4294967295	4294967295	76	0	4294967295	
185	1652116	181.12	2.75	359.69	-0.628337	0	0.777941	1	1	10800	0	1	1	1	4294967295	3.40282e+38	0	3.40282e+38	4294967295	4294967295	4294967295	4294967295	76	0	4294967295	
186	1652116	213.05	10.59	323.75	-0.617382	0	0.786664	1	1	900	0	1	1	1	4294967295	3.40282e+38	0	3.40282e+38	4294967295	4294967295	4294967295	4294967295	77	0	4294967295	
187	1652116	218.39	10.32	328.59	-0.617382	0	0.786664	1	1	900	0	1	1	1	4294967295	3.40282e+38	0	3.40282e+38	4294967295	4294967295	4294967295	4294967295	77	0	4294967295	
188	1753310	215.42	-15.81	493.6	0.209529	0	0.977802	1	1	10800	0	1	1	1	4294967295	3.40282e+38	0	3.40282e+38	4294967295	4294967295	4294967295	4294967295	4294967295	0	4294967295	
189	1753310	212.53	-15.32	497.84	-0.471108	0	0.882075	1	1	10800	0	1	1	1	4294967295	3.40282e+38	0	3.40282e+38	4294967295	4294967295	4294967295	4294967295	4294967295	0	4294967295	
190	3213110	208.04	-18.75	494.07	-0.786664	0	-0.617382	1	1	10800	1	3	3	2	4294967295	3.40282e+38	0	3.40282e+38	4294967295	4294967295	4294967295	4294967295	91	0	4294967295	
191	3213110	214.95	-24.32	474.46	0	0	1	1	1	10800	1	7	7	2	4294967295	3.40282e+38	0	3.40282e+38	4294967295	4294967295	4294967295	4294967295	94	0	4294967295	
192	3213110	213.24	-24.89	479.81	0	0	1	1	1	10800	1	3	7	5	4294967295	3.40282e+38	0	3.40282e+38	4294967295	4294967295	4294967295	4294967295	94	0	4294967295	
193	1881201	240.63	17.49	304.75	-0.741298	0	0.671176	1	1	10800	0	1	1	1	4294967295	3.40282e+38	0	3.40282e+38	1881201	1	1881201	1	114	0	104	
194	1881207	233.26	17.66	298.67	-0.517419	0	0.855732	1	1	10800	0	1	1	1	4294967295	3.40282e+38	0	3.40282e+38	4294967295	4294967295	4294967295	4294967295	114	0	105	
195	3213110	198.44	-22.4	509.09	-0.786664	0	-0.617382	1	1	10800	1	7	7	3	4294967295	3.40282e+38	0	3.40282e+38	4294967295	4294967295	4294967295	4294967295	92	0	4294967295	
196	3591107	433.62	-17.59	304.78	0	0	1	1	1	10800	2	1	1	1	201	0	0	0	4294967295	4294967295	4294967295	4294967295	28	1	201	
197	3591107	434.03	-17.46	300.19	-0.24018	0	0.970728	1	1	10800	3	1	1	1	4294967295	0.41	0	4.59	4294967295	4294967295	4294967295	4294967295	28	0	201	
198	3591107	446.52	-28.4	389.63	-0.929164	0	0.369667	1	1	10800	3	1	1	1	4294967295	4.14	0	1.02	4294967295	4294967295	4294967295	4294967295	29	0	202	
199	3591107	442.38	-28.14	388.61	-0.997559	0	0.0698291	1	1	10800	2	1	1	1	202	0	0	0	4294967295	4294967295	4294967295	4294967295	29	1	202	
200	3591107	470.84	-33	374.56	-0.8	0	0.6	1	1	10800	2	1	1	1	203	3.40282e+38	0	3.40282e+38	4294967295	4294967295	4294967295	4294967295	35	0	203	
201	3591107	473.59	-33	372.89	-0.821109	0	0.570771	1	1	10800	1	1	1	1	4294967295	3.40282e+38	0	3.40282e+38	4294967295	4294967295	4294967295	4294967295	35	0	203	
202	2132152	430.81	-18.41	315.38	-0.994937	0	-0.100499	1	1	10800	1	2	2	0	4294967295	2.81	0	10.6	4294967295	4294967295	4294967295	4294967295	28	0	201	
203	2132152	427.99	-19.96	329.45	-0.99955	0	0.0299865	1	1	10800	1	2	2	1	4294967295	5.63	0	24.67	4294967295	4294967295	4294967295	4294967295	28	0	201	
204	2132152	420.08	-27.51	387.59	0.340136	0	-0.940376	1	1	10800	1	2	2	3	4294967295	22.3	0	1.02	4294967295	4294967295	4294967295	4294967295	29	0	202	
205	2132152	430.68	-27.57	391.38	0.340136	0	-0.940376	1	1	10800	1	2	2	4	4294967295	11.7	0	2.77	4294967295	4294967295	4294967295	4294967295	29	0	202	
206	2132152	475.17	-33	383.95	-0.660628	0	0.750713	1	1	10800	1	2	2	6	4294967295	3.40282e+38	0	3.40282e+38	4294967295	4294967295	4294967295	4294967295	35	0	203	
207	2132152	481.77	-33	388.86	-0.808304	0	0.588765	1	1	10800	1	2	2	7	4294967295	3.40282e+38	0	3.40282e+38	4294967295	4294967295	4294967295	4294967295	35	0	203	
208	4812210	425.55	-27.51	389.84	0.340136	0	-0.940376	1	1	10800	0	1	1	1	4294967295	16.83	0	1.23	4294967295	4294967295	4294967295	4294967295	29	0	202	
209	4812210	481.29	-33	382.48	-0.559301	0	0.828964	1	1	10800	0	1	1	1	4294967295	3.40282e+38	0	3.40282e+38	4294967295	4294967295	4294967295	4294967295	35	0	203	
210	4812210	430.41	-19.14	321.76	0.985286	0	-0.170917	1	1	10800	0	1	1	1	4294967295	3.21	0	16.98	4294967295	4294967295	4294967295	4294967295	28	0	201	
211	2132152	448.78	-24.84	473.05	0	0	1	1	1	10800	1	7	7	3	4294967295	3.40282e+38	0	3.40282e+38	4294967295	4294967295	4294967295	4294967295	30	0	4294967295	
212	2132152	442.14	-27.37	469.3	0	0	1	1	1	10800	1	7	7	0	4294967295	3.40282e+38	0	3.40282e+38	4294967295	4294967295	4294967295	4294967295	30	0	4294967295	
213	2132152	462.47	-27.16	445.1	0.8	0	-0.6	1	1	10800	1	7	7	5	4294967295	3.40282e+38	0	3.40282e+38	4294967295	4294967295	4294967295	4294967295	31	0	4294967295	
214	2132152	460.87	-26.33	452.72	-0.994937	0	0.100499	1	1	10800	1	7	7	2	4294967295	3.40282e+38	0	3.40282e+38	4294967295	4294967295	4294967295	4294967295	31	0	4294967295	
215	2132152	466.31	-24.69	456.75	-0.483077	0	0.875578	1	1	10800	1	7	7	7	4294967295	3.40282e+38	0	3.40282e+38	4294967295	4294967295	4294967295	4294967295	31	0	4294967295	
216	2132152	471.44	-24.35	458.31	0	0	1	1	1	10800	1	5	7	4	4294967295	3.40282e+38	0	3.40282e+38	4294967295	4294967295	4294967295	4294967295	31	0	4294967295	
217	4812210	475.72	-23.64	463.41	-0.977802	0	0.209529	1	1	10800	2	1	1	1	207	3.40282e+38	0	3.40282e+38	4294967295	4294967295	4294967295	4294967295	31	0	4294967295	
218	4812210	472.56	-21.8	477.04	-0.660628	0	-0.750713	1	1	10800	2	1	1	1	206	3.40282e+38	0	3.40282e+38	4294967295	4294967295	4294967295	4294967295	30	0	4294967295	
219	2132152	463.43	-22.49	476.36	0	0	1	1	1	10800	1	7	7	1	4294967295	3.40282e+38	0	3.40282e+38	4294967295	4294967295	4294967295	4294967295	30	0	4294967295	
220	2132152	455.62	-23.01	476.91	0	0	1	1	1	10800	1	7	7	6	4294967295	3.40282e+38	0	3.40282e+38	4294967295	4294967295	4294967295	4294967295	30	0	4294967295	
221	4812210	506.78	-27.86	414.37	0.987191	0	0.159546	1	1	10800	2	1	1	1	208	3.40282e+38	0	3.40282e+38	4294967295	4294967295	4294967295	4294967295	32	0	4294967295	
222	3591107	511.77	-28.35	271.65	0.43921	0	0.898384	1	1	10800	3	1	1	1	4294967295	0.46	0	5.64	4294967295	4294967295	4294967295	4294967295	36	0	205	
223	2132152	493.28	-28.21	285.84	0	0	1	1	1	10800	1	6	6	4	4294967295	3.40282e+38	0	3.40282e+38	4294967295	4294967295	4294967295	4294967295	34	0	4294967295	
224	2132152	469.2	-28.2	293.63	0	0	1	1	1	10800	1	6	6	2	4294967295	3.40282e+38	0	3.40282e+38	4294967295	4294967295	4294967295	4294967295	34	0	4294967295	
225	2132152	479.04	-28.45	286.68	0	0	1	1	1	10800	1	6	6	7	4294967295	3.40282e+38	0	3.40282e+38	4294967295	4294967295	4294967295	4294967295	34	0	4294967295	
226	2132152	495.54	-31.76	301.25	0	0	1	1	1	10800	1	6	6	1	4294967295	3.40282e+38	0	3.40282e+38	4294967295	4294967295	4294967295	4294967295	34	0	4294967295	
227	4812210	500.46	-32.15	310.75	0.120331	0	-0.992734	1	1	10800	2	1	1	1	209	3.40282e+38	0	3.40282e+38	4294967295	4294967295	4294967295	4294967295	34	0	4294967295	
228	1758307	473.19	-25.1	451.12	-0.140021	0	0.990149	1	1	10800	0	1	1	1	4294967295	3.40282e+38	0	3.40282e+38	4294967295	4294967295	4294967295	4294967295	4294967295	0	4294967295	
229	1753310	448.21	-22.67	482.8	-0.0698291	0	0.997559	1	1	10800	0	1	1	1	4294967295	3.40282e+38	0	3.40282e+38	4294967295	4294967295	4294967295	4294967295	4294967295	0	4294967295	
230	1753310	450.88	-22.24	483.86	0.289177	0	0.957276	1	1	10800	0	1	1	1	4294967295	3.40282e+38	0	3.40282e+38	4294967295	4294967295	4294967295	4294967295	4294967295	0	4294967295	
231	1758307	488.69	-31.94	301.45	0	0	1	1	1	10800	0	1	1	1	4294967295	3.40282e+38	0	3.40282e+38	4294967295	4294967295	4294967295	4294967295	4294967295	0	4294967295	
232	1511134	444.12	-28.02	380.43	0.911734	0	0.410781	1	1	10800	2	1	1	1	309	0	0	0	4294967295	4294967295	4294967295	4294967295	95	1	4294967295	
233	1511134	441.14	-27.83	379.65	0.987191	0	0.159546	1	1	10800	3	1	1	1	4294967295	2.98	0	0.79	4294967295	4294967295	4294967295	4294967295	95	0	4294967295	
234	1511134	437.71	-27.62	379.25	0.987191	0	0.159546	1	1	10800	3	1	1	1	4294967295	6.41	0	1.19	4294967295	4294967295	4294967295	4294967295	95	0	4294967295	
235	1511134	499.12	-33	378.45	0.957276	0	-0.289177	1	1	10800	2	1	1	1	310	3.40282e+38	0	3.40282e+38	4294967295	4294967295	4294967295	4294967295	96	0	4294967295	
236	1511134	496.45	-33	380.25	0.957276	0	-0.289177	1	1	10800	3	1	1	1	4294967295	3.40282e+38	0	3.40282e+38	4294967295	4294967295	4294967295	4294967295	96	0	4294967295	
237	1511134	492.8	-33	381.88	0.957276	0	-0.289177	1	1	10800	3	1	1	1	4294967295	3.40282e+38	0	3.40282e+38	4294967295	4294967295	4294967295	4294967295	96	0	4294967295	
238	1511134	424.59	-32.59	438.87	0.950666	0	-0.310217	1	1	10800	3	1	1	1	4294967295	3.40282e+38	0	3.40282e+38	4294967295	4294967295	4294967295	4294967295	123	0	4294967295	
239	1511134	432.03	-32.78	436.22	0.950666	0	-0.310217	1	1	10800	2	1	1	1	318	3.40282e+38	0	3.40282e+38	4294967295	4294967295	4294967295	4294967295	123	0	4294967295	
240	1511134	428.34	-32.81	437.55	0.950666	0	-0.310217	1	1	10800	3	1	1	1	4294967295	3.40282e+38	0	3.40282e+38	4294967295	4294967295	4294967295	4294967295	123	0	4294967295	
241	4812210	486.13	-32.99	339.14	0.777941	0	0.628337	1	1	10800	0	1	1	1	4294967295	3.40282e+38	0	3.40282e+38	4294967295	4294967295	4294967295	4294967295	124	0	4294967295	
242	2132152	486.93	-33	348.41	0.741298	0	0.671176	1	1	10800	1	3	3	1	4294967295	3.40282e+38	0	3.40282e+38	4294967295	4294967295	4294967295	4294967295	124	0	4294967295	
243	2132152	492.93	-33	341.9	0.892413	0	0.45122	1	1	10800	1	3	3	1	4294967295	3.40282e+38	0	3.40282e+38	4294967295	4294967295	4294967295	4294967295	124	0	4294967295	
244	2132152	495.76	-33	352.39	0	0	1	1	1	10800	1	15	50	5	4294967295	3.40282e+38	0	3.40282e+38	4294967295	4294967295	4294967295	4294967295	124	0	4294967295	
245	2132152	506.87	-32.99	338.88	0	0	1	1	1	10800	1	15	50	5	4294967295	3.40282e+38	0	3.40282e+38	4294967295	4294967295	4294967295	4294967295	124	0	4294967295	
246	3591107	532.27	-32.97	369.42	-0.8	0	-0.6	1	1	10800	2	1	1	1	204	0	0	0	4294967295	4294967295	4294967295	4294967295	33	1	204	
247	3591107	535.86	-32.84	372.66	-0.8	0	-0.6	1	1	10800	3	1	1	1	4294967295	3.59	0	3.24	4294967295	4294967295	4294967295	4294967295	33	0	204	
248	2132152	537.05	-33	342.22	-0.970728	0	0.24018	1	1	10800	1	3	3	0	4294967295	4.78	0	27.19	4294967295	4294967295	4294967295	4294967295	33	0	204	
249	2132152	533.25	-33	361.21	-0.867014	0	-0.498284	1	1	10800	1	3	3	1	4294967295	0.97	0	8.21	4294967295	4294967295	4294967295	4294967295	33	0	204	
250	4812210	537.26	-33	351.05	-0.950666	0	-0.310217	1	1	10800	0	1	1	1	4294967295	4.98	0	18.36	4294967295	4294967295	4294967295	4294967295	33	0	204	
251	4812210	522.3	-27.95	283.02	0	0	1	1	1	10800	0	1	1	1	4294967295	10.06	0	5.73	4294967295	4294967295	4294967295	4294967295	36	0	205	
252	2132152	517.22	-27.83	276.69	-0.721988	0	0.691905	1	1	10800	1	2	2	3	4294967295	4.98	0	0.61	4294967295	4294967295	4294967295	4294967295	36	0	205	
253	2132152	528.36	-27.89	278.71	0.559301	0	0.828964	1	1	10800	1	2	2	4	4294967295	16.12	0	1.42	4294967295	4294967295	4294967295	4294967295	36	0	205	
254	2132152	531.48	-27.09	395.75	-0.588765	0	0.808304	1	1	10800	1	7	7	6	4294967295	3.40282e+38	0	3.40282e+38	4294967295	4294967295	4294967295	4294967295	32	0	4294967295	
255	2132152	529.23	-26.15	405.24	-0.875578	0	0.483077	1	1	10800	1	7	7	3	4294967295	3.40282e+38	0	3.40282e+38	4294967295	4294967295	4294967295	4294967295	32	0	4294967295	
256	2132152	522.82	-25.51	414.77	-0.471108	0	-0.882075	1	1	10800	1	6	6	0	4294967295	3.40282e+38	0	3.40282e+38	4294967295	4294967295	4294967295	4294967295	32	0	4294967295	
257	3591107	512.24	-28.35	277.3	0.209529	0	0.977802	1	1	10800	2	1	1	1	205	0	0	0	4294967295	4294967295	4294967295	4294967295	36	1	205	
258	2132152	513.16	-26.51	418.04	-0.6	0	-0.8	1	1	10800	1	7	7	8	4294967295	3.40282e+38	0	3.40282e+38	4294967295	4294967295	4294967295	4294967295	32	0	4294967295	
259	1753310	528.5	-25.67	409.1	-0.471108	0	0.882075	1	1	10800	0	1	1	1	4294967295	3.40282e+38	0	3.40282e+38	4294967295	4294967295	4294967295	4294967295	4294967295	0	4294967295	
260	1511134	514.55	-29.65	292.97	-0.639202	0	0.769039	1	1	10800	2	1	1	1	311	3.40282e+38	0	3.40282e+38	4294967295	4294967295	4294967295	4294967295	4294967295	0	4294967295	
261	1511134	515.43	-29.01	291.1	-0.639202	0	0.769039	1	1	10800	3	1	1	1	4294967295	3.40282e+38	0	3.40282e+38	4294967295	4294967295	4294967295	4294967295	4294967295	0	4294967295	
262	1511134	516.66	-28.55	289.1	-0.639202	0	0.769039	1	1	10800	3	1	1	1	4294967295	3.40282e+38	0	3.40282e+38	4294967295	4294967295	4294967295	4294967295	4294967295	0	4294967295	
263	7251131	-172.68	-1.91	690.09	-0.328135	0	0.944631	3	1	10800	1	1	1	1	4294967295	3.40282e+38	0	3.40282e+38	4294967295	4294967295	4294967295	4294967295	4294967295	0	4294967295	
264	7251131	-107.6	-2.41	586.95	-0.45122	0	0.892413	1	1	10800	1	1	1	1	4294967295	3.40282e+38	0	3.40282e+38	4294967295	4294967295	4294967295	4294967295	4294967295	0	4294967295	
265	7251131	-209.76	-26.58	689.93	-0.190333	0	0.98172	1	1	10800	1	2	2	1	4294967295	3.40282e+38	0	3.40282e+38	4294967295	4294967295	4294967295	4294967295	79	0	101	
266	3213110	-126.89	-26.23	556.12	-0.892413	0	0.45122	1	1	10800	1	7	7	1	4294967295	3.40282e+38	0	3.40282e+38	4294967295	4294967295	4294967295	4294967295	82	0	102	
267	7251131	-133.61	-26.28	556.95	-0.875578	0	0.483077	1	1	10800	1	2	2	1	4294967295	3.40282e+38	0	3.40282e+38	4294967295	4294967295	4294967295	4294967295	82	0	102	
268	7251131	-131.13	-26.28	561.14	-0.841178	0	0.540758	1	1	10800	1	2	2	1	4294967295	3.40282e+38	0	3.40282e+38	4294967295	4294967295	4294967295	4294967295	82	0	102	
269	2312137	-12.11	-28.11	525.42	-0.920691	0	-0.390293	1	1	10800	1	9	9	8	4294967295	3.40282e+38	0	3.40282e+38	4294967295	4294967295	4294967295	4294967295	121	0	4294967295	
270	2312137	-43.12	-26.11	538.69	-0.992734	0	0.120331	1	1	10800	1	9	9	5	4294967295	3.40282e+38	0	3.40282e+38	4294967295	4294967295	4294967295	4294967295	121	0	4294967295	
271	2312137	-78.93	-26.82	532.57	-0.769039	0	0.639202	1	1	10800	1	9	9	2	4294967295	3.40282e+38	0	3.40282e+38	4294967295	4294967295	4294967295	4294967295	120	0	4294967295	
272	2312137	-158.18	-26.98	582.82	-0.957276	0	0.289177	1	1	10800	1	9	9	7	4294967295	3.40282e+38	0	3.40282e+38	4294967295	4294967295	4294967295	4294967295	119	0	4294967295	
273	2312137	-183.87	-28.2	581.83	0	0	1	1	1	10800	1	9	9	4	4294967295	3.40282e+38	0	3.40282e+38	4294967295	4294967295	4294967295	4294967295	119	0	4294967295	
274	2312137	-185.27	-28.05	638.45	0	0	1	1	1	10800	1	9	9	1	4294967295	17.08	0	26.75	4294967295	4294967295	4294967295	4294967295	118	0	4294967295	
275	2312137	-228.4	-28.19	718.37	0.6	0	0.8	1	1	10800	1	9	9	3	4294967295	3.40282e+38	0	3.40282e+38	4294967295	4294967295	4294967295	4294967295	78	0	4294967295	
276	2312137	-196.1	-24.1	736.38	0	0	1	1	1	10800	1	9	9	0	4294967295	3.40282e+38	0	3.40282e+38	4294967295	4294967295	4294967295	4294967295	78	0	4294967295	
277	2312137	-187.63	-24.92	721.84	0	0	1	1	1	10800	1	9	9	6	4294967295	3.40282e+38	0	3.40282e+38	4294967295	4294967295	4294967295	4294967295	78	0	4294967295	
278	7512101	-209.82	-24.32	720.31	0	0	1	1	1	10800	1	9	9	3	4294967295	3.40282e+38	0	3.40282e+38	4294967295	4294967295	4294967295	4294967295	78	0	4294967295	
279	7512101	-221.45	-28.19	735.56	0	0	1	1	1	10800	1	9	9	3	4294967295	3.40282e+38	0	3.40282e+38	4294967295	4294967295	4294967295	4294967295	78	0	4294967295	
280	8211122	-225.6	-27.38	681.17	0	0	1	1	1	10800	0	1	1	1	4294967295	3.40282e+38	0	3.40282e+38	4294967295	4294967295	4294967295	4294967295	79	0	101	
281	8211122	-196.4	-27.08	685.85	0	0	1	1	1	10800	0	1	1	1	4294967295	3.40282e+38	0	3.40282e+38	4294967295	4294967295	4294967295	4294967295	79	0	101	
282	3213110	-211.24	-26.68	684.31	-0.190333	0	0.98172	1	1	10800	1	7	7	1	4294967295	3.40282e+38	0	3.40282e+38	4294967295	4294967295	4294967295	4294967295	79	0	101	
283	7251131	-214.83	-26.48	688.96	-0.170917	0	0.985286	1	1	10800	1	2	2	1	4294967295	3.40282e+38	0	3.40282e+38	4294967295	4294967295	4294967295	4294967295	79	0	101	
284	7512101	-201.24	-27.15	642.71	0	0	1	1	1	10800	1	9	9	3	4294967295	1.11	0	31	4294967295	4294967295	4294967295	4294967295	118	0	4294967295	
285	7512101	-172.4	-26.39	597.73	0	0	1	1	1	10800	1	9	9	3	4294967295	3.40282e+38	0	3.40282e+38	4294967295	4294967295	4294967295	4294967295	119	0	4294967295	
286	8211122	-134.85	-27.18	543.75	-0.907959	0	0.419058	1	1	10800	0	1	1	3	4294967295	3.40282e+38	0	3.40282e+38	4294967295	4294967295	4294967295	4294967295	82	0	102	
287	8211122	-119.98	-27.08	568.67	-0.907959	0	0.419058	1	1	10800	0	1	1	3	4294967295	3.40282e+38	0	3.40282e+38	4294967295	4294967295	4294967295	4294967295	82	0	102	
288	7512101	-71.43	-28.2	554.27	0	0	1	1	1	10800	1	9	9	3	4294967295	3.40282e+38	0	3.40282e+38	4294967295	4294967295	4294967295	4294967295	120	0	4294967295	
289	7512101	-53.24	-28.2	517.2	0	0	1	1	1	10800	1	9	9	3	4294967295	3.40282e+38	0	3.40282e+38	4294967295	4294967295	4294967295	4294967295	121	0	4294967295	
290	7512101	-99.58	-28.2	525.66	0	0	1	1	1	10800	1	9	9	3	4294967295	3.40282e+38	0	3.40282e+38	4294967295	4294967295	4294967295	4294967295	120	0	4294967295	
291	2312137	-212.08	-28.17	626.19	0	0	1	1	1	10800	1	9	9	1	4294967295	9.73	0	14.49	4294967295	4294967295	4294967295	4294967295	118	0	4294967295	
292	3213110	-202.35	-28.21	611.7	-0.691905	0	0.721988	1	1	10800	2	1	1	1	111	0	0	0	4294967295	4294967295	4294967295	4294967295	118	1	4294967295	
293	3213110	-197.28	-28.22	608.22	-0.855732	0	0.517419	1	1	10800	3	1	1	1	4294967295	5.07	0	3.48	4294967295	4294967295	4294967295	4294967295	118	0	4294967295	
294	3213110	-166.06	-28.2	571.99	0	0	1	1	1	10800	1	15	50	5	4294967295	3.40282e+38	0	3.40282e+38	4294967295	4294967295	4294967295	4294967295	119	0	4294967295	
295	3213110	-162.56	-26.75	588.45	0.471108	0	-0.882075	1	1	10800	1	15	50	5	4294967295	3.40282e+38	0	3.40282e+38	4294967295	4294967295	4294967295	4294967295	119	0	4294967295	
296	3213110	-70.06	-26.87	526.99	0	0	1	1	1	10800	1	15	50	5	4294967295	3.40282e+38	0	3.40282e+38	4294967295	4294967295	4294967295	4294967295	120	0	4294967295	
297	3213110	-74	-26.94	543	0	0	1	1	1	10800	1	15	50	5	4294967295	3.40282e+38	0	3.40282e+38	4294967295	4294967295	4294967295	4294967295	120	0	4294967295	
298	3213110	-27.18	-28.21	517.73	0	0	1	1	1	10800	1	15	50	5	4294967295	3.40282e+38	0	3.40282e+38	4294967295	4294967295	4294967295	4294967295	121	0	4294967295	
299	3213110	-26.92	-28.2	550.76	0	0	1	1	1	10800	1	15	50	5	4294967295	3.40282e+38	0	3.40282e+38	4294967295	4294967295	4294967295	4294967295	121	0	4294967295	
300	7251131	158.88	-27.29	551.03	-0.907959	0	0.419058	1	1	10800	1	2	2	1	4294967295	3.40282e+38	0	3.40282e+38	4294967295	4294967295	4294967295	4294967295	21	0	4294967295	
301	7251131	161	-27.75	557.51	-0.907959	0	0.419058	1	1	10800	1	2	2	2	4294967295	3.40282e+38	0	3.40282e+38	4294967295	4294967295	4294967295	4294967295	21	0	4294967295	
302	1652116	151.96	-27.55	558.54	-0.8	0	0.6	1	1	10800	1	5	5	1	4294967295	3.40282e+38	0	3.40282e+38	4294967295	4294967295	4294967295	4294967295	21	0	4294967295	
303	1652116	159.02	-22.16	572.65	-0.957276	0	0.289177	1	1	10800	1	5	5	1	4294967295	3.40282e+38	0	3.40282e+38	4294967295	4294967295	4294967295	4294967295	21	0	4294967295	
304	7251131	2.91	-2.81	582.13	-0.940376	0	-0.340136	1	1	10800	1	1	1	1	4294967295	3.40282e+38	0	3.40282e+38	4294967295	4294967295	4294967295	4294967295	4294967295	0	4294967295	
305	2312137	49.01	-25.48	575.63	-0.994937	0	-0.100499	1	1	10800	1	9	9	0	4294967295	3.40282e+38	0	3.40282e+38	4294967295	4294967295	4294967295	4294967295	122	0	4294967295	
306	2312137	66.4	-25.13	586.69	-0.940376	0	0.340136	1	1	10800	1	9	9	3	4294967295	3.40282e+38	0	3.40282e+38	4294967295	4294967295	4294967295	4294967295	122	0	4294967295	
307	2312137	180.33	-28.36	545.47	-0.808304	0	0.588765	1	1	10800	1	9	9	8	4294967295	3.40282e+38	0	3.40282e+38	4294967295	4294967295	4294967295	4294967295	4294967295	0	4294967295	
308	2312137	147.81	-18.1	586.1	-0.940376	0	0.340136	1	1	10800	1	5	5	4	4294967295	3.40282e+38	0	3.40282e+38	4294967295	4294967295	4294967295	4294967295	4294967295	0	4294967295	
309	2312137	91.14	-26.23	576.85	-0.848559	0	0.529101	1	1	10800	1	7	7	6	4294967295	3.40282e+38	0	3.40282e+38	4294967295	4294967295	4294967295	4294967295	122	0	4294967295	
310	2312137	123.11	-11.7	598.65	-0.950666	0	0.310217	1	1	10800	1	5	5	1	4294967295	3.40282e+38	0	3.40282e+38	4294967295	4294967295	4294967295	4294967295	4294967295	0	4294967295	
311	1652116	138.72	-27.64	564.16	-0.875578	0	0.483077	1	1	10800	1	5	5	1	4294967295	3.40282e+38	0	3.40282e+38	4294967295	4294967295	4294967295	4294967295	21	0	4294967295	
312	3213110	201.24	-22.78	515.59	-0.944631	0	-0.328135	1	1	10800	1	7	7	7	4294967295	3.40282e+38	0	3.40282e+38	4294967295	4294967295	4294967295	4294967295	92	0	4294967295	
313	3213110	190.88	-26.58	520.55	0.410781	0	0.911734	1	1	10800	1	7	7	4	4294967295	3.40282e+38	0	3.40282e+38	4294967295	4294967295	4294967295	4294967295	92	0	4294967295	
314	3213110	252.43	-30.48	553	-0.209529	0	-0.977802	1	1	10800	1	7	7	6	4294967295	3.40282e+38	0	3.40282e+38	4294967295	4294967295	4294967295	4294967295	89	0	4294967295	
315	3213110	226.27	-21.73	579.05	0.0299865	0	-0.99955	1	1	10800	1	7	7	6	4294967295	3.40282e+38	0	3.40282e+38	4294967295	4294967295	4294967295	4294967295	90	0	4294967295	
316	3213110	218.15	-23.69	573.51	0.517419	0	-0.855732	1	1	10800	1	7	7	0	4294967295	3.40282e+38	0	3.40282e+38	4294967295	4294967295	4294967295	4294967295	90	0	4294967295	
317	3213110	211.9	-20.69	580.79	0.920691	0	0.390293	1	1	10800	1	7	7	3	4294967295	3.40282e+38	0	3.40282e+38	4294967295	4294967295	4294967295	4294967295	90	0	4294967295	
318	3213110	224.33	-18.49	586.57	0	0	1	1	1	10800	1	7	7	1	4294967295	3.40282e+38	0	3.40282e+38	4294967295	4294967295	4294967295	4294967295	90	0	4294967295	
319	3213110	234.41	-9.99	612.21	0.0499376	0	-0.998752	1	1	10800	1	3	3	2	4294967295	3.40282e+38	0	3.40282e+38	4294967295	4294967295	4294967295	4294967295	87	0	4294967295	
320	3213110	233.03	-12.06	605.99	0.0499376	0	-0.998752	1	1	10800	1	3	3	7	4294967295	3.40282e+38	0	3.40282e+38	4294967295	4294967295	4294967295	4294967295	87	0	4294967295	
321	3213110	238.43	-10.54	608.37	-0.328135	0	-0.944631	1	1	10800	1	7	7	4	4294967295	3.40282e+38	0	3.40282e+38	4294967295	4294967295	4294967295	4294967295	87	0	4294967295	
322	3213110	255.21	-26.24	561.7	-0.777941	0	-0.628337	1	1	10800	1	7	7	3	4294967295	3.40282e+38	0	3.40282e+38	4294967295	4294967295	4294967295	4294967295	89	0	4294967295	
323	2312137	181.48	-24.67	568.95	-0.828964	0	0.559301	1	1	10800	1	9	9	7	4294967295	3.40282e+38	0	3.40282e+38	4294967295	4294967295	4294967295	4294967295	4294967295	0	4294967295	
324	1652116	189.37	-31.16	534.9	-0.570771	0	-0.821109	1	1	10800	3	1	1	1	4294967295	3.46	0	5.63	4294967295	4294967295	4294967295	4294967295	67	0	4294967295	
325	1652116	185.91	-31.55	529.27	-0.570771	0	-0.821109	1	1	10800	2	1	1	1	109	0	0	0	4294967295	4294967295	4294967295	4294967295	67	1	4294967295	
326	1652116	250.64	-32.13	546.37	-0.932568	0	0.360994	1	1	10800	3	1	1	1	4294967295	6.51	0	1.46	4294967295	4294967295	4294967295	4294967295	12	0	4294967295	
327	1652116	244.13	-31.43	547.83	-0.8	0	0.6	1	1	10800	2	1	1	1	108	0	0	0	4294967295	4294967295	4294967295	4294967295	12	1	4294967295	
328	1652116	225.47	-25.98	568.2	0.559301	0	0.828964	1	1	10800	3	1	1	1	4294967295	3.76	0	4.59	4294967295	4294967295	4294967295	4294967295	11	0	4294967295	
329	1652116	229.24	-23.98	572.79	0.559301	0	0.828964	1	1	10800	2	1	1	1	107	0	0	0	4294967295	4294967295	4294967295	4294967295	11	1	4294967295	
330	3213110	244.71	-25.9	562.98	0	0	1	1	1	10800	1	9	9	1	4294967295	3.40282e+38	0	3.40282e+38	4294967295	4294967295	4294967295	4294967295	89	0	4294967295	
331	1753310	229.81	-11.57	608.1	-0.310217	0	0.950666	1	1	10800	0	1	1	1	4294967295	3.40282e+38	0	3.40282e+38	4294967295	4294967295	4294967295	4294967295	4294967295	0	4294967295	
332	1753310	231.71	-10.86	610.06	0.28	0	0.96	1	1	10800	0	1	1	1	4294967295	3.40282e+38	0	3.40282e+38	4294967295	4294967295	4294967295	4294967295	4294967295	0	4294967295	
333	8211122	20.65	-27.68	533.2	-0.932568	0	-0.360994	1	1	10800	0	1	1	1	4294967295	3.40282e+38	0	3.40282e+38	4294967295	4294967295	4294967295	4294967295	85	0	103	
334	8211122	9.61	-27.58	560.28	-0.907959	0	-0.419058	1	1	10800	0	1	1	1	4294967295	3.40282e+38	0	3.40282e+38	4294967295	4294967295	4294967295	4294967295	85	0	103	
335	8213116	13.22	-26.78	545.74	-0.957276	0	-0.289177	1	1	10800	0	1	1	1	4294967295	3.40282e+38	0	3.40282e+38	4294967295	4294967295	4294967295	4294967295	85	0	103	
336	7251131	8.36	-26.78	541.46	-0.944631	0	-0.328135	1	1	10800	1	2	2	1	4294967295	3.40282e+38	0	3.40282e+38	4294967295	4294967295	4294967295	4294967295	85	0	103	
337	7251131	6.77	-26.78	545.49	-0.907959	0	-0.419058	1	1	10800	1	2	2	1	4294967295	3.40282e+38	0	3.40282e+38	4294967295	4294967295	4294967295	4294967295	85	0	103	
338	7512101	65.56	-26.46	568.91	0	0	1	1	1	10800	1	9	9	3	4294967295	3.40282e+38	0	3.40282e+38	4294967295	4294967295	4294967295	4294967295	122	0	4294967295	
339	3213110	273.34	-26.82	557.84	-0.98172	0	0.190333	1	1	10800	1	3	3	5	4294967295	3.40282e+38	0	3.40282e+38	4294967295	4294967295	4294967295	4294967295	88	0	4294967295	
340	3213110	270.93	-24.36	563.09	-0.911734	0	-0.410781	1	1	10800	1	3	3	8	4294967295	3.40282e+38	0	3.40282e+38	4294967295	4294967295	4294967295	4294967295	88	0	4294967295	
341	3213110	267.97	-25.7	559.97	-0.98172	0	0.190333	1	1	10800	1	7	7	0	4294967295	3.40282e+38	0	3.40282e+38	4294967295	4294967295	4294967295	4294967295	88	0	4294967295	
342	1753310	276.82	-27.41	557.75	0.258902	0	0.965904	1	1	10800	0	1	1	1	4294967295	3.40282e+38	0	3.40282e+38	4294967295	4294967295	4294967295	4294967295	4294967295	0	4294967295	
343	1753310	274.27	-24.97	562.67	0.721988	0	-0.691905	1	1	10800	0	1	1	1	4294967295	3.40282e+38	0	3.40282e+38	4294967295	4294967295	4294967295	4294967295	4294967295	0	4294967295	
344	1652116	-181.81	-39.81	975.11	-0.992734	0	0.120331	1	1	10800	3	1	1	1	4294967295	5.28	0	0.24	4294967295	4294967295	4294967295	4294967295	1	0	4294967295	
345	1652116	-140.73	-26.52	995.34	-0.721988	0	0.691905	1	1	10800	3	1	1	1	4294967295	2.94	0	3.35	4294967295	4294967295	4294967295	4294967295	2	0	4294967295	
346	1652116	-187.09	-39.82	975.35	-0.992734	0	0.120331	1	1	10800	2	1	1	1	101	0	0	0	4294967295	4294967295	4294967295	4294967295	1	1	4294967295	
347	1652116	-143.67	-27.34	998.69	-0.721988	0	0.691905	1	1	10800	2	1	1	1	102	0	0	0	4294967295	4294967295	4294967295	4294967295	2	1	4294967295	
348	1652116	-178.01	-19.83	925.35	0.8	0	0.6	1	1	10800	2	1	1	1	104	0	0	0	4294967295	4294967295	4294967295	4294967295	5	1	4294967295	
349	1652116	-135.09	-26.15	983.98	0	0	-1	1	1	10800	3	1	1	1	4294967295	0.61	0	4.86	4294967295	4294967295	4294967295	4294967295	4	0	4294967295	
350	1652116	-134.47	-25.89	979.12	0	0	-1	1	1	10800	2	1	1	1	103	0	0	0	4294967295	4294967295	4294967295	4294967295	4	1	4294967295	
351	1652116	-182.4	-18.44	922.1	0.8	0	0.6	1	1	10800	3	1	1	1	4294967295	4.39	0	3.25	4294967295	4294967295	4294967295	4294967295	5	0	4294967295	
352	1652116	-217.52	2.76	842.7	0	0	1	1	1	900	3	1	1	1	4294967295	0.17	0	3.9	4294967295	4294967295	4294967295	4294967295	9	0	4294967295	
353	1652116	-194.45	-14.6	911.68	-0.707107	0	-0.707107	1	1	10800	2	1	1	1	105	0	0	0	4294967295	4294967295	4294967295	4294967295	7	1	4294967295	
354	1652116	-217.35	1.81	846.6	0	0	1	1	1	900	2	1	1	1	106	0	0	0	4294967295	4294967295	4294967295	4294967295	9	1	4294967295	
355	1652116	-190.52	-15.96	915.31	-0.707107	0	-0.707107	1	1	10800	3	1	1	1	4294967295	3.93	0	3.63	4294967295	4294967295	4294967295	4294967295	7	0	4294967295	
356	2312137	-218.54	-38.37	981.82	-0.617382	0	-0.786664	1	1	10800	1	9	9	1	4294967295	3.40282e+38	0	3.40282e+38	4294967295	4294967295	4294967295	4294967295	4294967295	0	4294967295	
357	2312137	-226.51	-4.59	825.39	0.369667	0	0.929164	1	1	10800	1	7	7	6	4294967295	3.40282e+38	0	3.40282e+38	4294967295	4294967295	4294967295	4294967295	13	0	4294967295	
358	2312137	-206.41	8.68	809.76	-0.310217	0	0.950666	1	1	10800	1	5	5	7	4294967295	3.40282e+38	0	3.40282e+38	4294967295	4294967295	4294967295	4294967295	13	0	4294967295	
359	2312137	-191.5	11.24	798.56	-0.940376	0	0.340136	1	1	10800	1	5	5	8	4294967295	3.40282e+38	0	3.40282e+38	4294967295	4294967295	4294967295	4294967295	13	0	4294967295	
360	2312137	-212.06	-5.74	882.02	0	0	1	1	1	10800	1	7	7	5	4294967295	3.40282e+38	0	3.40282e+38	4294967295	4294967295	4294967295	4294967295	4294967295	0	4294967295	
361	2312137	-125.74	-23.2	961.1	0.483077	0	0.875578	1	1	10800	1	9	9	3	4294967295	3.40282e+38	0	3.40282e+38	4294967295	4294967295	4294967295	4294967295	4294967295	0	4294967295	
362	2312137	-159.89	-23.74	949.17	-0.920691	0	0.390293	1	1	10800	1	7	9	4	4294967295	3.40282e+38	0	3.40282e+38	4294967295	4294967295	4294967295	4294967295	4294967295	0	4294967295	
363	2312137	-197.78	-39.85	958.62	-0.721988	0	-0.691905	1	1	10800	1	9	9	0	4294967295	3.40282e+38	0	3.40282e+38	4294967295	4294967295	4294967295	4294967295	4294967295	0	4294967295	
364	2312137	-136.28	-26.36	991.33	0	0	1	1	1	10800	1	9	9	2	4294967295	3.40282e+38	0	3.40282e+38	4294967295	4294967295	4294967295	4294967295	4294967295	0	4294967295	
365	2312137	-134.46	-21.82	942.57	-0.992734	0	0.120331	1	1	10800	1	9	9	3	4294967295	3.40282e+38	0	3.40282e+38	4294967295	4294967295	4294967295	4294967295	4294967295	0	4294967295	
366	2312137	-186.64	-17.25	917.91	0	0	1	1	1	10800	1	7	9	4	4294967295	3.40282e+38	0	3.40282e+38	4294967295	4294967295	4294967295	4294967295	4294967295	0	4294967295	
367	2312137	-186.43	-34.46	1010.98	0	0	1	1	1	10800	1	9	9	0	4294967295	3.40282e+38	0	3.40282e+38	4294967295	4294967295	4294967295	4294967295	4294967295	0	4294967295	
