1	6212137	-391.37	71.65	-611.62	0	0	1	3	1	300	1	6	3	1	4294967295	3.40282e+38	0	3.40282e+38	4294967295	4294967295	4294967295	4294967295	4294967295	0	4294967295	
2	6212137	-362.39	65.09	-575.45	0	0	1	3	1	300	3	6	3	1	4294967295	4.7	0	4.36	4294967295	4294967295	4294967295	4294967295	47	0	4294967295	
3	6212137	-411.55	72.71	-606.73	0	0	1	3	1	300	1	6	3	1	4294967295	3.40282e+38	0	3.40282e+38	4294967295	4294967295	4294967295	4294967295	4294967295	0	4294967295	
4	6212137	-404.28	72.39	-613.74	0	0	1	3	1	300	1	6	3	1	4294967295	3.40282e+38	0	3.40282e+38	4294967295	4294967295	4294967295	4294967295	4294967295	0	4294967295	
5	6212137	-404.27	72.61	-595.76	0	0	1	3	1	300	1	6	3	1	4294967295	3.40282e+38	0	3.40282e+38	4294967295	4294967295	4294967295	4294967295	4294967295	0	4294967295	
6	6212137	-367.09	66.29	-579.81	0	0	1	1	1	300	2	1	1	1	57	0	0	0	4294967295	4294967295	4294967295	4294967295	47	1	4294967295	
7	6212137	-388.99	70.47	-598.8	0	0	1	3	1	300	1	10	5	1	4294967295	3.40282e+38	0	3.40282e+38	4294967295	4294967295	4294967295	4294967295	4294967295	0	4294967295	
8	6011304	-303.89	63.26	-544.07	-0.471108	0	-0.882075	1	1	300	0	1	1	1	4294967295	3.40282e+38	0	3.40282e+38	4294967295	4294967295	4294967295	4294967295	4294967295	0	4294967295	
9	2131204	-339.33	63.6	-527.92	0	0	1	3	1	300	1	5	3	1	4294967295	3.40282e+38	0	3.40282e+38	4294967295	4294967295	4294967295	4294967295	4294967295	0	4294967295	
10	2131204	-342.32	65.61	-516.14	-0.45122	0	0.892413	1	1	300	1	1	1	1	4294967295	3.40282e+38	0	3.40282e+38	4294967295	4294967295	4294967295	4294967295	4294967295	0	4294967295	
11	6212137	-316.83	63.21	-513.85	0	0	1	1	1	300	3	1	1	1	4294967295	4.26	0	10.31	4294967295	4294967295	4294967295	4294967295	46	0	4294967295	
12	6211213	-402.84	72.29	-606.76	0	0	1	1	1	300	1	12	8	1	4294967295	3.40282e+38	0	3.40282e+38	4294967295	4294967295	4294967295	4294967295	4294967295	0	4294967295	
13	2131204	-294.17	63.53	-514.11	0	0	1	1	1	300	2	1	1	1	6	3.40282e+38	0	3.40282e+38	4294967295	4294967295	4294967295	4294967295	4294967295	0	4294967295	
14	1781113	-285.87	63.2	-543.53	0	0	1	1	1	300	1	8	6	1	4294967295	3.40282e+38	0	3.40282e+38	4294967295	4294967295	4294967295	4294967295	4294967295	0	4294967295	
15	1781113	-271.78	64	-549.56	0	0	1	1	1	300	1	8	6	1	4294967295	3.40282e+38	0	3.40282e+38	4294967295	4294967295	4294967295	4294967295	4294967295	0	4294967295	
16	6212137	-317.76	63.35	-524.7	0	0	1	1	1	300	1	8	6	1	4294967295	3.40282e+38	0	3.40282e+38	4294967295	4294967295	4294967295	4294967295	4294967295	0	4294967295	
17	1754124	-412.56	72.92	-595.16	0	0	1	1	1	360	0	1	1	1	4294967295	3.40282e+38	0	3.40282e+38	4294967295	4294967295	4294967295	4294967295	4294967295	0	4294967295	
18	7772101	-126.23	62.8	-575.05	0.808304	0	-0.588765	1	1	300	0	1	1	1	4294967295	3.40282e+38	0	3.40282e+38	4294967295	4294967295	4294967295	4294967295	4294967295	0	4294967295	
19	7772101	-132.21	63.06	-585.67	0.997559	0	-0.0698291	1	1	300	0	1	1	1	4294967295	3.40282e+38	0	3.40282e+38	4294967295	4294967295	4294967295	4294967295	4294967295	0	4294967295	
20	7772101	-122.17	62.96	-583.87	0.965904	0	-0.258902	1	1	300	2	1	1	1	3	3.40282e+38	0	3.40282e+38	4294967295	4294967295	4294967295	4294967295	3	0	4294967295	
21	7772101	-136.22	62.35	-577.43	0.892413	0	-0.45122	1	1	300	3	1	1	1	4294967295	3.40282e+38	0	3.40282e+38	4294967295	4294967295	4294967295	4294967295	3	0	4294967295	
22	1781113	-214.28	61.44	-649.96	0	0	1	3	1	300	1	6	3	1	4294967295	3.40282e+38	0	3.40282e+38	4294967295	4294967295	4294967295	4294967295	4294967295	0	4294967295	
23	1781113	-225.56	61.59	-652.8	0	0	1	3	1	300	1	6	3	1	4294967295	3.40282e+38	0	3.40282e+38	4294967295	4294967295	4294967295	4294967295	4294967295	0	4294967295	
24	1781113	-232.8	61.6	-648.64	0	0	1	3	1	300	1	6	3	1	4294967295	3.40282e+38	0	3.40282e+38	4294967295	4294967295	4294967295	4294967295	4294967295	0	4294967295	
25	1781113	-215.19	61.45	-640.89	0	0	1	3	1	300	1	6	3	1	4294967295	3.40282e+38	0	3.40282e+38	4294967295	4294967295	4294967295	4294967295	4294967295	0	4294967295	
26	1781113	-238.25	61.99	-640.57	0	0	1	3	1	300	1	6	3	1	4294967295	3.40282e+38	0	3.40282e+38	4294967295	4294967295	4294967295	4294967295	4294967295	0	4294967295	
27	1781113	-226.73	61.36	-626.96	0	0	1	3	1	300	1	6	3	1	4294967295	3.40282e+38	0	3.40282e+38	4294967295	4294967295	4294967295	4294967295	4294967295	0	4294967295	
28	1781113	-221.3	61.36	-633.37	0	0	1	3	1	300	1	6	3	1	4294967295	3.40282e+38	0	3.40282e+38	4294967295	4294967295	4294967295	4294967295	4294967295	0	4294967295	
29	1781113	-240.47	61.95	-633.76	0	0	1	3	1	300	1	6	3	1	4294967295	3.40282e+38	0	3.40282e+38	4294967295	4294967295	4294967295	4294967295	4294967295	0	4294967295	
30	7117116	-129.47	62.42	-580.53	0	0	1	1	1	300	1	1	1	1	4294967295	3.40282e+38	0	3.40282e+38	4294967295	4294967295	4294967295	4294967295	4294967295	0	4294967295	
31	6011304	-251.32	63.18	-540.77	0	0	1	1	1	300	0	1	1	1	4294967295	3.40282e+38	0	3.40282e+38	4294967295	4294967295	4294967295	4294967295	4294967295	0	4294967295	
32	6011304	-230.91	63.18	-530.82	0	0	1	1	1	300	0	1	1	1	4294967295	3.40282e+38	0	3.40282e+38	4294967295	4294967295	4294967295	4294967295	4294967295	0	4294967295	
33	6212137	-251.72	63.37	-513.03	0.997559	0	0.0698291	4	1	300	1	12	6	1	4294967295	3.40282e+38	0	3.40282e+38	4294967295	4294967295	4294967295	4294967295	4294967295	0	4294967295	
34	4261122	-229	63.18	-526.32	0.992734	0	-0.120331	4	1	300	1	6	3	1	4294967295	3.40282e+38	0	3.40282e+38	4294967295	4294967295	4294967295	4294967295	4294967295	0	4294967295	
35	1781113	-254.59	63.18	-535.83	0	0	1	4	1	300	1	10	5	1	4294967295	3.40282e+38	0	3.40282e+38	4294967295	4294967295	4294967295	4294967295	4294967295	0	4294967295	
36	1781113	-241.16	63.18	-535.17	0	0	1	4	1	300	1	10	5	1	4294967295	3.40282e+38	0	3.40282e+38	4294967295	4294967295	4294967295	4294967295	4294967295	0	4294967295	
37	1781113	-192.36	63.18	-539.8	0	0	1	4	1	300	1	10	5	1	4294967295	3.40282e+38	0	3.40282e+38	4294967295	4294967295	4294967295	4294967295	4294967295	0	4294967295	
38	1781113	-166.5	63.18	-539.46	0	0	1	4	1	300	1	10	5	1	4294967295	3.40282e+38	0	3.40282e+38	4294967295	4294967295	4294967295	4294967295	4294967295	0	4294967295	
39	1782110	-226.72	61.41	-641.63	0	0	1	1	1	300	1	12	8	1	4294967295	3.40282e+38	0	3.40282e+38	4294967295	4294967295	4294967295	4294967295	4294967295	0	4294967295	
40	2131204	-235.79	63.18	-529.1	0	0	1	1	1	300	2	1	1	1	8	3.40282e+38	0	3.40282e+38	4294967295	4294967295	4294967295	4294967295	4294967295	0	4294967295	
41	2131204	-249.08	63.08	-530.75	0	0	1	1	1	300	2	1	1	1	7	3.40282e+38	0	3.40282e+38	4294967295	4294967295	4294967295	4294967295	4294967295	0	4294967295	
42	4261122	-207.35	63.17	-520.34	0	0	1	1	1	300	1	1	1	1	4294967295	3.40282e+38	0	3.40282e+38	4294967295	4294967295	4294967295	4294967295	4294967295	0	4294967295	
43	4261122	-164.17	63.47	-521.13	0	0	1	1	1	300	1	8	6	1	4294967295	3.40282e+38	0	3.40282e+38	4294967295	4294967295	4294967295	4294967295	4294967295	0	4294967295	
44	4261122	-229.52	63.49	-512.3	0.977802	0	-0.209529	4	1	300	1	6	3	1	4294967295	3.40282e+38	0	3.40282e+38	4294967295	4294967295	4294967295	4294967295	4294967295	0	4294967295	
45	1754201	-234.28	61.81	-653.52	0	0	1	1	1	360	0	1	1	1	4294967295	3.40282e+38	0	3.40282e+38	4294967295	4294967295	4294967295	4294967295	4294967295	0	4294967295	
46	7772101	21.26	67.55	-570.39	0.419058	0	-0.907959	1	1	300	0	1	1	1	4294967295	3.40282e+38	0	3.40282e+38	4294967295	4294967295	4294967295	4294967295	4294967295	0	4294967295	
47	7772101	11.85	67.23	-573.42	0.419058	0	-0.907959	1	1	300	0	1	1	1	4294967295	3.40282e+38	0	3.40282e+38	4294967295	4294967295	4294967295	4294967295	4294967295	0	4294967295	
48	7772101	120.77	70.93	-623.31	-0.929164	0	0.369667	1	1	300	1	1	1	1	4294967295	3.40282e+38	0	3.40282e+38	4294967295	4294967295	4294967295	4294967295	4294967295	0	4294967295	
49	7772101	116.38	70.83	-632.3	0.471108	0	-0.882075	1	1	300	1	1	1	1	4294967295	3.40282e+38	0	3.40282e+38	4294967295	4294967295	4294967295	4294967295	4294967295	0	4294967295	
50	7772101	13.17	67.72	-582.4	0.517419	0	-0.855732	1	1	300	2	1	1	1	1	3.40282e+38	0	3.40282e+38	4294967295	4294967295	4294967295	4294967295	4294967295	0	4294967295	
51	7772101	124.26	71.12	-639.04	0.221187	0	-0.975232	1	1	300	2	1	1	1	2	3.40282e+38	0	3.40282e+38	4294967295	4294967295	4294967295	4294967295	4294967295	0	4294967295	
52	7772101	128.91	71.09	-630.16	0.660628	0	-0.750713	1	1	300	0	1	1	1	4294967295	3.40282e+38	0	3.40282e+38	4294967295	4294967295	4294967295	4294967295	4294967295	0	4294967295	
53	7772101	22.71	67.82	-579.12	-0.419058	0	0.907959	1	1	300	0	1	1	1	4294967295	3.40282e+38	0	3.40282e+38	4294967295	4294967295	4294967295	4294967295	4294967295	0	4294967295	
54	7117116	122.64	70.94	-631.54	0	0	1	1	1	300	1	1	1	1	4294967295	3.40282e+38	0	3.40282e+38	4294967295	4294967295	4294967295	4294967295	4294967295	0	4294967295	
55	7117116	16.52	67.18	-576.39	0	0	1	1	1	300	1	1	1	1	4294967295	3.40282e+38	0	3.40282e+38	4294967295	4294967295	4294967295	4294967295	4294967295	0	4294967295	
56	4261122	-460.24	59.38	-394.5	0	0	1	3	1	300	1	5	3	1	4294967295	3.40282e+38	0	3.40282e+38	4294967295	4294967295	4294967295	4294967295	9	0	4294967295	
57	4261122	-462.37	60.87	-403.52	0	0	1	3	1	300	1	5	3	1	4294967295	3.40282e+38	0	3.40282e+38	4294967295	4294967295	4294967295	4294967295	9	0	4294967295	
58	4261122	-443.18	60.78	-419.48	0	0	1	3	1	300	1	5	3	1	4294967295	3.40282e+38	0	3.40282e+38	4294967295	4294967295	4294967295	4294967295	10	0	4294967295	
59	4261122	-449.64	60.75	-415.45	0	0	1	3	1	300	1	5	3	1	4294967295	3.40282e+38	0	3.40282e+38	4294967295	4294967295	4294967295	4294967295	10	0	4294967295	
60	4261122	-406.28	59.64	-426.04	0	0	1	1	1	300	2	3	3	1	56	0	0	0	4294967295	4294967295	4294967295	4294967295	12	1	4294967295	
61	4261122	-398.53	59.61	-429.22	0	0	1	1	1	300	3	3	3	1	4294967295	7.76	0	3.18	4294967295	4294967295	4294967295	4294967295	12	0	4294967295	
62	4261122	-440.07	58.47	-393.71	0	0	1	3	1	300	1	6	3	1	4294967295	3.40282e+38	0	3.40282e+38	4294967295	4294967295	4294967295	4294967295	11	0	4294967295	
63	4261122	-434.41	58.47	-397.79	0	0	1	3	1	300	1	6	3	1	4294967295	3.40282e+38	0	3.40282e+38	4294967295	4294967295	4294967295	4294967295	11	0	4294967295	
64	6012140	-368.03	4.91	-313.08	0.995974	0	0.0896377	4	1	300	1	5	3	1	4294967295	3.40282e+38	0	3.40282e+38	4294967295	4294967295	4294967295	4294967295	4294967295	0	4294967295	
65	6012140	-349.22	4.98	-319.33	0	0	1	4	1	300	1	5	3	1	4294967295	3.40282e+38	0	3.40282e+38	4294967295	4294967295	4294967295	4294967295	4294967295	0	4294967295	
66	6012140	-363.69	5.39	-302.96	0	0	1	4	1	300	1	5	3	1	4294967295	3.40282e+38	0	3.40282e+38	4294967295	4294967295	4294967295	4294967295	4294967295	0	4294967295	
67	6012140	-359.6	4.91	-316.15	0	0	1	4	1	300	1	6	4	1	4294967295	3.40282e+38	0	3.40282e+38	4294967295	4294967295	4294967295	4294967295	4294967295	0	4294967295	
68	6012140	-347.56	6.68	-277.79	0	0	1	3	1	300	1	4	3	1	4294967295	3.40282e+38	0	3.40282e+38	4294967295	4294967295	4294967295	4294967295	4294967295	0	4294967295	
69	6012140	-346.73	5.49	-306.48	0	0	1	4	1	300	1	5	3	1	4294967295	3.40282e+38	0	3.40282e+38	4294967295	4294967295	4294967295	4294967295	4294967295	0	4294967295	
70	7711207	-352.71	6.41	-293.17	0	0	1	1	1	300	1	4	2	1	4294967295	3.40282e+38	0	3.40282e+38	4294967295	4294967295	4294967295	4294967295	4294967295	0	4294967295	
71	7711207	-355.17	4.91	-306.99	0	0	1	3	1	300	1	10	8	1	4294967295	3.40282e+38	0	3.40282e+38	4294967295	4294967295	4294967295	4294967295	4294967295	0	4294967295	
72	2131204	-327.65	63.29	-454.53	-0.540758	0	0.841178	1	1	300	1	3	2	1	4294967295	3.40282e+38	0	3.40282e+38	4294967295	4294967295	4294967295	4294967295	4294967295	0	4294967295	
73	6212137	-260.94	63.18	-502.43	0	0	1	4	1	300	1	7	6	1	4294967295	3.40282e+38	0	3.40282e+38	4294967295	4294967295	4294967295	4294967295	4294967295	0	4294967295	
74	6011304	-286.07	65.68	-465.42	-0.390293	0	-0.920691	1	1	300	0	1	1	1	4294967295	3.40282e+38	0	3.40282e+38	4294967295	4294967295	4294967295	4294967295	4294967295	0	4294967295	
75	6011304	-303.39	65.79	-454.66	-0.360994	0	0.932568	1	1	300	0	1	1	1	4294967295	3.40282e+38	0	3.40282e+38	4294967295	4294967295	4294967295	4294967295	4294967295	0	4294967295	
76	6011304	-260.32	65.25	-466.84	-0.159546	0	-0.987191	1	1	300	0	1	1	1	4294967295	3.40282e+38	0	3.40282e+38	4294967295	4294967295	4294967295	4294967295	4294967295	0	4294967295	
77	2131204	-291.75	63.8	-469.04	0	0	1	3	1	300	1	5	3	1	4294967295	3.40282e+38	0	3.40282e+38	4294967295	4294967295	4294967295	4294967295	4294967295	0	4294967295	
78	2131204	-283.12	64.98	-469.92	-0.559301	0	0.828964	3	1	300	1	5	3	1	4294967295	3.40282e+38	0	3.40282e+38	4294967295	4294967295	4294967295	4294967295	4294967295	0	4294967295	
79	4261122	-321.09	63.2	-503.54	0	0	1	1	1	300	2	1	1	1	55	0	0	0	4294967295	4294967295	4294967295	4294967295	46	1	4294967295	
80	6212137	-317.01	63.35	-497.87	0	0	1	1	1	300	3	1	1	1	4294967295	4.08	0	5.67	4294967295	4294967295	4294967295	4294967295	46	0	4294967295	
81	6212137	-326.1	63.27	-510.37	0	0	1	1	1	300	3	1	1	1	4294967295	5.01	0	6.83	4294967295	4294967295	4294967295	4294967295	46	0	4294967295	
82	4263113	-448.01	58.66	-402.99	0	0	1	1	1	300	1	12	8	1	4294967295	3.40282e+38	0	3.40282e+38	4294967295	4294967295	4294967295	4294967295	4294967295	0	4294967295	
83	6212137	-334.32	63.4	-494.02	0	0	1	1	1	300	1	8	6	1	4294967295	3.40282e+38	0	3.40282e+38	4294967295	4294967295	4294967295	4294967295	4294967295	0	4294967295	
84	6212137	-323.11	63.37	-475.54	0	0	1	1	1	300	1	8	6	1	4294967295	3.40282e+38	0	3.40282e+38	4294967295	4294967295	4294967295	4294967295	4294967295	0	4294967295	
85	6212137	-259.09	66.37	-453.11	0	0	1	1	1	300	1	8	6	1	4294967295	3.40282e+38	0	3.40282e+38	4294967295	4294967295	4294967295	4294967295	4294967295	0	4294967295	
86	6212137	-310.52	63.19	-506.39	0	0	1	1	1	300	3	1	1	1	4294967295	10.57	0	2.85	4294967295	4294967295	4294967295	4294967295	46	0	4294967295	
87	1754201	-461.58	61.18	-409.15	0	0	1	1	1	360	0	1	1	1	4294967295	3.40282e+38	0	3.40282e+38	4294967295	4294967295	4294967295	4294967295	4294967295	0	4294967295	
88	1755201	-367.62	4.85	-323.65	0	0	1	1	1	360	0	1	1	1	4294967295	3.40282e+38	0	3.40282e+38	4294967295	4294967295	4294967295	4294967295	4294967295	0	4294967295	
89	7772101	-123.02	61.55	-493.2	-0.990149	0	0.140021	1	1	300	0	1	1	1	4294967295	3.40282e+38	0	3.40282e+38	4294967295	4294967295	4294967295	4294967295	7	0	4294967295	
90	7772101	-127.86	61.9	-484.92	-0.987191	0	-0.159546	1	1	300	0	1	1	1	4294967295	3.40282e+38	0	3.40282e+38	4294967295	4294967295	4294967295	4294967295	7	0	4294967295	
91	7772101	-53.49	59.52	-477.42	-0.932568	0	-0.360994	1	1	300	2	1	1	1	9	3.40282e+38	0	3.40282e+38	4294967295	4294967295	4294967295	4294967295	4294967295	0	4294967295	
92	7772101	-26.01	53.59	-457.6	-0.0499376	0	-0.998752	1	1	300	0	1	1	1	4294967295	3.40282e+38	0	3.40282e+38	4294967295	4294967295	4294967295	4294967295	8	0	4294967295	
93	7772101	-31.07	58.41	-476.13	0	0	1	1	1	300	0	1	1	1	4294967295	3.40282e+38	0	3.40282e+38	4294967295	4294967295	4294967295	4294967295	4294967295	0	4294967295	
94	7772101	-19.4	56.66	-468.95	0	0	1	1	1	300	0	1	1	1	4294967295	3.40282e+38	0	3.40282e+38	4294967295	4294967295	4294967295	4294967295	4294967295	0	4294967295	
95	4611119	-238.87	63.24	-485.74	0.170917	0	-0.985286	1	1	300	1	3	2	1	4294967295	3.40282e+38	0	3.40282e+38	4294967295	4294967295	4294967295	4294967295	48	0	4294967295	
96	6011307	-41.11	38.52	-282.64	0.950666	0	-0.310217	1	1	300	0	1	1	1	4294967295	3.40282e+38	0	3.40282e+38	4294967295	4294967295	4294967295	4294967295	4294967295	0	4294967295	
97	6011307	-45.75	38.58	-300.21	0.995974	0	0.0896377	1	1	300	0	1	1	1	4294967295	3.40282e+38	0	3.40282e+38	4294967295	4294967295	4294967295	4294967295	4294967295	0	4294967295	
98	4264104	-123.99	42.11	-283.15	0	0	1	3	1	300	1	6	3	1	4294967295	3.40282e+38	0	3.40282e+38	4294967295	4294967295	4294967295	4294967295	4294967295	0	4294967295	
99	4264104	-155.32	41.53	-284	0	0	1	3	1	300	1	6	3	1	4294967295	3.40282e+38	0	3.40282e+38	4294967295	4294967295	4294967295	4294967295	4294967295	0	4294967295	
100	4264104	-156.78	40.56	-264.45	0	0	1	3	1	300	1	6	3	1	4294967295	3.40282e+38	0	3.40282e+38	4294967295	4294967295	4294967295	4294967295	4294967295	0	4294967295	
101	4264104	-163.78	40.56	-267.32	0.998752	0	0.0499376	3	1	300	1	6	3	1	4294967295	3.40282e+38	0	3.40282e+38	4294967295	4294967295	4294967295	4294967295	4294967295	0	4294967295	
102	4264104	-139.24	41.2	-256.81	0	0	1	3	1	300	1	6	3	1	4294967295	3.40282e+38	0	3.40282e+38	4294967295	4294967295	4294967295	4294967295	4294967295	0	4294967295	
103	4264104	-132.41	41.21	-264.67	0	0	1	3	1	300	1	6	3	1	4294967295	3.40282e+38	0	3.40282e+38	4294967295	4294967295	4294967295	4294967295	4294967295	0	4294967295	
104	4264104	-122.25	41.37	-274.03	0	0	1	3	1	300	1	6	3	1	4294967295	3.40282e+38	0	3.40282e+38	4294967295	4294967295	4294967295	4294967295	4294967295	0	4294967295	
105	4264104	-135.12	41.69	-282.88	0	0	1	3	1	300	1	6	3	1	4294967295	3.40282e+38	0	3.40282e+38	4294967295	4294967295	4294967295	4294967295	4294967295	0	4294967295	
106	4264104	-144.79	41.57	-283.96	0	0	1	3	1	300	1	6	3	1	4294967295	3.40282e+38	0	3.40282e+38	4294967295	4294967295	4294967295	4294967295	4294967295	0	4294967295	
107	5611204	-25.4	36.81	-277.2	0.6	0	-0.8	1	1	300	0	1	1	1	4294967295	3.40282e+38	0	3.40282e+38	4294967295	4294967295	4294967295	4294967295	4294967295	0	4294967295	
108	5611204	-73.03	40.12	-284.95	0	0	1	3	1	300	1	6	3	1	4294967295	3.40282e+38	0	3.40282e+38	4294967295	4294967295	4294967295	4294967295	4294967295	0	4294967295	
109	4653113	-15.07	36.77	-307.65	0	0	1	4	1	300	1	6	3	1	4294967295	3.40282e+38	0	3.40282e+38	4294967295	4294967295	4294967295	4294967295	4294967295	0	4294967295	
110	5611204	-33.1	34.01	-333.81	0.671176	0	0.741298	1	1	300	1	1	1	1	20	3.40282e+38	0	3.40282e+38	4294967295	4294967295	4294967295	4294967295	4294967295	0	4294967295	
111	5611204	-8.32	36.63	-314.26	-0.471108	0	-0.882075	1	1	300	0	1	1	1	4294967295	3.40282e+38	0	3.40282e+38	4294967295	4294967295	4294967295	4294967295	4294967295	0	4294967295	
112	4653113	-4.88	30.53	-334.39	0	0	1	4	1	300	1	6	3	1	4294967295	3.40282e+38	0	3.40282e+38	4294967295	4294967295	4294967295	4294967295	4294967295	0	4294967295	
113	5611204	-33.27	36.71	-303.99	0.671176	0	0.741298	2	1	300	1	6	3	1	4294967295	3.40282e+38	0	3.40282e+38	4294967295	4294967295	4294967295	4294967295	4294967295	0	4294967295	
114	5611204	-28.72	37.17	-277.51	0.390293	0	-0.920691	3	1	300	1	6	3	1	4294967295	3.40282e+38	0	3.40282e+38	4294967295	4294967295	4294967295	4294967295	4294967295	0	4294967295	
115	2001501	-232.18	63.18	-464.14	0	0	1	1	1	300	2	1	1	1	53	3.40282e+38	0	3.40282e+38	4294967295	4294967295	4294967295	4294967295	4294967295	0	4294967295	
116	7772101	-132.51	62.07	-494.89	0	0	1	1	1	300	1	1	1	1	4294967295	3.40282e+38	0	3.40282e+38	4294967295	4294967295	4294967295	4294967295	4294967295	0	4294967295	
117	7772101	-138.12	62.5	-486.23	0	0	1	1	1	300	1	1	1	1	4294967295	3.40282e+38	0	3.40282e+38	4294967295	4294967295	4294967295	4294967295	4294967295	0	4294967295	
118	7117116	-131.67	61.95	-489.63	0	0	1	1	1	300	1	1	1	1	4294967295	3.40282e+38	0	3.40282e+38	4294967295	4294967295	4294967295	4294967295	4294967295	0	4294967295	
119	7117116	-29.59	55.64	-466.53	0	0	1	1	1	300	1	1	1	1	4294967295	3.40282e+38	0	3.40282e+38	4294967295	4294967295	4294967295	4294967295	4294967295	0	4294967295	
120	6212137	-241.66	63.6	-492.41	0	0	1	4	1	300	1	12	6	1	4294967295	3.40282e+38	0	3.40282e+38	4294967295	4294967295	4294967295	4294967295	4294967295	0	4294967295	
121	6212137	-239.45	63.56	-505.86	0	0	1	4	1	300	1	7	6	1	4294967295	3.40282e+38	0	3.40282e+38	4294967295	4294967295	4294967295	4294967295	4294967295	0	4294967295	
122	2131204	-221.6	63.39	-460.26	0	0	1	4	1	300	1	5	3	1	4294967295	3.40282e+38	0	3.40282e+38	4294967295	4294967295	4294967295	4294967295	4294967295	0	4294967295	
123	2131204	-140.44	63.13	-479.1	0.750713	0	0.660628	1	1	300	1	5	3	1	4294967295	3.40282e+38	0	3.40282e+38	4294967295	4294967295	4294967295	4294967295	4294967295	0	4294967295	
124	2131204	-167.55	63.46	-474.69	0.310217	0	-0.950666	3	1	300	1	5	3	1	4294967295	3.40282e+38	0	3.40282e+38	4294967295	4294967295	4294967295	4294967295	4294967295	0	4294967295	
125	2131204	-212.62	63.34	-464.12	0.570771	0	-0.821109	3	1	300	1	5	3	1	4294967295	3.40282e+38	0	3.40282e+38	4294967295	4294967295	4294967295	4294967295	4294967295	0	4294967295	
126	2131204	-151.35	63.98	-481.6	0	0	1	1	1	300	1	3	2	1	4294967295	3.40282e+38	0	3.40282e+38	4294967295	4294967295	4294967295	4294967295	4294967295	0	4294967295	
127	2131204	-161.33	63.28	-483.81	0	0	1	1	1	300	1	1	1	1	4294967295	3.40282e+38	0	3.40282e+38	4294967295	4294967295	4294967295	4294967295	4294967295	0	4294967295	
128	6212137	-255.54	63.32	-491.4	0	0	1	4	1	300	1	12	6	1	4294967295	3.40282e+38	0	3.40282e+38	4294967295	4294967295	4294967295	4294967295	4294967295	0	4294967295	
129	6011304	-213.99	63.33	-458.02	-0.190333	0	-0.98172	1	1	300	0	1	1	1	4294967295	3.40282e+38	0	3.40282e+38	4294967295	4294967295	4294967295	4294967295	4294967295	0	4294967295	
130	6011304	-249.45	64.11	-466.15	-0.328135	0	0.944631	1	1	300	0	1	1	1	4294967295	3.40282e+38	0	3.40282e+38	4294967295	4294967295	4294967295	4294967295	4294967295	0	4294967295	
131	2131204	-246.14	63.18	-477.97	0.828964	0	0.559301	1	1	300	1	3	2	1	4294967295	3.40282e+38	0	3.40282e+38	4294967295	4294967295	4294967295	4294967295	48	0	4294967295	
132	4261122	-198.71	63.49	-504.72	0.985286	0	-0.170917	1	1	300	2	1	1	1	54	0	0	0	4294967295	4294967295	4294967295	4294967295	45	1	4294967295	
133	1781113	-205.65	64.04	-498.61	0	0	1	1	1	300	3	1	1	1	4294967295	6.94	0	6.11	4294967295	4294967295	4294967295	4294967295	45	0	4294967295	
134	1781113	-192.87	63.34	-498.75	0	0	1	1	1	300	3	1	1	1	4294967295	5.83	0	5.97	4294967295	4294967295	4294967295	4294967295	45	0	4294967295	
135	5611204	-26.97	36.91	-280.78	0	0	1	1	1	300	1	1	1	1	4294967295	3.40282e+38	0	3.40282e+38	4294967295	4294967295	4294967295	4294967295	4294967295	0	4294967295	
136	5611204	-30.83	36.31	-307.8	0	0	1	1	1	300	1	1	1	1	4294967295	3.40282e+38	0	3.40282e+38	4294967295	4294967295	4294967295	4294967295	4294967295	0	4294967295	
137	5611204	-29.29	36.73	-303.09	0	0	1	1	1	300	1	1	1	1	4294967295	3.40282e+38	0	3.40282e+38	4294967295	4294967295	4294967295	4294967295	4294967295	0	4294967295	
138	4653113	-1.98	27.58	-342.26	0	0	1	2	1	300	1	1	3	1	4294967295	3.40282e+38	0	3.40282e+38	4294967295	4294967295	4294967295	4294967295	4294967295	0	4294967295	
139	2131204	-225.98	64.07	-496.5	0.828964	0	0.559301	1	1	300	1	3	2	1	4294967295	3.40282e+38	0	3.40282e+38	4294967295	4294967295	4294967295	4294967295	48	0	4294967295	
140	4261122	-198.72	63.54	-483.17	0	0	1	1	1	300	1	1	1	1	4294967295	3.40282e+38	0	3.40282e+38	4294967295	4294967295	4294967295	4294967295	4294967295	0	4294967295	
141	4263113	-145.47	40.56	-270.4	0	0	1	1	1	300	1	12	8	1	4294967295	3.40282e+38	0	3.40282e+38	4294967295	4294967295	4294967295	4294967295	4294967295	0	4294967295	
142	1781113	-192.35	63.51	-511.92	0	0	1	1	1	300	3	1	1	1	4294967295	6.36	0	7.2	4294967295	4294967295	4294967295	4294967295	45	0	4294967295	
143	1781113	-180.17	63.28	-507.46	0	0	1	4	1	300	1	10	5	1	4294967295	3.40282e+38	0	3.40282e+38	4294967295	4294967295	4294967295	4294967295	4294967295	0	4294967295	
144	1754125	-15.04	69.41	-508.5	0	0	1	1	1	360	0	1	1	1	4294967295	3.40282e+38	0	3.40282e+38	4294967295	4294967295	4294967295	4294967295	4294967295	0	4294967295	
145	1759306	-214.86	63.24	-449.77	0	0	1	1	1	360	0	1	1	1	4294967295	3.40282e+38	0	3.40282e+38	4294967295	4294967295	4294967295	4294967295	4294967295	0	4294967295	
146	1759306	-230.04	63.56	-488.04	0	0	1	1	1	360	0	1	1	1	4294967295	3.40282e+38	0	3.40282e+38	4294967295	4294967295	4294967295	4294967295	4294967295	0	4294967295	
147	7772101	6.56	36.56	-410.73	0.848559	0	0.529101	1	1	300	0	1	1	1	4294967295	3.40282e+38	0	3.40282e+38	4294967295	4294967295	4294967295	4294967295	4294967295	0	4294967295	
148	7772101	16.14	36.83	-414.98	0	0	1	1	1	300	0	1	1	1	4294967295	3.40282e+38	0	3.40282e+38	4294967295	4294967295	4294967295	4294967295	4294967295	0	4294967295	
149	6011307	105.65	38.52	-385.24	-0.289177	0	0.957276	1	1	300	0	1	1	1	4294967295	3.40282e+38	0	3.40282e+38	4294967295	4294967295	4294967295	4294967295	4294967295	0	4294967295	
150	6011307	116.21	38.04	-380.38	-0.721988	0	0.691905	1	1	300	0	1	1	1	4294967295	3.40282e+38	0	3.40282e+38	4294967295	4294967295	4294967295	4294967295	4294967295	0	4294967295	
151	6011307	151.98	39.27	-347.17	-1	0	0	1	1	300	0	1	1	1	4294967295	3.40282e+38	0	3.40282e+38	4294967295	4294967295	4294967295	4294967295	4294967295	0	4294967295	
152	6011307	159.51	40.36	-334.38	-0.721988	0	0.691905	1	1	300	0	1	1	1	4294967295	3.40282e+38	0	3.40282e+38	4294967295	4294967295	4294967295	4294967295	4294967295	0	4294967295	
153	6011307	5.22	36.4	-300.17	0	0	1	1	1	300	2	1	1	1	17	3.40282e+38	0	3.40282e+38	4294967295	4294967295	4294967295	4294967295	4294967295	0	4294967295	
154	6011307	46.02	27.44	-351.34	-0.98172	0	0.190333	1	1	300	0	1	1	1	4294967295	3.40282e+38	0	3.40282e+38	4294967295	4294967295	4294967295	4294967295	15	0	4294967295	
155	6011307	40.74	35.12	-291.65	0	0	1	1	1	300	2	1	1	1	18	3.40282e+38	0	3.40282e+38	4294967295	4294967295	4294967295	4294967295	4294967295	0	4294967295	
156	6011307	138.69	40.27	-269.39	0	0	1	1	1	300	2	1	1	1	16	3.40282e+38	0	3.40282e+38	4294967295	4294967295	4294967295	4294967295	4294967295	0	4294967295	
157	6011307	105.94	27.69	-342.19	0	0	1	1	1	300	2	1	1	1	15	0	0	0	4294967295	4294967295	4294967295	4294967295	14	1	4294967295	
158	6011307	74.33	27.32	-319.02	0	0	1	3	1	300	1	6	4	1	4294967295	3.40282e+38	0	3.40282e+38	4294967295	4294967295	4294967295	4294967295	4294967295	0	4294967295	
159	6011307	72.62	36.16	-389.23	0	0	1	1	1	300	2	1	1	1	14	3.40282e+38	0	3.40282e+38	4294967295	4294967295	4294967295	4294967295	4294967295	0	4294967295	
160	6011307	140	46.44	-434.4	0.940376	0	0.340136	1	1	300	2	1	1	1	10	3.40282e+38	0	3.40282e+38	4294967295	4294967295	4294967295	4294967295	4294967295	0	4294967295	
161	6011307	127.72	44.93	-417.04	0	0	1	1	1	300	2	1	1	1	11	3.40282e+38	0	3.40282e+38	4294967295	4294967295	4294967295	4294967295	4294967295	0	4294967295	
162	3501143	141.04	47.28	-453.94	0	0	1	3	1	300	1	5	3	1	4294967295	3.40282e+38	0	3.40282e+38	4294967295	4294967295	4294967295	4294967295	4294967295	0	4294967295	
163	3501143	151.94	47	-443.69	0	0	1	3	1	300	1	5	3	1	4294967295	3.40282e+38	0	3.40282e+38	4294967295	4294967295	4294967295	4294967295	4294967295	0	4294967295	
164	3501143	141.92	47.09	-462.81	0	0	1	3	1	300	1	5	3	1	4294967295	3.40282e+38	0	3.40282e+38	4294967295	4294967295	4294967295	4294967295	4294967295	0	4294967295	
165	3501143	148.5	46.7	-473.86	0	0	1	3	1	300	1	5	3	1	4294967295	3.40282e+38	0	3.40282e+38	4294967295	4294967295	4294967295	4294967295	4294967295	0	4294967295	
166	3501143	157.62	47.17	-445.06	0	0	1	3	1	300	1	5	3	1	4294967295	3.40282e+38	0	3.40282e+38	4294967295	4294967295	4294967295	4294967295	4294967295	0	4294967295	
167	3501143	152.79	47	-461.77	0	0	1	3	1	300	1	5	3	1	4294967295	3.40282e+38	0	3.40282e+38	4294967295	4294967295	4294967295	4294967295	4294967295	0	4294967295	
168	3501143	156.91	46.99	-459.64	0	0	1	3	1	300	1	5	3	1	4294967295	3.40282e+38	0	3.40282e+38	4294967295	4294967295	4294967295	4294967295	4294967295	0	4294967295	
169	3501143	158.96	46.7	-473.19	0	0	1	3	1	300	1	5	3	1	4294967295	3.40282e+38	0	3.40282e+38	4294967295	4294967295	4294967295	4294967295	4294967295	0	4294967295	
170	3501143	168.67	46.74	-457.9	0	0	1	3	1	300	1	5	3	1	4294967295	3.40282e+38	0	3.40282e+38	4294967295	4294967295	4294967295	4294967295	4294967295	0	4294967295	
171	3501143	166.57	46.7	-469.3	0	0	1	3	1	300	1	5	3	1	4294967295	3.40282e+38	0	3.40282e+38	4294967295	4294967295	4294967295	4294967295	4294967295	0	4294967295	
172	4653113	255.06	68.79	-395.62	0	0	1	3	1	300	1	8	3	1	4294967295	3.40282e+38	0	3.40282e+38	4294967295	4294967295	4294967295	4294967295	4294967295	0	4294967295	
173	6011307	234.06	64.27	-376.15	0	0	1	1	1	300	2	1	1	1	12	3.40282e+38	0	3.40282e+38	4294967295	4294967295	4294967295	4294967295	4294967295	0	4294967295	
174	6011307	208.39	60.05	-361.33	-0.940376	0	0.340136	1	1	300	2	1	1	1	13	3.40282e+38	0	3.40282e+38	4294967295	4294967295	4294967295	4294967295	4294967295	0	4294967295	
175	5611204	107.15	28.17	-345.33	0	0	1	1	1	300	3	1	1	1	4294967295	1.21	0	3.14	4294967295	4294967295	4294967295	4294967295	14	0	4294967295	
176	5611204	6.8	31.71	-283.76	0.985286	0	0.170917	1	1	300	1	1	1	1	4294967295	3.40282e+38	0	3.40282e+38	4294967295	4294967295	4294967295	4294967295	4294967295	0	4294967295	
177	5611204	16.12	29.75	-257.56	0	0	1	3	1	300	1	15	3	1	4294967295	3.40282e+38	0	3.40282e+38	4294967295	4294967295	4294967295	4294967295	4294967295	0	4294967295	
178	5611204	105.12	28.1	-283.48	-0.96	0	0.28	1	1	300	0	1	1	1	4294967295	3.40282e+38	0	3.40282e+38	4294967295	4294967295	4294967295	4294967295	4294967295	0	4294967295	
179	3501143	85.26	26.34	-325.7	0	0	1	4	1	300	1	5	3	1	4294967295	3.40282e+38	0	3.40282e+38	4294967295	4294967295	4294967295	4294967295	4294967295	0	4294967295	
180	3501143	121.04	27.4	-328.29	0	0	1	4	1	300	1	5	3	6	4294967295	3.40282e+38	0	3.40282e+38	4294967295	4294967295	4294967295	4294967295	4294967295	0	4294967295	
181	3501143	79.94	26.99	-341.46	0	0	1	4	1	300	1	6	3	1	4294967295	3.40282e+38	0	3.40282e+38	4294967295	4294967295	4294967295	4294967295	4294967295	0	4294967295	
182	3501143	121.93	27.44	-314.67	-0.892413	0	0.45122	4	1	300	1	5	3	6	4294967295	3.40282e+38	0	3.40282e+38	4294967295	4294967295	4294967295	4294967295	4294967295	0	4294967295	
183	3501143	90.1	26.31	-309.68	0	0	1	4	1	300	1	5	3	1	4294967295	3.40282e+38	0	3.40282e+38	4294967295	4294967295	4294967295	4294967295	4294967295	0	4294967295	
184	3501143	63.28	27.3	-346.02	0	0	1	4	1	300	1	6	3	1	4294967295	3.40282e+38	0	3.40282e+38	4294967295	4294967295	4294967295	4294967295	4294967295	0	4294967295	
185	4264104	36.65	32.75	-273.52	0	0	1	3	1	300	1	7	4	1	4294967295	3.40282e+38	0	3.40282e+38	4294967295	4294967295	4294967295	4294967295	4294967295	0	4294967295	
186	4264104	44.96	34.49	-281.38	0	0	1	3	1	300	1	5	4	1	4294967295	3.40282e+38	0	3.40282e+38	4294967295	4294967295	4294967295	4294967295	4294967295	0	4294967295	
187	4264104	26.97	33.58	-290.44	0	0	1	4	1	300	1	6	1	1	4294967295	3.40282e+38	0	3.40282e+38	4294967295	4294967295	4294967295	4294967295	4294967295	0	4294967295	
188	4264104	53.31	36.49	-292.23	0	0	1	3	1	300	1	7	4	1	4294967295	3.40282e+38	0	3.40282e+38	4294967295	4294967295	4294967295	4294967295	4294967295	0	4294967295	
189	4264104	47.44	36.64	-313.32	0	0	1	4	1	300	1	6	4	1	4294967295	3.40282e+38	0	3.40282e+38	4294967295	4294967295	4294967295	4294967295	4294967295	0	4294967295	
190	4264104	7.95	36.76	-310.96	0	0	1	3	1	300	1	5	3	1	4294967295	3.40282e+38	0	3.40282e+38	4294967295	4294967295	4294967295	4294967295	4294967295	0	4294967295	
191	5611204	117.63	27.44	-315.59	0.019996	0	-0.9998	3	1	300	1	6	3	1	4294967295	3.40282e+38	0	3.40282e+38	4294967295	4294967295	4294967295	4294967295	4294967295	0	4294967295	
192	5611204	50.31	27.41	-354.31	0.957276	0	0.289177	1	1	300	0	1	1	1	4294967295	3.40282e+38	0	3.40282e+38	4294967295	4294967295	4294967295	4294967295	15	0	4294967295	
193	5611204	37.02	32.53	-263.93	0	0	1	3	1	300	1	6	3	1	4294967295	3.40282e+38	0	3.40282e+38	4294967295	4294967295	4294967295	4294967295	4294967295	0	4294967295	
194	4653113	16.56	26.32	-346.48	0	0	1	4	1	300	1	6	4	1	4294967295	3.40282e+38	0	3.40282e+38	4294967295	4294967295	4294967295	4294967295	4294967295	0	4294967295	
195	4653113	22.1	26.36	-362.95	0	0	1	4	1	300	1	6	4	1	4294967295	3.40282e+38	0	3.40282e+38	4294967295	4294967295	4294967295	4294967295	4294967295	0	4294967295	
196	4653113	70.11	26.45	-339.94	0	0	1	1	1	300	1	1	1	1	4294967295	3.40282e+38	0	3.40282e+38	4294967295	4294967295	4294967295	4294967295	4294967295	0	4294967295	
197	4653113	26.61	36.56	-307.15	0	0	1	4	1	300	1	8	4	1	4294967295	3.40282e+38	0	3.40282e+38	4294967295	4294967295	4294967295	4294967295	4294967295	0	4294967295	
198	3501143	33.67	27.05	-352.74	0	0	1	3	1	300	1	5	3	1	4294967295	3.40282e+38	0	3.40282e+38	4294967295	4294967295	4294967295	4294967295	4294967295	0	4294967295	
199	5611204	110.67	28.78	-284.46	0.517419	0	-0.855732	1	1	300	0	1	1	1	4294967295	3.40282e+38	0	3.40282e+38	4294967295	4294967295	4294967295	4294967295	4294967295	0	4294967295	
200	7772101	10.23	34.71	-401.86	0.340136	0	0.940376	1	1	300	0	1	1	1	4294967295	3.40282e+38	0	3.40282e+38	4294967295	4294967295	4294967295	4294967295	8	0	4294967295	
201	7772101	19.44	34.63	-405.73	0	0	1	1	1	300	1	1	1	1	4294967295	3.40282e+38	0	3.40282e+38	4294967295	4294967295	4294967295	4294967295	4294967295	0	4294967295	
202	7117116	12.71	34.99	-407.42	0	0	1	1	1	300	1	1	1	1	4294967295	3.40282e+38	0	3.40282e+38	4294967295	4294967295	4294967295	4294967295	4294967295	0	4294967295	
203	3503125	155.17	46.85	-464.42	0	0	1	1	1	300	1	12	8	1	4294967295	3.40282e+38	0	3.40282e+38	4294967295	4294967295	4294967295	4294967295	4294967295	0	4294967295	
204	5611204	105.95	27.62	-288.94	0	0	1	1	1	300	1	1	1	1	4294967295	3.40282e+38	0	3.40282e+38	4294967295	4294967295	4294967295	4294967295	4294967295	0	4294967295	
205	5611204	112.61	28.35	-289.9	0	0	1	1	1	300	1	1	1	1	4294967295	3.40282e+38	0	3.40282e+38	4294967295	4294967295	4294967295	4294967295	4294967295	0	4294967295	
206	5611204	110.18	27.67	-293.76	0	0	1	1	1	300	1	1	1	1	4294967295	3.40282e+38	0	3.40282e+38	4294967295	4294967295	4294967295	4294967295	4294967295	0	4294967295	
207	4653113	1.57	31.92	-335.73	0	0	1	1	1	300	1	1	3	1	4294967295	3.40282e+38	0	3.40282e+38	4294967295	4294967295	4294967295	4294967295	4294967295	0	4294967295	
208	7772101	247.25	64.47	-277.39	0	0	1	1	1	300	1	3	2	1	4294967295	3.40282e+38	0	3.40282e+38	4294967295	4294967295	4294967295	4294967295	4294967295	0	4294967295	
209	7772101	239.42	64.01	-272.98	0	0	1	1	1	300	1	1	1	1	4294967295	3.40282e+38	0	3.40282e+38	4294967295	4294967295	4294967295	4294967295	4294967295	0	4294967295	
210	7772101	237.28	63.9	-264.85	0	0	1	1	1	300	1	1	1	1	4294967295	3.40282e+38	0	3.40282e+38	4294967295	4294967295	4294967295	4294967295	4294967295	0	4294967295	
211	7117116	251.81	64.76	-266.45	0	0	1	1	1	300	1	12	8	1	4294967295	3.40282e+38	0	3.40282e+38	4294967295	4294967295	4294967295	4294967295	4294967295	0	4294967295	
212	7772101	205.16	60.95	-268.07	0	0	1	1	1	300	2	1	1	1	62	3.40282e+38	0	3.40282e+38	4294967295	4294967295	4294967295	4294967295	4294967295	0	4294967295	
213	1754202	162.03	46.72	-476.55	0	0	1	1	1	360	0	1	1	1	4294967295	3.40282e+38	0	3.40282e+38	4294967295	4294967295	4294967295	4294967295	4294967295	0	4294967295	
214	4653113	287.89	74.29	-403.72	0	0	1	3	1	300	1	5	3	1	4294967295	3.40282e+38	0	3.40282e+38	4294967295	4294967295	4294967295	4294967295	4294967295	0	4294967295	
215	4653113	290.52	75.09	-387.64	0	0	1	3	1	300	1	5	3	1	4294967295	3.40282e+38	0	3.40282e+38	4294967295	4294967295	4294967295	4294967295	4294967295	0	4294967295	
216	4653113	282.72	73.1	-390.96	0	0	1	3	1	300	1	5	3	1	4294967295	3.40282e+38	0	3.40282e+38	4294967295	4294967295	4294967295	4294967295	4294967295	0	4294967295	
217	4653113	276.87	72.9	-410.23	0	0	1	3	1	300	1	7	3	1	4294967295	3.40282e+38	0	3.40282e+38	4294967295	4294967295	4294967295	4294967295	4294967295	0	4294967295	
218	4653113	284.41	73.9	-377.91	0	0	1	3	1	300	1	5	3	1	4294967295	3.40282e+38	0	3.40282e+38	4294967295	4294967295	4294967295	4294967295	4294967295	0	4294967295	
219	4653113	274.21	72.16	-376.92	-0.419058	0	0.907959	3	1	300	1	3	3	1	4294967295	3.40282e+38	0	3.40282e+38	4294967295	4294967295	4294967295	4294967295	4294967295	0	4294967295	
220	4653113	263.17	71.6	-406.48	0	0	1	3	1	300	1	5	3	1	4294967295	3.40282e+38	0	3.40282e+38	4294967295	4294967295	4294967295	4294967295	4294967295	0	4294967295	
221	4653113	278.99	72.26	-400.95	0	0	1	4	1	300	1	3	3	1	4294967295	3.40282e+38	0	3.40282e+38	4294967295	4294967295	4294967295	4294967295	4294967295	0	4294967295	
222	4653113	260.19	70.24	-376.24	0	0	-1	4	1	300	1	3	3	1	4294967295	3.40282e+38	0	3.40282e+38	4294967295	4294967295	4294967295	4294967295	4294967295	0	4294967295	
223	4652110	274	71.09	-393.05	0	0	1	1	1	300	1	12	8	1	4294967295	3.40282e+38	0	3.40282e+38	4294967295	4294967295	4294967295	4294967295	4294967295	0	4294967295	
224	7117116	270.13	66.02	-259.36	0	0	1	1	1	300	1	12	8	1	4294967295	3.40282e+38	0	3.40282e+38	4294967295	4294967295	4294967295	4294967295	4294967295	0	4294967295	
225	7772101	275.51	66.43	-261	0	0	1	1	1	300	2	1	1	1	61	3.40282e+38	0	3.40282e+38	4294967295	4294967295	4294967295	4294967295	4294967295	0	4294967295	
226	7772101	270.17	66.75	-275.97	0	0	1	1	1	300	1	3	2	1	4294967295	3.40282e+38	0	3.40282e+38	4294967295	4294967295	4294967295	4294967295	4294967295	0	4294967295	
227	7772101	276.15	66.52	-269.05	0	0	1	1	1	300	1	3	2	1	4294967295	3.40282e+38	0	3.40282e+38	4294967295	4294967295	4294967295	4294967295	4294967295	0	4294967295	
228	7117116	268.28	66.45	-270.54	0	0	1	1	1	300	1	3	2	1	4294967295	3.40282e+38	0	3.40282e+38	4294967295	4294967295	4294967295	4294967295	4294967295	0	4294967295	
229	1754202	283.75	73.95	-411.87	0	0	1	1	1	360	0	1	1	1	4294967295	3.40282e+38	0	3.40282e+38	4294967295	4294967295	4294967295	4294967295	4294967295	0	4294967295	
230	6012140	-410.3	-7.43	-159.19	0.498284	0	-0.867014	1	1	300	0	1	1	1	4294967295	3.40282e+38	0	3.40282e+38	4294967295	4294967295	4294967295	4294967295	4294967295	0	4294967295	
231	7711207	-405.31	-8.41	-170.63	0.96	0	0.28	1	1	300	0	1	1	1	4294967295	3.40282e+38	0	3.40282e+38	4294967295	4294967295	4294967295	4294967295	4294967295	0	4294967295	
232	6012137	-288.23	-8.59	-219.26	0	0	1	1	1	300	1	1	1	1	4294967295	3.40282e+38	0	3.40282e+38	4294967295	4294967295	4294967295	4294967295	4294967295	0	4294967295	
233	6012137	-351.04	-12.05	-229.54	0.975232	0	0.221187	1	1	300	0	1	1	1	4294967295	3.40282e+38	0	3.40282e+38	4294967295	4294967295	4294967295	4294967295	4294967295	0	4294967295	
234	6012137	-375.05	-13.17	-209.61	0.96	0	0.28	1	1	300	0	1	1	1	4294967295	3.40282e+38	0	3.40282e+38	4294967295	4294967295	4294967295	4294967295	4294967295	0	4294967295	
235	6012137	-395.42	-12.55	-201.97	0	0	1	1	1	300	0	1	1	1	4294967295	3.40282e+38	0	3.40282e+38	4294967295	4294967295	4294967295	4294967295	4294967295	0	4294967295	
236	6012228	-398.41	-9.73	-183.38	0.808304	0	-0.588765	1	1	300	2	1	1	1	26	3.40282e+38	0	3.40282e+38	4294967295	4294967295	4294967295	4294967295	4294967295	0	4294967295	
237	7711207	-297.12	-11.09	-86.74	-0.310217	0	-0.950666	2	1	300	1	3	2	1	4294967295	3.40282e+38	0	3.40282e+38	4294967295	4294967295	4294967295	4294967295	4294967295	0	4294967295	
238	7711207	-310.78	-11.09	-85.44	0.140021	0	-0.990149	3	1	300	1	3	2	1	4294967295	3.40282e+38	0	3.40282e+38	4294967295	4294967295	4294967295	4294967295	4294967295	0	4294967295	
239	6012137	-268.18	-16.65	-162.58	-0.892413	0	0.45122	3	1	300	1	6	3	1	4294967295	3.40282e+38	0	3.40282e+38	4294967295	4294967295	4294967295	4294967295	21	0	4294967295	
240	7711207	-274.38	-15.36	-166.04	0	0	1	3	1	300	1	6	3	1	4294967295	3.40282e+38	0	3.40282e+38	4294967295	4294967295	4294967295	4294967295	21	0	4294967295	
241	6012140	-293.76	-11.4	-167.16	-0.786664	0	-0.617382	1	1	300	0	1	1	1	4294967295	3.40282e+38	0	3.40282e+38	4294967295	4294967295	4294967295	4294967295	4294967295	0	4294967295	
242	6012140	-281.7	-10.31	-183.64	-0.786664	0	-0.617382	1	1	300	0	1	1	1	4294967295	3.40282e+38	0	3.40282e+38	4294967295	4294967295	4294967295	4294967295	4294967295	0	4294967295	
243	6012228	-311.09	-10.57	-151.8	-0.750713	0	-0.660628	1	1	300	2	1	1	1	27	3.40282e+38	0	3.40282e+38	4294967295	4294967295	4294967295	4294967295	4294967295	0	4294967295	
244	6012137	-369.25	-17.64	-168.48	0.940376	0	0.340136	1	1	300	0	1	1	1	4294967295	3.40282e+38	0	3.40282e+38	4294967295	4294967295	4294967295	4294967295	4294967295	0	4294967295	
245	6012137	-362.66	-17.98	-173.54	0.920691	0	0.390293	1	1	300	0	1	1	1	4294967295	3.40282e+38	0	3.40282e+38	4294967295	4294967295	4294967295	4294967295	4294967295	0	4294967295	
246	6012137	-359.66	-17.5	-187.04	0.848559	0	0.529101	1	1	300	0	1	1	1	4294967295	3.40282e+38	0	3.40282e+38	4294967295	4294967295	4294967295	4294967295	4294967295	0	4294967295	
247	6012137	-374.27	-16.36	-151.53	0.99955	0	0.0299865	1	1	300	1	12	8	1	4294967295	3.40282e+38	0	3.40282e+38	4294967295	4294967295	4294967295	4294967295	4294967295	0	4294967295	
248	6012137	-353.92	-8.6	-147.43	0.875578	0	-0.483077	1	1	300	1	12	8	1	4294967295	3.40282e+38	0	3.40282e+38	4294967295	4294967295	4294967295	4294967295	4294967295	0	4294967295	
249	6012140	-474.5	6.64	-233.19	0	0	1	2	1	300	1	5	3	1	4294967295	3.40282e+38	0	3.40282e+38	4294967295	4294967295	4294967295	4294967295	4294967295	0	4294967295	
250	6012140	-472.68	7.31	-249.5	0	0	1	2	1	300	1	5	3	1	4294967295	3.40282e+38	0	3.40282e+38	4294967295	4294967295	4294967295	4294967295	4294967295	0	4294967295	
251	6012140	-463.85	5.27	-230.39	0	0	1	2	1	300	1	7	3	1	4294967295	3.40282e+38	0	3.40282e+38	4294967295	4294967295	4294967295	4294967295	4294967295	0	4294967295	
252	6012140	-442.98	4.47	-226.74	0	0	1	2	1	300	1	3	2	1	4294967295	3.40282e+38	0	3.40282e+38	4294967295	4294967295	4294967295	4294967295	4294967295	0	4294967295	
253	6012140	-428.94	2.36	-218.86	0	0	1	2	1	300	1	4	2	1	4294967295	3.40282e+38	0	3.40282e+38	4294967295	4294967295	4294967295	4294967295	4294967295	0	4294967295	
254	6012140	-463.35	6.84	-248.03	0	0	1	2	1	300	1	7	3	1	4294967295	3.40282e+38	0	3.40282e+38	4294967295	4294967295	4294967295	4294967295	4294967295	0	4294967295	
255	7711207	-465.41	6.34	-240.11	0	0	1	2	1	300	1	8	3	1	4294967295	3.40282e+38	0	3.40282e+38	4294967295	4294967295	4294967295	4294967295	4294967295	0	4294967295	
256	6012228	-283	-10.92	-108.98	0	0	1	3	1	300	2	4	2	1	28	3.40282e+38	0	3.40282e+38	4294967295	4294967295	4294967295	4294967295	4294967295	0	4294967295	
257	7711207	-317.17	-10.91	-139.1	-0.540758	0	-0.841178	1	1	300	1	1	1	1	4294967295	3.40282e+38	0	3.40282e+38	4294967295	4294967295	4294967295	4294967295	22	0	4294967295	
258	6012137	-319.18	-11.15	-132.75	-0.98172	0	0.190333	1	1	300	1	1	1	1	4294967295	3.40282e+38	0	3.40282e+38	4294967295	4294967295	4294967295	4294967295	22	0	4294967295	
259	6012228	-340.82	-10.28	-163.2	0	0	1	4	2	300	2	4	2	1	30	3.40282e+38	0	3.40282e+38	4294967295	4294967295	4294967295	4294967295	4294967295	0	4294967295	
260	6012228	-353.44	-9.49	-110.94	0	0	1	1	1	300	2	1	1	1	31	3.40282e+38	0	3.40282e+38	4294967295	4294967295	4294967295	4294967295	4294967295	0	4294967295	
261	6011301	-391.55	-17.39	-18.9	0.975232	0	0.221187	1	1	300	0	1	1	1	4294967295	3.40282e+38	0	3.40282e+38	4294967295	4294967295	4294967295	4294967295	4294967295	0	4294967295	
262	6011301	-367.68	-10.48	-75.08	0	0	1	1	1	300	0	1	1	1	4294967295	3.40282e+38	0	3.40282e+38	4294967295	4294967295	4294967295	4294967295	34	0	4294967295	
263	6011301	-356.87	-11.58	-66.38	0.540758	0	-0.841178	1	1	300	0	1	1	1	4294967295	3.40282e+38	0	3.40282e+38	4294967295	4294967295	4294967295	4294967295	34	0	4294967295	
264	7251122	-345.65	-9.97	-166.5	0	0	1	1	1	300	1	5	3	1	4294967295	3.40282e+38	0	3.40282e+38	4294967295	4294967295	4294967295	4294967295	4294967295	0	4294967295	
265	7251122	-280.6	-8.59	-217.22	0	0	1	1	1	300	1	3	2	1	4294967295	3.40282e+38	0	3.40282e+38	4294967295	4294967295	4294967295	4294967295	4294967295	0	4294967295	
266	7251122	-397.02	-11.23	-192.78	0	0	1	1	1	300	1	5	3	1	4294967295	3.40282e+38	0	3.40282e+38	4294967295	4294967295	4294967295	4294967295	4294967295	0	4294967295	
267	7251122	-315.72	-10.76	-144.03	0	0	1	1	1	300	1	5	3	1	4294967295	3.40282e+38	0	3.40282e+38	4294967295	4294967295	4294967295	4294967295	4294967295	0	4294967295	
268	7251122	-259.59	-18.67	-156.87	0	0	1	1	1	300	1	5	3	1	4294967295	3.40282e+38	0	3.40282e+38	4294967295	4294967295	4294967295	4294967295	4294967295	0	4294967295	
269	6014116	-281.76	-9.88	-194	0	0	1	1	1	300	3	1	1	1	4294967295	1.13	0	3.16	4294967295	4294967295	4294967295	4294967295	44	0	4294967295	
270	6014116	-280.63	-10.08	-190.84	0	0	1	1	1	300	2	1	1	1	52	0	0	0	4294967295	4294967295	4294967295	4294967295	44	1	4294967295	
271	6012137	-472.75	0.97	-16.35	0.98172	0	-0.190333	1	1	300	1	3	2	1	4294967295	3.40282e+38	0	3.40282e+38	4294967295	4294967295	4294967295	4294967295	19	0	4294967295	
272	6012137	-461.69	0.97	-11.23	0.777941	0	-0.628337	1	1	300	1	3	2	1	4294967295	3.40282e+38	0	3.40282e+38	4294967295	4294967295	4294967295	4294967295	19	0	4294967295	
273	7113304	-466.03	0.97	-17.86	0.998752	0	-0.0499376	1	1	300	1	3	2	1	4294967295	3.40282e+38	0	3.40282e+38	4294967295	4294967295	4294967295	4294967295	19	0	4294967295	
274	6012228	-400.68	-8.35	-153.5	0	0	1	1	1	300	1	6	4	1	4294967295	3.40282e+38	0	3.40282e+38	4294967295	4294967295	4294967295	4294967295	4294967295	0	4294967295	
275	6012228	-456.82	1.35	-46.83	0	0	1	1	1	300	1	1	1	1	4294967295	3.40282e+38	0	3.40282e+38	4294967295	4294967295	4294967295	4294967295	4294967295	0	4294967295	
276	6012140	-389.75	-8.39	-122.04	0	0	1	1	1	300	1	5	3	1	4294967295	3.40282e+38	0	3.40282e+38	4294967295	4294967295	4294967295	4294967295	4294967295	0	4294967295	
277	6012228	-464.18	1.34	-48.92	0	0	1	1	1	300	1	1	1	1	4294967295	3.40282e+38	0	3.40282e+38	4294967295	4294967295	4294967295	4294967295	4294967295	0	4294967295	
278	6012228	-449.17	3.39	-79.46	0	0	1	1	1	300	2	1	1	1	63	3.40282e+38	0	3.40282e+38	4294967295	4294967295	4294967295	4294967295	4294967295	0	4294967295	
279	6012140	-479.08	0.97	-29.43	0	0	1	1	1	300	1	1	1	1	4294967295	3.40282e+38	0	3.40282e+38	4294967295	4294967295	4294967295	4294967295	4294967295	0	4294967295	
280	6012140	-449.19	0.97	-16.56	0	0	1	1	1	300	1	1	1	1	4294967295	3.40282e+38	0	3.40282e+38	4294967295	4294967295	4294967295	4294967295	4294967295	0	4294967295	
281	6012140	-479.02	0.93	-21.48	0	0	1	1	1	300	1	1	1	1	4294967295	3.40282e+38	0	3.40282e+38	4294967295	4294967295	4294967295	4294967295	4294967295	0	4294967295	
282	6012140	-454.82	0.97	-10.35	0	0	1	1	1	300	1	1	1	1	4294967295	3.40282e+38	0	3.40282e+38	4294967295	4294967295	4294967295	4294967295	4294967295	0	4294967295	
283	6012140	-449.57	0.97	-30.22	0	0	1	1	1	300	1	1	1	1	4294967295	3.40282e+38	0	3.40282e+38	4294967295	4294967295	4294967295	4294967295	4294967295	0	4294967295	
284	6012228	-469.68	0.97	-38.22	0	0	1	1	1	300	1	8	6	1	4294967295	3.40282e+38	0	3.40282e+38	4294967295	4294967295	4294967295	4294967295	4294967295	0	4294967295	
285	6012228	-463.83	0.97	-25.42	0	0	1	1	1	300	1	8	6	1	4294967295	3.40282e+38	0	3.40282e+38	4294967295	4294967295	4294967295	4294967295	4294967295	0	4294967295	
286	6012228	-456	0.97	-35.48	0	0	1	1	1	300	1	8	6	1	4294967295	3.40282e+38	0	3.40282e+38	4294967295	4294967295	4294967295	4294967295	4294967295	0	4294967295	
287	6012140	-452.72	5.08	-236.2	0	0	1	1	1	300	1	7	3	1	4294967295	3.40282e+38	0	3.40282e+38	4294967295	4294967295	4294967295	4294967295	4294967295	0	4294967295	
288	6011301	-382.13	-21.23	-1.74	0	0	1	1	1	300	1	5	3	1	4294967295	3.40282e+38	0	3.40282e+38	4294967295	4294967295	4294967295	4294967295	4294967295	0	4294967295	
289	6011301	-378	-13.76	-48.89	0	0	1	1	1	300	1	5	3	1	4294967295	3.40282e+38	0	3.40282e+38	4294967295	4294967295	4294967295	4294967295	4294967295	0	4294967295	
290	1754201	-467.22	5.31	-227.39	0	0	1	1	1	360	0	1	1	1	4294967295	3.40282e+38	0	3.40282e+38	4294967295	4294967295	4294967295	4294967295	4294967295	0	4294967295	
291	1759306	-469.64	0.97	-14.41	0	0	1	1	1	360	0	1	1	1	4294967295	3.40282e+38	0	3.40282e+38	4294967295	4294967295	4294967295	4294967295	4294967295	0	4294967295	
292	4264104	-155.96	40.56	-255.39	0.994937	0	0.100499	3	1	300	1	6	3	1	4294967295	3.40282e+38	0	3.40282e+38	4294967295	4294967295	4294967295	4294967295	4294967295	0	4294967295	
293	6011301	-26.81	14.98	-183.11	0.990149	0	-0.140021	1	1	300	2	1	1	1	23	3.40282e+38	0	3.40282e+38	4294967295	4294967295	4294967295	4294967295	4294967295	0	4294967295	
294	6011301	-71.96	9.7	-177.77	0.808304	0	-0.588765	1	1	300	0	1	1	1	4294967295	3.40282e+38	0	3.40282e+38	4294967295	4294967295	4294967295	4294967295	4294967295	0	4294967295	
295	6011301	-59.64	10.97	-172.06	0.671176	0	-0.741298	1	1	300	0	1	1	1	4294967295	3.40282e+38	0	3.40282e+38	4294967295	4294967295	4294967295	4294967295	4294967295	0	4294967295	
296	6011301	-59.49	12.3	-189.68	0.882075	0	0.471108	1	1	300	0	1	1	1	4294967295	3.40282e+38	0	3.40282e+38	4294967295	4294967295	4294967295	4294967295	4294967295	0	4294967295	
297	6011301	-211.17	-0.13	-191.96	0.808304	0	0.588765	5	1	300	0	1	1	1	4294967295	3.40282e+38	0	3.40282e+38	4294967295	4294967295	4294967295	4294967295	4294967295	0	4294967295	
298	6011301	-229.74	-3.53	-198.41	0	0	1	1	1	300	0	1	1	1	4294967295	3.40282e+38	0	3.40282e+38	4294967295	4294967295	4294967295	4294967295	4294967295	0	4294967295	
299	6011301	-223.23	-1.75	-176.96	-0.289177	0	-0.957276	1	1	300	0	1	1	1	4294967295	3.40282e+38	0	3.40282e+38	4294967295	4294967295	4294967295	4294967295	4294967295	0	4294967295	
300	6011301	-232.08	-3.69	-179.39	-0.975232	0	-0.221187	1	1	300	0	1	1	1	4294967295	3.40282e+38	0	3.40282e+38	4294967295	4294967295	4294967295	4294967295	4294967295	0	4294967295	
301	6012228	-247.2	-5.9	-197.67	0	0	1	1	1	300	2	1	1	1	25	3.40282e+38	0	3.40282e+38	4294967295	4294967295	4294967295	4294967295	4294967295	0	4294967295	
302	6011301	-108.7	10.51	-199.03	0	0	1	1	1	300	2	1	1	1	24	3.40282e+38	0	3.40282e+38	4294967295	4294967295	4294967295	4294967295	4294967295	0	4294967295	
303	6011301	-143.42	10.85	-205.94	0	0	1	1	1	300	0	1	1	1	4294967295	3.40282e+38	0	3.40282e+38	4294967295	4294967295	4294967295	4294967295	4294967295	0	4294967295	
304	6011301	-179.97	6.81	-185.1	-0.209529	0	-0.977802	1	1	300	0	1	1	1	4294967295	3.40282e+38	0	3.40282e+38	4294967295	4294967295	4294967295	4294967295	4294967295	0	4294967295	
305	7711207	-235.47	-4.11	-194.8	0.932568	0	-0.360994	3	1	300	1	4	3	1	4294967295	3.40282e+38	0	3.40282e+38	4294967295	4294967295	4294967295	4294967295	4294967295	0	4294967295	
306	6012137	-253.17	-20.43	-147.57	-0.957276	0	-0.289177	3	1	300	1	6	3	1	4294967295	3.40282e+38	0	3.40282e+38	4294967295	4294967295	4294967295	4294967295	20	0	4294967295	
307	7711207	-249.64	-20.73	-154.54	0	0	1	3	1	300	1	6	3	1	4294967295	3.40282e+38	0	3.40282e+38	4294967295	4294967295	4294967295	4294967295	20	0	4294967295	
308	7711207	-174.76	-30.79	-129.26	-0.965904	0	-0.258902	1	1	300	1	12	8	1	4294967295	3.40282e+38	0	3.40282e+38	4294967295	4294967295	4294967295	4294967295	4294967295	0	4294967295	
309	7711207	-190.58	-28.1	-135.73	-0.570771	0	-0.821109	1	1	300	1	8	6	1	4294967295	3.40282e+38	0	3.40282e+38	4294967295	4294967295	4294967295	4294967295	4294967295	0	4294967295	
310	6012137	-162.7	-30.81	-136.59	-0.940376	0	0.340136	1	1	300	1	1	1	1	4294967295	3.40282e+38	0	3.40282e+38	4294967295	4294967295	4294967295	4294967295	4294967295	0	4294967295	
311	6012137	-175.65	-30.83	-118.59	-0.419058	0	-0.907959	1	1	300	1	1	1	1	4294967295	3.40282e+38	0	3.40282e+38	4294967295	4294967295	4294967295	4294967295	4294967295	0	4294967295	
312	6012228	-204.71	-24.2	-142.48	0	0	1	1	1	300	2	1	1	1	29	3.40282e+38	0	3.40282e+38	4294967295	4294967295	4294967295	4294967295	4294967295	0	4294967295	
313	6011301	-17.4	-20.32	-42.05	-0.639202	0	-0.769039	1	1	300	2	1	1	1	34	3.40282e+38	0	3.40282e+38	4294967295	4294967295	4294967295	4294967295	4294967295	0	4294967295	
314	4654107	-132.12	-60.54	-46.1	0	0	1	3	1	300	1	6	3	1	4294967295	3.40282e+38	0	3.40282e+38	4294967295	4294967295	4294967295	4294967295	4294967295	0	4294967295	
315	4654107	-144.68	-59.37	-51.7	0	0	1	3	1	300	1	6	3	1	4294967295	3.40282e+38	0	3.40282e+38	4294967295	4294967295	4294967295	4294967295	4294967295	0	4294967295	
316	4654107	-136.96	-60.12	-56.69	0	0	1	3	1	300	1	6	3	1	4294967295	3.40282e+38	0	3.40282e+38	4294967295	4294967295	4294967295	4294967295	4294967295	0	4294967295	
317	4654107	-125.72	-61.14	-52.2	0	0	1	4	1	300	1	6	3	1	4294967295	3.40282e+38	0	3.40282e+38	4294967295	4294967295	4294967295	4294967295	4294967295	0	4294967295	
318	4654107	-130.03	-60.53	-39.72	0	0	1	3	1	300	1	6	3	1	4294967295	3.40282e+38	0	3.40282e+38	4294967295	4294967295	4294967295	4294967295	4294967295	0	4294967295	
319	4654107	-145.94	-60.04	-41.31	0	0	1	3	1	300	1	6	3	1	4294967295	3.40282e+38	0	3.40282e+38	4294967295	4294967295	4294967295	4294967295	4294967295	0	4294967295	
320	4654107	-141.94	-60.3	-30.6	0	0	1	3	1	300	1	6	3	1	4294967295	3.40282e+38	0	3.40282e+38	4294967295	4294967295	4294967295	4294967295	4294967295	0	4294967295	
321	4611110	-144.5	-59.53	-17.91	0.821109	0	-0.570771	1	1	300	2	1	1	1	40	3.40282e+38	0	3.40282e+38	4294967295	4294967295	4294967295	4294967295	4294967295	0	4294967295	
322	7251122	-239.39	-4.56	-194.35	0	0	1	1	1	300	1	5	3	1	4294967295	3.40282e+38	0	3.40282e+38	4294967295	4294967295	4294967295	4294967295	4294967295	0	4294967295	
323	6012137	-160.71	-30.71	-131.74	0	0	1	1	1	300	1	1	1	1	4294967295	3.40282e+38	0	3.40282e+38	4294967295	4294967295	4294967295	4294967295	4294967295	0	4294967295	
324	6011301	-168.25	-30.88	-123.41	0	0	1	1	1	300	1	1	1	1	4294967295	3.40282e+38	0	3.40282e+38	4294967295	4294967295	4294967295	4294967295	4294967295	0	4294967295	
325	6014116	-170.49	-30.88	-126.36	0	0	1	1	1	300	1	5	3	1	4294967295	3.40282e+38	0	3.40282e+38	4294967295	4294967295	4294967295	4294967295	4294967295	0	4294967295	
326	6011301	-164.44	-30.88	-125.54	0	0	1	1	1	300	1	1	1	1	4294967295	3.40282e+38	0	3.40282e+38	4294967295	4294967295	4294967295	4294967295	4294967295	0	4294967295	
327	6011301	-178.21	-30.07	-143.01	0	0	1	1	1	300	1	1	1	1	4294967295	3.40282e+38	0	3.40282e+38	4294967295	4294967295	4294967295	4294967295	4294967295	0	4294967295	
328	6011301	-170.88	-30.86	-119.85	0	0	1	1	1	300	1	1	1	1	4294967295	3.40282e+38	0	3.40282e+38	4294967295	4294967295	4294967295	4294967295	4294967295	0	4294967295	
329	6012137	-184.38	-30.06	-118.5	0	0	1	1	1	300	1	1	1	1	4294967295	3.40282e+38	0	3.40282e+38	4294967295	4294967295	4294967295	4294967295	4294967295	0	4294967295	
330	6011301	-184.05	-29.01	-142.58	0	0	1	1	1	300	1	1	1	1	4294967295	3.40282e+38	0	3.40282e+38	4294967295	4294967295	4294967295	4294967295	4294967295	0	4294967295	
331	6011301	-188.62	-29.41	-121.31	0	0	1	1	1	300	1	1	1	1	4294967295	3.40282e+38	0	3.40282e+38	4294967295	4294967295	4294967295	4294967295	4294967295	0	4294967295	
332	6011301	-191.71	-28.4	-126.7	0	0	1	1	1	300	1	1	1	1	4294967295	3.40282e+38	0	3.40282e+38	4294967295	4294967295	4294967295	4294967295	4294967295	0	4294967295	
333	6014116	-179.95	-30.05	-139.74	0	0	1	1	1	300	1	5	3	1	4294967295	3.40282e+38	0	3.40282e+38	4294967295	4294967295	4294967295	4294967295	4294967295	0	4294967295	
334	6014116	-186.84	-29.57	-126.1	0	0	1	1	1	300	1	5	3	1	4294967295	3.40282e+38	0	3.40282e+38	4294967295	4294967295	4294967295	4294967295	4294967295	0	4294967295	
335	6012137	-178.73	-30.48	-131.71	0	0	1	1	1	300	1	8	6	1	4294967295	3.40282e+38	0	3.40282e+38	4294967295	4294967295	4294967295	4294967295	4294967295	0	4294967295	
336	4652113	-138.49	-60.17	-45.36	0	0	1	1	1	300	1	12	8	1	4294967295	3.40282e+38	0	3.40282e+38	4294967295	4294967295	4294967295	4294967295	4294967295	0	4294967295	
337	6011301	-68.85	-30.09	-4.77	0	0	1	1	1	300	1	5	3	1	4294967295	3.40282e+38	0	3.40282e+38	4294967295	4294967295	4294967295	4294967295	4294967295	0	4294967295	
338	6011301	-39.56	-25.13	-30.32	0	0	1	1	1	300	1	5	3	1	4294967295	3.40282e+38	0	3.40282e+38	4294967295	4294967295	4294967295	4294967295	4294967295	0	4294967295	
339	1754125	-150.72	41.14	-248.04	0	0	1	1	1	360	0	1	1	1	4294967295	3.40282e+38	0	3.40282e+38	4294967295	4294967295	4294967295	4294967295	4294967295	0	4294967295	
340	1759106	-166.02	-30.77	-118.71	0	0	1	1	1	360	0	1	1	1	4294967295	3.40282e+38	0	3.40282e+38	4294967295	4294967295	4294967295	4294967295	4294967295	0	4294967295	
341	1754202	-121.28	-61	-44.29	0	0	1	1	1	360	0	1	1	1	4294967295	3.40282e+38	0	3.40282e+38	4294967295	4294967295	4294967295	4294967295	4294967295	0	4294967295	
342	6011307	110.43	39.01	-242.47	0	0	1	1	1	300	1	1	1	1	4294967295	3.40282e+38	0	3.40282e+38	4294967295	4294967295	4294967295	4294967295	4294967295	0	4294967295	
343	6011307	89.13	37.96	-231.74	0	0	1	1	1	300	1	1	1	1	4294967295	3.40282e+38	0	3.40282e+38	4294967295	4294967295	4294967295	4294967295	4294967295	0	4294967295	
344	5611204	102.62	39.02	-227.94	-0.639202	0	-0.769039	1	1	300	2	1	1	1	21	3.40282e+38	0	3.40282e+38	4294967295	4294967295	4294967295	4294967295	4294967295	0	4294967295	
345	6011301	110.56	38.47	-205.07	-0.498284	0	-0.867014	1	1	300	2	1	1	1	22	3.40282e+38	0	3.40282e+38	4294967295	4294967295	4294967295	4294967295	4294967295	0	4294967295	
346	6011301	114.98	38.1	-159.32	-0.987191	0	0.159546	1	1	300	1	1	1	1	4294967295	3.40282e+38	0	3.40282e+38	4294967295	4294967295	4294967295	4294967295	18	0	4294967295	
347	6011301	108.82	40.63	-126.27	-0.390293	0	-0.920691	1	1	300	0	1	1	1	4294967295	3.40282e+38	0	3.40282e+38	4294967295	4294967295	4294967295	4294967295	17	0	4294967295	
348	6011301	114.43	39.86	-134.46	-0.390293	0	-0.920691	1	1	300	0	1	1	1	4294967295	3.40282e+38	0	3.40282e+38	4294967295	4294967295	4294967295	4294967295	17	0	4294967295	
349	6011301	110.79	37.36	-170.62	0.848559	0	-0.529101	1	1	300	1	1	1	1	4294967295	3.40282e+38	0	3.40282e+38	4294967295	4294967295	4294967295	4294967295	18	0	4294967295	
350	6011301	12.33	25.2	-209.81	0.120331	0	-0.992734	1	1	300	0	1	1	1	4294967295	3.40282e+38	0	3.40282e+38	4294967295	4294967295	4294967295	4294967295	16	0	4294967295	
351	6011301	1.02	22.8	-213.13	-0.517419	0	0.855732	1	1	300	0	1	1	1	4294967295	3.40282e+38	0	3.40282e+38	4294967295	4294967295	4294967295	4294967295	16	0	4294967295	
352	5611204	57.15	35.22	-231.26	0.221187	0	-0.975232	1	1	300	0	1	1	1	4294967295	3.40282e+38	0	3.40282e+38	4294967295	4294967295	4294967295	4294967295	4294967295	0	4294967295	
353	6011307	13.94	28.23	-238.15	0.929164	0	-0.369667	1	1	300	0	1	1	1	4294967295	3.40282e+38	0	3.40282e+38	4294967295	4294967295	4294967295	4294967295	4294967295	0	4294967295	
354	6014119	129.65	-0.87	-82.33	0	0	1	1	1	300	0	1	1	1	4294967295	3.40282e+38	0	3.40282e+38	4294967295	4294967295	4294967295	4294967295	24	0	4294967295	
355	6014119	147.49	0.72	-83.97	0.209529	0	0.977802	1	1	300	0	1	1	1	4294967295	3.40282e+38	0	3.40282e+38	4294967295	4294967295	4294967295	4294967295	24	0	4294967295	
356	6014119	167.3	-2.55	-91.4	-0.258902	0	0.965904	1	1	300	0	1	1	1	4294967295	3.40282e+38	0	3.40282e+38	4294967295	4294967295	4294967295	4294967295	25	0	4294967295	
357	6014119	176.37	-2.44	-87.34	-0.671176	0	0.741298	1	1	300	0	1	1	1	4294967295	3.40282e+38	0	3.40282e+38	4294967295	4294967295	4294967295	4294967295	25	0	4294967295	
358	6014119	184.76	5.88	-112.19	0	0	1	1	1	300	0	1	1	1	4294967295	3.40282e+38	0	3.40282e+38	4294967295	4294967295	4294967295	4294967295	4294967295	0	4294967295	
359	6011301	106.29	-2.52	-87.94	0	0	1	1	1	300	2	1	1	1	35	3.40282e+38	0	3.40282e+38	4294967295	4294967295	4294967295	4294967295	4294967295	0	4294967295	
360	6011301	12.83	-9.19	-84.19	0	0	1	1	1	300	0	1	1	1	4294967295	3.40282e+38	0	3.40282e+38	4294967295	4294967295	4294967295	4294967295	4294967295	0	4294967295	
361	6211207	201.18	12.59	-148.18	0	0	1	3	1	300	1	6	3	1	4294967295	3.40282e+38	0	3.40282e+38	4294967295	4294967295	4294967295	4294967295	4294967295	0	4294967295	
362	6211207	208.37	11.88	-143.02	-0.777941	0	0.628337	3	1	300	1	6	3	1	4294967295	3.40282e+38	0	3.40282e+38	4294967295	4294967295	4294967295	4294967295	4294967295	0	4294967295	
363	6211207	191.57	11.31	-144.56	0.828964	0	0.559301	3	1	300	1	6	3	1	4294967295	3.40282e+38	0	3.40282e+38	4294967295	4294967295	4294967295	4294967295	4294967295	0	4294967295	
364	6211207	194.13	9.83	-132.6	0	0	1	3	1	300	1	6	3	1	4294967295	3.40282e+38	0	3.40282e+38	4294967295	4294967295	4294967295	4294967295	4294967295	0	4294967295	
365	6211207	203.22	10.42	-136.51	0	0	1	3	1	300	1	6	3	1	4294967295	3.40282e+38	0	3.40282e+38	4294967295	4294967295	4294967295	4294967295	4294967295	0	4294967295	
366	2611140	128.58	-9.34	-38.54	0	0	1	1	1	300	1	10	5	1	4294967295	3.40282e+38	0	3.40282e+38	4294967295	4294967295	4294967295	4294967295	4294967295	0	4294967295	
367	7251119	254.15	-3.8	-52.91	0	0	1	1	1	300	2	1	1	1	36	3.40282e+38	0	3.40282e+38	4294967295	4294967295	4294967295	4294967295	4294967295	0	4294967295	
368	6014119	226.02	-7.12	-27.11	-0.786664	0	0.617382	2	1	300	0	1	1	1	4294967295	3.40282e+38	0	3.40282e+38	4294967295	4294967295	4294967295	4294967295	4294967295	0	4294967295	
369	6014119	220.03	-7.08	-40.31	-0.559301	0	0.828964	2	1	300	0	1	1	1	4294967295	3.40282e+38	0	3.40282e+38	4294967295	4294967295	4294967295	4294967295	4294967295	0	4294967295	
370	7711207	193.76	-7.36	-29.47	0.898384	0	-0.43921	1	1	300	0	1	1	1	4294967295	3.40282e+38	0	3.40282e+38	4294967295	4294967295	4294967295	4294967295	31	0	4294967295	
371	6014119	197.97	-7.23	-29.62	-0.410781	0	0.911734	1	1	300	0	1	1	1	4294967295	3.40282e+38	0	3.40282e+38	4294967295	4294967295	4294967295	4294967295	31	0	4294967295	
372	6014119	102.79	-3.06	-71.41	0.639202	0	-0.769039	1	1	300	0	1	1	1	4294967295	3.40282e+38	0	3.40282e+38	4294967295	4294967295	4294967295	4294967295	32	0	4294967295	
373	6014119	113.66	-1.88	-85.24	-0.769039	0	0.639202	1	1	300	0	1	1	1	4294967295	3.40282e+38	0	3.40282e+38	4294967295	4294967295	4294967295	4294967295	32	0	4294967295	
374	6014119	114.82	-7.42	-49.75	0.9998	0	-0.019996	1	1	300	0	1	1	1	4294967295	3.40282e+38	0	3.40282e+38	4294967295	4294967295	4294967295	4294967295	4294967295	0	4294967295	
375	6014119	133.5	-5.47	-64.9	0	0	1	1	1	300	1	1	1	1	4294967295	3.40282e+38	0	3.40282e+38	4294967295	4294967295	4294967295	4294967295	4294967295	0	4294967295	
376	6014119	164.7	-7.27	-43.22	0	0	1	4	2	300	2	4	1	1	44	3.40282e+38	0	3.40282e+38	4294967295	4294967295	4294967295	4294967295	4294967295	0	4294967295	
377	7711207	133.13	-9.37	-27.5	-0.120331	0	-0.992734	1	1	300	0	1	1	1	4294967295	3.40282e+38	0	3.40282e+38	4294967295	4294967295	4294967295	4294967295	4294967295	0	4294967295	
378	7711207	122.66	-11.48	-0.27	0	0	1	1	1	300	0	1	1	1	4294967295	3.40282e+38	0	3.40282e+38	4294967295	4294967295	4294967295	4294967295	4294967295	0	4294967295	
379	7771101	145.75	-6.82	-47.24	0	0	1	1	1	300	2	1	1	1	51	0	0	0	4294967295	4294967295	4294967295	4294967295	43	1	4294967295	
380	6013113	143.83	-6.56	-52.44	0	0	1	1	1	300	3	1	1	1	4294967295	1.91	0	5.19	4294967295	4294967295	4294967295	4294967295	43	0	4294967295	
381	6013113	140.55	-6.99	-46.2	0	0	1	1	1	300	3	1	1	1	4294967295	5.19	0	1.04	4294967295	4294967295	4294967295	4294967295	43	0	4294967295	
382	7772101	252.79	65.85	-247.62	0	0	1	1	1	300	1	3	2	1	4294967295	3.40282e+38	0	3.40282e+38	4294967295	4294967295	4294967295	4294967295	4294967295	0	4294967295	
383	7772101	244.63	65.73	-253.34	0	0	1	1	1	300	1	3	2	1	4294967295	3.40282e+38	0	3.40282e+38	4294967295	4294967295	4294967295	4294967295	4294967295	0	4294967295	
384	7117116	251.73	65.22	-254.35	0	0	1	1	1	300	1	3	2	1	4294967295	3.40282e+38	0	3.40282e+38	4294967295	4294967295	4294967295	4294967295	4294967295	0	4294967295	
385	6011301	3.34	-13.62	-68.24	0	0	1	1	1	300	1	5	3	1	4294967295	3.40282e+38	0	3.40282e+38	4294967295	4294967295	4294967295	4294967295	4294967295	0	4294967295	
386	6011301	33.62	-6.27	-84.09	0	0	1	1	1	300	1	5	3	1	4294967295	3.40282e+38	0	3.40282e+38	4294967295	4294967295	4294967295	4294967295	4294967295	0	4294967295	
387	6011301	57.73	-3.98	-88.57	0	0	1	1	1	300	1	5	3	1	4294967295	3.40282e+38	0	3.40282e+38	4294967295	4294967295	4294967295	4294967295	4294967295	0	4294967295	
388	6011301	87.71	-3.01	-86.97	0	0	1	1	1	300	1	5	3	1	4294967295	3.40282e+38	0	3.40282e+38	4294967295	4294967295	4294967295	4294967295	4294967295	0	4294967295	
389	1754202	206.04	13.67	-151.52	0	0	1	1	1	360	0	1	1	1	4294967295	3.40282e+38	0	3.40282e+38	4294967295	4294967295	4294967295	4294967295	4294967295	0	4294967295	
390	6211207	280.94	-4.14	-73.11	0	0	1	4	1	300	1	7	4	1	4294967295	3.40282e+38	0	3.40282e+38	4294967295	4294967295	4294967295	4294967295	4294967295	0	4294967295	
391	6211207	275.57	-4.15	-68.62	0	0	1	4	1	300	1	7	4	1	4294967295	3.40282e+38	0	3.40282e+38	4294967295	4294967295	4294967295	4294967295	4294967295	0	4294967295	
392	6211207	280.96	-4.12	-64.72	0	0	1	4	1	300	1	7	4	1	4294967295	3.40282e+38	0	3.40282e+38	4294967295	4294967295	4294967295	4294967295	4294967295	0	4294967295	
393	6211207	271.16	-4.11	-62.68	0	0	1	4	1	300	1	7	4	1	4294967295	3.40282e+38	0	3.40282e+38	4294967295	4294967295	4294967295	4294967295	4294967295	0	4294967295	
394	6211207	271.28	-4.18	-73.31	0	0	1	4	1	300	1	7	4	1	4294967295	3.40282e+38	0	3.40282e+38	4294967295	4294967295	4294967295	4294967295	4294967295	0	4294967295	
395	7772101	264.58	67.64	-242.04	0	0	1	1	1	300	1	3	2	1	4294967295	3.40282e+38	0	3.40282e+38	4294967295	4294967295	4294967295	4294967295	4294967295	0	4294967295	
396	7772101	276.23	67.67	-251.49	0	0	1	1	1	300	1	3	2	1	4294967295	3.40282e+38	0	3.40282e+38	4294967295	4294967295	4294967295	4294967295	4294967295	0	4294967295	
397	7117116	267.11	66.65	-249.42	0	0	1	1	1	300	1	3	2	1	4294967295	3.40282e+38	0	3.40282e+38	4294967295	4294967295	4294967295	4294967295	4294967295	0	4294967295	
398	7117116	260.3	65.85	-248.98	0	0	1	1	1	300	1	10	8	1	4294967295	3.40282e+38	0	3.40282e+38	4294967295	4294967295	4294967295	4294967295	4294967295	0	4294967295	
399	1755301	270.39	68.03	-243.17	0	0	1	1	1	360	0	1	1	1	4294967295	3.40282e+38	0	3.40282e+38	4294967295	4294967295	4294967295	4294967295	4294967295	0	4294967295	
400	1754202	285.81	-3.84	-70.99	0	0	1	1	1	360	0	1	1	1	4294967295	3.40282e+38	0	3.40282e+38	4294967295	4294967295	4294967295	4294967295	4294967295	0	4294967295	
401	4611110	-309.33	-58.95	207.88	0.45122	0	0.892413	1	1	300	2	1	1	1	43	3.40282e+38	0	3.40282e+38	4294967295	4294967295	4294967295	4294967295	4294967295	0	4294967295	
402	6011301	-369.96	-33.03	49.4	0.848559	0	-0.529101	1	1	300	0	1	1	1	4294967295	3.40282e+38	0	3.40282e+38	4294967295	4294967295	4294967295	4294967295	4294967295	0	4294967295	
403	6011301	-273.76	-55.86	133.1	0.987191	0	-0.159546	1	1	300	0	1	1	1	4294967295	3.40282e+38	0	3.40282e+38	4294967295	4294967295	4294967295	4294967295	4294967295	0	4294967295	
404	6011301	-264.76	-55.74	121.57	0.140021	0	0.990149	1	1	300	0	1	1	1	4294967295	3.40282e+38	0	3.40282e+38	4294967295	4294967295	4294967295	4294967295	4294967295	0	4294967295	
405	6011301	-332.56	-45.62	92.19	0.559301	0	-0.828964	1	1	300	2	1	1	1	38	3.40282e+38	0	3.40282e+38	4294967295	4294967295	4294967295	4294967295	4294967295	0	4294967295	
406	6212210	-317.98	-58.95	228.67	0	0	1	3	1	300	1	7	4	1	4294967295	3.40282e+38	0	3.40282e+38	4294967295	4294967295	4294967295	4294967295	4294967295	0	4294967295	
407	6212210	-307.6	-58.95	228.41	0	0	1	3	1	300	1	7	4	1	4294967295	3.40282e+38	0	3.40282e+38	4294967295	4294967295	4294967295	4294967295	4294967295	0	4294967295	
408	6212210	-323.23	-58.95	220.47	0	0	1	3	1	300	1	7	4	1	4294967295	3.40282e+38	0	3.40282e+38	4294967295	4294967295	4294967295	4294967295	4294967295	0	4294967295	
409	6212210	-305.04	-58.95	216.08	0	0	1	3	1	300	1	7	4	1	4294967295	3.40282e+38	0	3.40282e+38	4294967295	4294967295	4294967295	4294967295	4294967295	0	4294967295	
410	6212210	-317.89	-58.95	211.77	0	0	1	3	1	300	1	7	4	1	4294967295	3.40282e+38	0	3.40282e+38	4294967295	4294967295	4294967295	4294967295	4294967295	0	4294967295	
411	6212210	-310.61	-58.95	209.23	0	0	1	3	1	300	1	7	4	1	4294967295	3.40282e+38	0	3.40282e+38	4294967295	4294967295	4294967295	4294967295	4294967295	0	4294967295	
412	4611110	-258.31	-59.35	192.38	0	0	1	1	1	300	1	3	2	1	4294967295	3.40282e+38	0	3.40282e+38	4294967295	4294967295	4294967295	4294967295	4294967295	0	4294967295	
413	6211213	-311.76	-58.95	219.19	0	0	1	1	1	300	1	12	8	1	4294967295	3.40282e+38	0	3.40282e+38	4294967295	4294967295	4294967295	4294967295	4294967295	0	4294967295	
414	6011301	-374.93	-27.51	27.4	0	0	1	1	1	300	1	5	3	1	4294967295	3.40282e+38	0	3.40282e+38	4294967295	4294967295	4294967295	4294967295	4294967295	0	4294967295	
415	6011301	-348.58	-39.6	69.1	0	0	1	1	1	300	1	5	3	1	4294967295	3.40282e+38	0	3.40282e+38	4294967295	4294967295	4294967295	4294967295	4294967295	0	4294967295	
416	6011301	-312.77	-50	104.31	0	0	1	1	1	300	1	5	3	1	4294967295	3.40282e+38	0	3.40282e+38	4294967295	4294967295	4294967295	4294967295	4294967295	0	4294967295	
417	6011301	-290.03	-53.69	118.83	0	0	1	1	1	300	1	5	3	1	4294967295	3.40282e+38	0	3.40282e+38	4294967295	4294967295	4294967295	4294967295	4294967295	0	4294967295	
418	1754202	-324.5	-58.95	227.81	0	0	1	1	1	360	0	1	1	1	4294967295	3.40282e+38	0	3.40282e+38	4294967295	4294967295	4294967295	4294967295	4294967295	0	4294967295	
419	6012225	-238.53	-58.78	197.76	0.808304	0	-0.588765	4	1	300	1	6	3	1	4294967295	3.40282e+38	0	3.40282e+38	4294967295	4294967295	4294967295	4294967295	37	0	4294967295	
420	6012225	-244.68	-57.48	173.1	0.808304	0	-0.588765	4	1	300	1	6	3	1	4294967295	3.40282e+38	0	3.40282e+38	4294967295	4294967295	4294967295	4294967295	4294967295	0	4294967295	
421	6012225	-234.85	-58.96	141.47	0	0	1	4	1	300	1	6	3	1	4294967295	3.40282e+38	0	3.40282e+38	4294967295	4294967295	4294967295	4294967295	4294967295	0	4294967295	
422	6011140	-185.96	-59.73	114.89	-0.965904	0	-0.258902	1	1	300	0	1	1	1	4294967295	3.40282e+38	0	3.40282e+38	4294967295	4294967295	4294967295	4294967295	4294967295	0	4294967295	
423	6011140	-165.72	-59.45	76.41	-0.786664	0	-0.617382	1	1	300	0	1	1	1	4294967295	3.40282e+38	0	3.40282e+38	4294967295	4294967295	4294967295	4294967295	4294967295	0	4294967295	
424	6011140	-186.76	-59.06	138.91	-0.985286	0	0.170917	1	1	300	0	1	1	1	4294967295	3.40282e+38	0	3.40282e+38	4294967295	4294967295	4294967295	4294967295	4294967295	0	4294967295	
425	6011140	-182.37	-58.98	153.99	-0.950666	0	0.310217	1	1	300	0	1	1	1	4294967295	3.40282e+38	0	3.40282e+38	4294967295	4294967295	4294967295	4294967295	4294967295	0	4294967295	
426	6011140	-173.13	-58.5	182.73	-0.898384	0	0.43921	1	1	300	0	1	1	1	4294967295	3.40282e+38	0	3.40282e+38	4294967295	4294967295	4294967295	4294967295	4294967295	0	4294967295	
427	6011140	-162.01	-60.09	196.91	-0.8	0	0.6	1	1	300	0	1	1	1	4294967295	3.40282e+38	0	3.40282e+38	4294967295	4294967295	4294967295	4294967295	4294967295	0	4294967295	
428	6011140	-141.66	-61.45	202.1	0	0	1	1	1	300	0	1	1	1	4294967295	3.40282e+38	0	3.40282e+38	4294967295	4294967295	4294967295	4294967295	4294967295	0	4294967295	
429	6011140	-125.96	-61.39	210.31	-0.970728	0	0.24018	1	1	300	0	1	1	1	4294967295	3.40282e+38	0	3.40282e+38	4294967295	4294967295	4294967295	4294967295	4294967295	0	4294967295	
430	6011140	-177.94	-58.51	169.95	-0.99955	0	0.0299865	1	1	300	0	1	1	1	4294967295	3.40282e+38	0	3.40282e+38	4294967295	4294967295	4294967295	4294967295	4294967295	0	4294967295	
431	6011140	-178.36	-60.14	92.46	-0.875578	0	-0.483077	1	1	300	0	1	1	1	4294967295	3.40282e+38	0	3.40282e+38	4294967295	4294967295	4294967295	4294967295	4294967295	0	4294967295	
432	6012225	-221.13	-58.97	160.22	0	0	1	4	1	300	1	6	3	1	4294967295	3.40282e+38	0	3.40282e+38	4294967295	4294967295	4294967295	4294967295	4294967295	0	4294967295	
433	6012225	-217.23	-59.97	112.35	0	0	1	4	1	300	1	6	3	1	4294967295	3.40282e+38	0	3.40282e+38	4294967295	4294967295	4294967295	4294967295	4294967295	0	4294967295	
434	6012225	-209.47	-58.98	151.22	0	0	1	4	1	300	1	6	3	1	4294967295	3.40282e+38	0	3.40282e+38	4294967295	4294967295	4294967295	4294967295	4294967295	0	4294967295	
435	6012225	-191.4	-57.48	203.98	0	0	1	3	1	300	1	6	3	1	4294967295	3.40282e+38	0	3.40282e+38	4294967295	4294967295	4294967295	4294967295	4294967295	0	4294967295	
436	6012225	-205.58	-62.72	85.07	0	0	1	3	1	300	1	6	3	1	4294967295	3.40282e+38	0	3.40282e+38	4294967295	4294967295	4294967295	4294967295	4294967295	0	4294967295	
437	6012225	-181.27	-60.05	43.91	0	0	1	4	1	300	1	6	3	1	4294967295	3.40282e+38	0	3.40282e+38	4294967295	4294967295	4294967295	4294967295	4294967295	0	4294967295	
438	6012225	-158.88	-60.53	26.26	0	0	1	4	1	300	1	6	3	1	4294967295	3.40282e+38	0	3.40282e+38	4294967295	4294967295	4294967295	4294967295	4294967295	0	4294967295	
439	6012225	-193.75	-61.71	69.89	0	0	1	3	1	300	1	6	3	1	4294967295	3.40282e+38	0	3.40282e+38	4294967295	4294967295	4294967295	4294967295	4294967295	0	4294967295	
440	6012225	-146.86	-60.64	226.47	0	0	1	4	1	300	1	6	3	1	4294967295	3.40282e+38	0	3.40282e+38	4294967295	4294967295	4294967295	4294967295	38	0	4294967295	
441	4611110	-203.45	-57.71	180.38	0.867014	0	-0.498284	1	1	300	2	1	1	1	42	3.40282e+38	0	3.40282e+38	4294967295	4294967295	4294967295	4294967295	4294967295	0	4294967295	
442	4611110	-148.96	-61.21	2.86	0	0	1	1	1	300	0	1	1	1	4294967295	3.40282e+38	0	3.40282e+38	4294967295	4294967295	4294967295	4294967295	4294967295	0	4294967295	
443	4611110	-234.17	-59.88	203.53	0.43921	0	-0.898384	1	1	300	0	1	1	1	4294967295	3.40282e+38	0	3.40282e+38	4294967295	4294967295	4294967295	4294967295	37	0	4294967295	
444	4611110	-146.31	-60.19	233.55	-0.892413	0	-0.45122	1	1	300	0	1	1	1	4294967295	3.40282e+38	0	3.40282e+38	4294967295	4294967295	4294967295	4294967295	38	0	4294967295	
445	6011140	-131.45	-49.82	58.86	-0.970728	0	-0.24018	1	1	300	1	1	1	1	4294967295	3.40282e+38	0	3.40282e+38	4294967295	4294967295	4294967295	4294967295	35	0	4294967295	
446	6012225	-136.03	-51.5	43.68	-0.932568	0	0.360994	1	1	300	1	1	1	1	4294967295	3.40282e+38	0	3.40282e+38	4294967295	4294967295	4294967295	4294967295	35	0	4294967295	
447	6012225	-92.73	-35.87	21.85	-0.660628	0	0.750713	4	2	300	2	4	1	1	39	3.40282e+38	0	3.40282e+38	4294967295	4294967295	4294967295	4294967295	4294967295	0	4294967295	
448	6011140	-86.57	-38.08	41.38	-0.997559	0	-0.0698291	1	1	300	1	1	1	1	4294967295	3.40282e+38	0	3.40282e+38	4294967295	4294967295	4294967295	4294967295	36	0	4294967295	
449	6012225	-83.81	-36.95	38.34	-0.997559	0	-0.0698291	1	1	300	1	1	1	1	4294967295	3.40282e+38	0	3.40282e+38	4294967295	4294967295	4294967295	4294967295	36	0	4294967295	
450	4611110	-139.19	-61.16	21.14	0	0	1	1	1	300	1	3	2	1	4294967295	3.40282e+38	0	3.40282e+38	4294967295	4294967295	4294967295	4294967295	4294967295	0	4294967295	
451	4612143	184.84	-14.83	95.22	0.559301	0	-0.828964	1	1	300	0	1	1	1	4294967295	0	0	0	4294967295	4294967295	4294967295	4294967295	26	1	4294967295	
452	6014119	186.05	-14.84	101.29	0.750713	0	-0.660628	1	1	300	0	1	1	1	4294967295	1.21	0	6.07	4294967295	4294967295	4294967295	4294967295	26	0	4294967295	
453	6014119	178.41	-14.54	92.84	0.786664	0	-0.617382	1	1	300	0	1	1	1	4294967295	6.43	0	2.38	4294967295	4294967295	4294967295	4294967295	26	0	4294967295	
454	2611140	155.34	-12.66	13.84	0	0	1	3	1	300	1	6	3	1	4294967295	3.40282e+38	0	3.40282e+38	4294967295	4294967295	4294967295	4294967295	4294967295	0	4294967295	
455	2611140	146.3	-11.99	37.65	0	0	1	3	1	300	1	6	3	1	4294967295	3.40282e+38	0	3.40282e+38	4294967295	4294967295	4294967295	4294967295	4294967295	0	4294967295	
456	2611140	153.95	-12.22	51.63	0	0	1	3	1	300	1	6	3	1	4294967295	3.40282e+38	0	3.40282e+38	4294967295	4294967295	4294967295	4294967295	4294967295	0	4294967295	
457	2611140	177.97	-12.42	74.44	-0.940376	0	0.340136	3	1	300	1	6	3	1	4294967295	3.40282e+38	0	3.40282e+38	4294967295	4294967295	4294967295	4294967295	4294967295	0	4294967295	
458	2611140	135.26	-12	6.9	0	0	1	1	1	300	1	12	6	1	4294967295	3.40282e+38	0	3.40282e+38	4294967295	4294967295	4294967295	4294967295	4294967295	0	4294967295	
459	2611140	198.18	-13.59	35.66	0	0	1	4	1	300	1	6	3	1	4294967295	3.40282e+38	0	3.40282e+38	4294967295	4294967295	4294967295	4294967295	4294967295	0	4294967295	
460	2611140	220.1	-13.59	94.61	0	0	1	4	1	300	1	6	3	1	4294967295	3.40282e+38	0	3.40282e+38	4294967295	4294967295	4294967295	4294967295	4294967295	0	4294967295	
461	2611140	216.53	-15.07	105.33	0	0	1	4	1	300	1	6	3	1	4294967295	3.40282e+38	0	3.40282e+38	4294967295	4294967295	4294967295	4294967295	4294967295	0	4294967295	
462	2611140	186.78	-12.79	54.96	0	0	1	4	1	300	1	6	3	1	4294967295	3.40282e+38	0	3.40282e+38	4294967295	4294967295	4294967295	4294967295	4294967295	0	4294967295	
463	2611140	198.14	-14.09	100.16	0	0	1	4	1	300	1	6	3	1	4294967295	3.40282e+38	0	3.40282e+38	4294967295	4294967295	4294967295	4294967295	4294967295	0	4294967295	
464	2611140	191.66	-12.92	78.98	0	0	1	4	1	300	1	6	3	1	4294967295	3.40282e+38	0	3.40282e+38	4294967295	4294967295	4294967295	4294967295	4294967295	0	4294967295	
465	2611140	212.63	-14.15	75.69	0	0	1	4	1	300	1	6	3	1	4294967295	3.40282e+38	0	3.40282e+38	4294967295	4294967295	4294967295	4294967295	4294967295	0	4294967295	
466	6211207	107.17	-14.62	156.72	0.907959	0	-0.419058	3	1	300	1	6	3	1	4294967295	3.40282e+38	0	3.40282e+38	4294967295	4294967295	4294967295	4294967295	29	0	4294967295	
467	6211207	114.22	-14.95	159.49	0	0	1	3	1	300	1	6	3	1	4294967295	3.40282e+38	0	3.40282e+38	4294967295	4294967295	4294967295	4294967295	29	0	4294967295	
468	6211207	128.78	-14.94	148.92	0	0	1	3	1	300	1	6	3	1	4294967295	2.37	0	12.5	4294967295	4294967295	4294967295	4294967295	27	0	4294967295	
469	6211207	109.28	-14.36	142.09	0.970728	0	-0.24018	3	1	300	1	6	3	1	4294967295	9.47	0	1.23	4294967295	4294967295	4294967295	4294967295	28	0	4294967295	
470	6211207	115.56	-14.48	138.61	0	0	1	3	1	300	1	6	3	1	4294967295	3.19	0	2.25	4294967295	4294967295	4294967295	4294967295	28	0	4294967295	
471	6211207	129.84	-14.55	141.31	0.940376	0	-0.340136	3	1	300	1	6	3	1	4294967295	1.31	0	4.9	4294967295	4294967295	4294967295	4294967295	27	0	4294967295	
472	7251119	131.15	-14.29	136.42	0.997559	0	0.0698291	4	1	300	1	4	3	1	4294967295	0	0	0	4294967295	4294967295	4294967295	4294967295	27	1	4294967295	
473	7251119	118.75	-14.48	140.86	0.721988	0	-0.691905	2	1	300	1	4	2	1	4294967295	0	0	0	4294967295	4294967295	4294967295	4294967295	28	1	4294967295	
474	7251119	112.74	-14.86	155.98	0.995974	0	-0.0896377	3	1	300	1	4	2	1	4294967295	3.40282e+38	0	3.40282e+38	4294967295	4294967295	4294967295	4294967295	29	0	4294967295	
475	6014119	123.27	-10.23	18.93	0.994937	0	-0.100499	1	1	300	0	1	1	1	4294967295	3.40282e+38	0	3.40282e+38	4294967295	4294967295	4294967295	4294967295	4294967295	0	4294967295	
476	6014119	119.55	-11.93	6.9	0.994937	0	-0.100499	1	1	300	0	1	1	1	4294967295	3.40282e+38	0	3.40282e+38	4294967295	4294967295	4294967295	4294967295	4294967295	0	4294967295	
477	6014119	178.08	-14.13	124.6	0.990149	0	-0.140021	1	1	300	0	1	1	1	4294967295	3.40282e+38	0	3.40282e+38	4294967295	4294967295	4294967295	4294967295	4294967295	0	4294967295	
478	6014119	174	-14.33	110.47	0.990149	0	-0.140021	1	1	300	0	1	1	1	4294967295	3.40282e+38	0	3.40282e+38	4294967295	4294967295	4294967295	4294967295	4294967295	0	4294967295	
479	6014119	217.09	-39.66	182.06	0.741298	0	-0.671176	1	1	300	0	1	1	1	4294967295	3.40282e+38	0	3.40282e+38	4294967295	4294967295	4294967295	4294967295	4294967295	0	4294967295	
480	6014119	250.86	-27.76	159.47	-0.98172	0	-0.190333	1	1	300	0	1	1	1	4294967295	3.40282e+38	0	3.40282e+38	4294967295	4294967295	4294967295	4294967295	4294967295	0	4294967295	
481	6014119	240.18	-17.17	112.19	-0.540758	0	0.841178	1	1	300	0	1	1	1	4294967295	3.40282e+38	0	3.40282e+38	4294967295	4294967295	4294967295	4294967295	4294967295	0	4294967295	
482	2611140	198.02	-14	116.16	-0.140021	0	0.990149	1	1	300	1	8	4	1	4294967295	3.40282e+38	0	3.40282e+38	4294967295	4294967295	4294967295	4294967295	4294967295	0	4294967295	
483	7711207	172.44	-12.23	68.43	0.965904	0	-0.258902	1	1	300	0	1	1	1	4294967295	3.40282e+38	0	3.40282e+38	4294967295	4294967295	4294967295	4294967295	4294967295	0	4294967295	
484	7711207	196.09	-13.71	88.17	-0.855732	0	-0.517419	1	1	300	0	1	1	1	4294967295	3.40282e+38	0	3.40282e+38	4294967295	4294967295	4294967295	4294967295	4294967295	0	4294967295	
485	7711207	211.96	-13.6	95.83	0.8	0	0.6	1	1	300	0	1	1	1	4294967295	3.40282e+38	0	3.40282e+38	4294967295	4294967295	4294967295	4294967295	4294967295	0	4294967295	
486	6014119	40.2	-17.12	53.28	0	0	1	1	1	300	1	3	2	1	4294967295	3.40282e+38	0	3.40282e+38	4294967295	4294967295	4294967295	4294967295	4294967295	0	4294967295	
487	7711207	39.35	-17.11	46.05	0	0	1	1	1	300	1	3	2	1	4294967295	3.40282e+38	0	3.40282e+38	4294967295	4294967295	4294967295	4294967295	4294967295	0	4294967295	
488	6014119	47.99	-17.1	53.39	0	0	1	1	1	300	1	3	2	1	4294967295	3.40282e+38	0	3.40282e+38	4294967295	4294967295	4294967295	4294967295	4294967295	0	4294967295	
489	6014119	56.82	-16.52	48.27	0	0	1	1	1	300	1	3	2	1	4294967295	3.40282e+38	0	3.40282e+38	4294967295	4294967295	4294967295	4294967295	4294967295	0	4294967295	
490	6014119	35.25	-16.87	29.03	0	0	1	1	1	300	1	3	2	1	4294967295	3.40282e+38	0	3.40282e+38	4294967295	4294967295	4294967295	4294967295	4294967295	0	4294967295	
491	6014119	31.09	-17.12	41.08	0	0	1	1	1	300	1	3	2	1	4294967295	3.40282e+38	0	3.40282e+38	4294967295	4294967295	4294967295	4294967295	4294967295	0	4294967295	
492	6014119	47.94	-16.66	38.44	0	0	1	1	1	300	1	8	6	1	4294967295	3.40282e+38	0	3.40282e+38	4294967295	4294967295	4294967295	4294967295	4294967295	0	4294967295	
493	6014119	59.26	-14.82	33.06	0	0	1	1	1	300	1	8	6	1	4294967295	3.40282e+38	0	3.40282e+38	4294967295	4294967295	4294967295	4294967295	4294967295	0	4294967295	
494	7711207	44.25	-16.54	30.6	0	0	1	1	1	300	1	3	2	1	4294967295	3.40282e+38	0	3.40282e+38	4294967295	4294967295	4294967295	4294967295	4294967295	0	4294967295	
495	7711207	53.17	-16.4	42.27	0	0	1	1	1	300	1	3	2	1	4294967295	3.40282e+38	0	3.40282e+38	4294967295	4294967295	4294967295	4294967295	4294967295	0	4294967295	
496	7711207	239.53	-8.11	46.36	0	0	1	1	1	300	1	3	2	1	4294967295	3.40282e+38	0	3.40282e+38	4294967295	4294967295	4294967295	4294967295	4294967295	0	4294967295	
497	6014119	226.99	-8.11	20.56	0	0	1	1	1	300	1	3	2	1	4294967295	3.40282e+38	0	3.40282e+38	4294967295	4294967295	4294967295	4294967295	4294967295	0	4294967295	
498	6014119	220.14	-8.23	6.52	0	0	1	1	1	300	1	3	2	1	4294967295	3.40282e+38	0	3.40282e+38	4294967295	4294967295	4294967295	4294967295	4294967295	0	4294967295	
499	6014119	242.41	-8.14	40.84	0	0	1	1	1	300	1	3	2	1	4294967295	3.40282e+38	0	3.40282e+38	4294967295	4294967295	4294967295	4294967295	4294967295	0	4294967295	
500	6014119	241.73	-8.28	52.45	0	0	1	1	1	300	1	3	2	1	4294967295	3.40282e+38	0	3.40282e+38	4294967295	4294967295	4294967295	4294967295	4294967295	0	4294967295	
501	7711207	249.56	-6.6	82.57	0	0	1	1	1	300	1	3	2	1	4294967295	3.40282e+38	0	3.40282e+38	4294967295	4294967295	4294967295	4294967295	4294967295	0	4294967295	
502	7711207	231.4	-7.95	32.09	0	0	1	1	1	300	1	3	2	1	4294967295	3.40282e+38	0	3.40282e+38	4294967295	4294967295	4294967295	4294967295	4294967295	0	4294967295	
503	7711207	216.42	-7.67	18.35	0	0	1	1	1	300	1	3	2	1	4294967295	3.40282e+38	0	3.40282e+38	4294967295	4294967295	4294967295	4294967295	4294967295	0	4294967295	
504	6014119	194.89	-12.94	131.75	0	0	1	1	1	300	1	3	2	1	4294967295	3.40282e+38	0	3.40282e+38	4294967295	4294967295	4294967295	4294967295	4294967295	0	4294967295	
505	1759306	35.89	-17.11	43.36	0	0	1	1	1	360	0	1	1	1	4294967295	3.40282e+38	0	3.40282e+38	4294967295	4294967295	4294967295	4294967295	4294967295	0	4294967295	
506	1759306	101.59	-14.66	152.28	0	0	1	1	1	360	0	1	1	1	4294967295	3.40282e+38	0	3.40282e+38	4294967295	4294967295	4294967295	4294967295	4294967295	0	4294967295	
507	6211207	361.73	-6.36	65.18	0	0	1	4	1	300	1	6	3	1	4294967295	3.40282e+38	0	3.40282e+38	4294967295	4294967295	4294967295	4294967295	4294967295	0	4294967295	
508	6211207	367.86	-7.31	82.58	-0.99955	0	0.0299865	4	1	300	1	6	3	1	4294967295	3.40282e+38	0	3.40282e+38	4294967295	4294967295	4294967295	4294967295	4294967295	0	4294967295	
509	6211207	344.32	-7.72	75	0	0	1	4	1	300	1	6	3	1	4294967295	3.40282e+38	0	3.40282e+38	4294967295	4294967295	4294967295	4294967295	4294967295	0	4294967295	
510	6211207	367.04	-7.22	72.3	0	0	1	4	1	300	1	6	3	1	4294967295	3.40282e+38	0	3.40282e+38	4294967295	4294967295	4294967295	4294967295	4294967295	0	4294967295	
511	6211207	357.58	-8.28	86.26	0	0	1	4	1	300	1	6	3	1	4294967295	3.40282e+38	0	3.40282e+38	4294967295	4294967295	4294967295	4294967295	4294967295	0	4294967295	
512	6211207	355.03	-8.49	77.99	0	0	1	4	1	300	1	6	3	1	4294967295	3.40282e+38	0	3.40282e+38	4294967295	4294967295	4294967295	4294967295	4294967295	0	4294967295	
513	6211207	348.89	-6.33	66.94	0	0	1	4	1	300	1	6	3	1	4294967295	3.40282e+38	0	3.40282e+38	4294967295	4294967295	4294967295	4294967295	4294967295	0	4294967295	
514	7251119	321.9	-8.75	92.63	0	0	1	1	1	300	2	1	1	1	37	3.40282e+38	0	3.40282e+38	4294967295	4294967295	4294967295	4294967295	4294967295	0	4294967295	
515	6014119	263.99	-18.6	123.99	0	0	1	1	1	300	0	1	1	1	4294967295	3.40282e+38	0	3.40282e+38	4294967295	4294967295	4294967295	4294967295	4294967295	0	4294967295	
516	6014119	256.22	-6.66	85.91	0	0	1	1	1	300	1	3	2	1	4294967295	3.40282e+38	0	3.40282e+38	4294967295	4294967295	4294967295	4294967295	4294967295	0	4294967295	
517	1759106	374.88	-6.12	72.14	0	0	1	1	1	360	0	1	1	1	4294967295	3.40282e+38	0	3.40282e+38	4294967295	4294967295	4294967295	4294967295	4294967295	0	4294967295	
518	2531104	-84.14	-105.95	454.58	0.907959	0	-0.419058	1	1	300	0	1	1	1	4294967295	3.40282e+38	0	3.40282e+38	4294967295	4294967295	4294967295	4294967295	4294967295	0	4294967295	
519	2531104	-47.44	-79.42	304.03	0.340136	0	0.940376	1	1	300	0	1	1	1	4294967295	3.40282e+38	0	3.40282e+38	4294967295	4294967295	4294967295	4294967295	4294967295	0	4294967295	
520	4652301	-84.49	-105.72	443.36	0	0	1	3	1	300	1	5	3	1	4294967295	3.40282e+38	0	3.40282e+38	4294967295	4294967295	4294967295	4294967295	4294967295	0	4294967295	
521	4652301	-95.67	-105.29	451.87	0	0	1	3	1	300	1	5	3	1	4294967295	3.40282e+38	0	3.40282e+38	4294967295	4294967295	4294967295	4294967295	4294967295	0	4294967295	
522	4652301	-63.8	-103.37	451.99	0	0	1	3	1	300	1	5	3	1	4294967295	3.40282e+38	0	3.40282e+38	4294967295	4294967295	4294967295	4294967295	4294967295	0	4294967295	
523	4652301	-85.62	-105.28	464.86	0	0	1	3	1	300	1	5	3	1	4294967295	3.40282e+38	0	3.40282e+38	4294967295	4294967295	4294967295	4294967295	4294967295	0	4294967295	
524	4652301	-75.6	-104.27	461.75	0	0	1	3	1	300	1	5	3	1	4294967295	3.40282e+38	0	3.40282e+38	4294967295	4294967295	4294967295	4294967295	4294967295	0	4294967295	
525	4652301	-77.23	-105.44	452.09	0	0	1	3	1	300	1	5	3	1	4294967295	3.40282e+38	0	3.40282e+38	4294967295	4294967295	4294967295	4294967295	4294967295	0	4294967295	
526	4652301	-74.16	-104.42	440.81	0	0	1	3	1	300	1	5	3	1	4294967295	3.40282e+38	0	3.40282e+38	4294967295	4294967295	4294967295	4294967295	4294967295	0	4294967295	
527	4261207	-60.73	-79.23	312.59	0	0	1	3	1	300	1	5	3	1	4294967295	3.40282e+38	0	3.40282e+38	4294967295	4294967295	4294967295	4294967295	4294967295	0	4294967295	
528	4261207	-48.09	-80.38	310.23	0	0	1	3	1	300	1	5	3	1	4294967295	3.40282e+38	0	3.40282e+38	4294967295	4294967295	4294967295	4294967295	4294967295	0	4294967295	
529	4261207	-35.39	-87.39	340.28	0	0	1	3	1	300	1	5	3	1	4294967295	3.40282e+38	0	3.40282e+38	4294967295	4294967295	4294967295	4294967295	4294967295	0	4294967295	
530	4261207	-42.53	-84.27	328.16	0	0	1	3	1	300	1	5	3	1	4294967295	3.40282e+38	0	3.40282e+38	4294967295	4294967295	4294967295	4294967295	4294967295	0	4294967295	
531	4261207	-40.12	-80.7	311	0	0	1	3	1	300	1	5	3	1	4294967295	3.40282e+38	0	3.40282e+38	4294967295	4294967295	4294967295	4294967295	4294967295	0	4294967295	
532	4261207	-38.8	-78.77	297.16	0	0	1	3	1	300	1	5	3	1	4294967295	3.40282e+38	0	3.40282e+38	4294967295	4294967295	4294967295	4294967295	4294967295	0	4294967295	
533	4261207	-58.15	-79.16	301.8	0	0	1	3	1	300	1	5	3	1	4294967295	3.40282e+38	0	3.40282e+38	4294967295	4294967295	4294967295	4294967295	4294967295	0	4294967295	
534	4261207	-50.92	-78.58	293.44	0	0	1	3	1	300	1	5	3	1	4294967295	3.40282e+38	0	3.40282e+38	4294967295	4294967295	4294967295	4294967295	4294967295	0	4294967295	
535	4611110	-150.11	-60.13	262.42	0.990149	0	0.140021	1	1	300	2	1	1	1	41	3.40282e+38	0	3.40282e+38	4294967295	4294967295	4294967295	4294967295	4294967295	0	4294967295	
536	4654107	-157.12	-60	305.47	0	0	1	3	1	300	1	6	3	1	4294967295	3.40282e+38	0	3.40282e+38	4294967295	4294967295	4294967295	4294967295	41	0	4294967295	
537	6212210	-138.14	-59.41	291.44	0	0	1	3	1	300	1	6	3	1	4294967295	3.40282e+38	0	3.40282e+38	4294967295	4294967295	4294967295	4294967295	49	0	4294967295	
538	4654107	-155.88	-60.01	285.54	0	0	1	3	1	300	1	6	3	1	4294967295	3.40282e+38	0	3.40282e+38	4294967295	4294967295	4294967295	4294967295	40	0	4294967295	
539	6212210	-160.96	-60	299.87	0	0	1	3	1	300	1	6	3	1	4294967295	3.40282e+38	0	3.40282e+38	4294967295	4294967295	4294967295	4294967295	41	0	4294967295	
540	4654107	-141.73	-59.79	299.88	0	0	1	3	1	300	1	6	3	1	4294967295	3.40282e+38	0	3.40282e+38	4294967295	4294967295	4294967295	4294967295	49	0	4294967295	
541	6212210	-150.61	-60	306.27	0	0	1	3	1	300	1	6	3	1	4294967295	3.40282e+38	0	3.40282e+38	4294967295	4294967295	4294967295	4294967295	41	0	4294967295	
542	6212210	-163.61	-60	288.35	0	0	1	3	1	300	1	6	3	1	4294967295	3.40282e+38	0	3.40282e+38	4294967295	4294967295	4294967295	4294967295	40	0	4294967295	
543	4652301	-0.04	-99	473.92	0	0	1	4	1	300	1	10	5	1	4294967295	3.40282e+38	0	3.40282e+38	4294967295	4294967295	4294967295	4294967295	4294967295	0	4294967295	
544	4652113	-149.3	-60	293.3	0	0	1	1	1	300	1	12	8	1	4294967295	3.40282e+38	0	3.40282e+38	4294967295	4294967295	4294967295	4294967295	4294967295	0	4294967295	
545	1755201	-136.12	-59.43	285.92	0	0	1	1	1	360	0	1	1	1	4294967295	3.40282e+38	0	3.40282e+38	4294967295	4294967295	4294967295	4294967295	4294967295	0	4294967295	
546	1754125	-41.84	-78.55	283.03	0	0	1	1	1	360	0	1	1	1	4294967295	3.40282e+38	0	3.40282e+38	4294967295	4294967295	4294967295	4294967295	4294967295	0	4294967295	
547	1754202	-99.87	-103.87	471.13	0	0	1	1	1	360	0	1	1	1	4294967295	3.40282e+38	0	3.40282e+38	4294967295	4294967295	4294967295	4294967295	4294967295	0	4294967295	
548	7772104	244.62	-70.11	279.54	-0.950666	0	-0.310217	1	1	300	0	1	1	1	4294967295	3.40282e+38	0	3.40282e+38	4294967295	4294967295	4294967295	4294967295	4294967295	0	4294967295	
549	7772104	231.19	-71.66	272.9	-0.950666	0	-0.310217	1	1	300	0	1	1	1	4294967295	3.40282e+38	0	3.40282e+38	4294967295	4294967295	4294967295	4294967295	4294967295	0	4294967295	
550	7772104	228.74	-71.96	278.45	-0.950666	0	-0.310217	1	1	300	0	1	1	1	4294967295	3.40282e+38	0	3.40282e+38	4294967295	4294967295	4294967295	4294967295	4294967295	0	4294967295	
551	2531104	80.66	-94.4	501.79	-0.45122	0	0.892413	1	1	300	0	1	1	1	4294967295	3.40282e+38	0	3.40282e+38	4294967295	4294967295	4294967295	4294967295	4294967295	0	4294967295	
552	7251107	81	-94.6	503.98	0.0499376	0	-0.998752	3	1	300	0	1	1	1	4294967295	0	0	0	4294967295	4294967295	4294967295	4294967295	33	1	4294967295	
553	6012231	75.61	-93.86	506.5	0.24018	0	-0.970728	1	1	300	1	4	3	1	4294967295	5.4	0	2.51	4294967295	4294967295	4294967295	4294967295	33	0	4294967295	
554	6012231	83.35	-94.89	509.04	0.24018	0	-0.970728	1	1	300	1	4	3	1	4294967295	2.34	0	5.06	4294967295	4294967295	4294967295	4294967295	33	0	4294967295	
555	6012231	221.5	-100.24	507.43	0	0	1	3	1	300	1	5	3	1	4294967295	3.40282e+38	0	3.40282e+38	4294967295	4294967295	4294967295	4294967295	4294967295	0	4294967295	
556	6012231	207.95	-101.05	511.99	-0.0896377	0	-0.995974	3	1	300	1	5	3	1	4294967295	3.40282e+38	0	3.40282e+38	4294967295	4294967295	4294967295	4294967295	4294967295	0	4294967295	
557	4261207	107.98	-100.06	472.14	0	0	1	4	1	300	1	8	4	1	4294967295	3.40282e+38	0	3.40282e+38	4294967295	4294967295	4294967295	4294967295	4294967295	0	4294967295	
558	4261207	126.04	-100	446.11	0	0	1	4	1	300	1	8	4	1	4294967295	3.40282e+38	0	3.40282e+38	4294967295	4294967295	4294967295	4294967295	4294967295	0	4294967295	
559	4261207	128.9	-99	428.32	0	0	1	4	1	300	1	8	4	1	4294967295	3.40282e+38	0	3.40282e+38	4294967295	4294967295	4294967295	4294967295	4294967295	0	4294967295	
560	4261207	79.21	-97.5	446.12	0	0	1	4	1	300	1	6	3	1	4294967295	3.40282e+38	0	3.40282e+38	4294967295	4294967295	4294967295	4294967295	4294967295	0	4294967295	
561	4261207	70	-99	466.15	0	0	1	4	1	300	1	6	3	1	4294967295	3.40282e+38	0	3.40282e+38	4294967295	4294967295	4294967295	4294967295	4294967295	0	4294967295	
562	4262301	38.78	-98.6	485.43	0	0	1	4	1	300	1	10	5	1	4294967295	3.40282e+38	0	3.40282e+38	4294967295	4294967295	4294967295	4294967295	4294967295	0	4294967295	
563	4262301	91.01	-97.68	460.72	0	0	1	4	1	300	1	6	3	1	4294967295	3.40282e+38	0	3.40282e+38	4294967295	4294967295	4294967295	4294967295	4294967295	0	4294967295	
564	4262301	18.11	-98.04	484.32	0	0	1	4	1	300	1	10	5	1	4294967295	3.40282e+38	0	3.40282e+38	4294967295	4294967295	4294967295	4294967295	4294967295	0	4294967295	
565	4262301	11.6	-98.11	406.6	0.875578	0	-0.483077	4	1	300	1	4	3	1	4294967295	3.40282e+38	0	3.40282e+38	4294967295	4294967295	4294967295	4294967295	4294967295	0	4294967295	
566	4262301	52.66	-104.14	389.79	0	0	1	3	1	300	1	6	3	1	4294967295	3.40282e+38	0	3.40282e+38	4294967295	4294967295	4294967295	4294967295	4294967295	0	4294967295	
567	4262301	137.99	-100.15	468.78	0	0	1	4	1	300	1	8	4	1	4294967295	3.40282e+38	0	3.40282e+38	4294967295	4294967295	4294967295	4294967295	4294967295	0	4294967295	
568	4652301	29.72	-99.13	500.37	0	0	1	4	1	300	1	10	5	1	4294967295	3.40282e+38	0	3.40282e+38	4294967295	4294967295	4294967295	4294967295	4294967295	0	4294967295	
569	4652301	60.7	-98.92	435.2	0	0	1	4	1	300	1	6	3	1	4294967295	3.40282e+38	0	3.40282e+38	4294967295	4294967295	4294967295	4294967295	4294967295	0	4294967295	
570	4652301	115.59	-100.17	459.72	0	0	1	4	1	300	1	8	4	1	4294967295	3.40282e+38	0	3.40282e+38	4294967295	4294967295	4294967295	4294967295	4294967295	0	4294967295	
571	4652301	67.71	-105.31	388	0	0	1	3	1	300	1	6	3	1	4294967295	3.40282e+38	0	3.40282e+38	4294967295	4294967295	4294967295	4294967295	4294967295	0	4294967295	
572	4652301	3.09	-98.73	395.84	0.995974	0	0.0896377	4	1	300	1	4	3	1	4294967295	3.40282e+38	0	3.40282e+38	4294967295	4294967295	4294967295	4294967295	4294967295	0	4294967295	
573	4652301	145.87	-99.04	449.12	0	0	1	4	1	300	1	8	4	1	4294967295	3.40282e+38	0	3.40282e+38	4294967295	4294967295	4294967295	4294967295	4294967295	0	4294967295	
574	6011310	88.12	-107.46	392.9	0	0	1	1	1	300	2	1	1	1	49	3.40282e+38	0	3.40282e+38	4294967295	4294967295	4294967295	4294967295	4294967295	0	4294967295	
575	6011310	105.48	-99.7	489.83	0	0	1	1	1	300	2	1	1	1	47	3.40282e+38	0	3.40282e+38	4294967295	4294967295	4294967295	4294967295	4294967295	0	4294967295	
576	6011310	137.11	-98.68	412.92	0	0	1	1	1	300	2	1	1	1	48	3.40282e+38	0	3.40282e+38	4294967295	4294967295	4294967295	4294967295	4294967295	0	4294967295	
577	6011310	152.86	-96.46	338.64	0	0	1	4	2	300	2	4	1	1	46	3.40282e+38	0	3.40282e+38	4294967295	4294967295	4294967295	4294967295	4294967295	0	4294967295	
578	6011310	120.05	-106.16	391.66	0.639202	0	-0.769039	1	1	300	0	1	1	1	4294967295	3.40282e+38	0	3.40282e+38	4294967295	4294967295	4294967295	4294967295	4294967295	0	4294967295	
579	6011310	111.37	-105.9	381.95	0.639202	0	-0.769039	1	1	300	0	1	1	1	4294967295	3.40282e+38	0	3.40282e+38	4294967295	4294967295	4294967295	4294967295	4294967295	0	4294967295	
580	6011310	4.79	-98.94	423.22	0	0	1	1	1	300	2	1	1	1	50	3.40282e+38	0	3.40282e+38	4294967295	4294967295	4294967295	4294967295	4294967295	0	4294967295	
581	7772104	257.8	-68.93	283.08	-0.950666	0	-0.310217	1	1	300	0	1	1	1	4294967295	3.40282e+38	0	3.40282e+38	4294967295	4294967295	4294967295	4294967295	4294967295	0	4294967295	
582	7772104	256.71	-68.81	288.31	-0.950666	0	-0.310217	1	1	300	0	1	1	1	4294967295	3.40282e+38	0	3.40282e+38	4294967295	4294967295	4294967295	4294967295	4294967295	0	4294967295	
583	2531104	215.29	-100.91	517.01	0.170917	0	-0.985286	1	1	300	0	1	1	1	4294967295	3.40282e+38	0	3.40282e+38	4294967295	4294967295	4294967295	4294967295	4294967295	0	4294967295	
584	2531104	116.98	-99	598.31	-0.340136	0	-0.940376	1	1	300	0	1	1	1	4294967295	3.40282e+38	0	3.40282e+38	4294967295	4294967295	4294967295	4294967295	4294967295	0	4294967295	
585	6012231	207.04	-99.01	531.21	-0.120331	0	-0.992734	3	1	300	1	6	3	1	4294967295	3.40282e+38	0	3.40282e+38	4294967295	4294967295	4294967295	4294967295	4294967295	0	4294967295	
586	6012231	217.58	-99.66	526.68	0	0	1	3	1	300	1	6	3	1	4294967295	3.40282e+38	0	3.40282e+38	4294967295	4294967295	4294967295	4294967295	4294967295	0	4294967295	
587	6012231	222.61	-100.06	518.52	0	0	1	3	1	300	1	6	3	1	4294967295	3.40282e+38	0	3.40282e+38	4294967295	4294967295	4294967295	4294967295	4294967295	0	4294967295	
588	4262301	121.41	-99	607.86	0	0	1	4	1	300	1	6	3	1	4294967295	3.40282e+38	0	3.40282e+38	4294967295	4294967295	4294967295	4294967295	4294967295	0	4294967295	
589	4262301	111.55	-99	605.62	0	0	1	4	1	300	1	6	3	1	4294967295	3.40282e+38	0	3.40282e+38	4294967295	4294967295	4294967295	4294967295	4294967295	0	4294967295	
590	4262301	111.05	-99	586.49	0	0	1	4	1	300	1	6	3	1	4294967295	3.40282e+38	0	3.40282e+38	4294967295	4294967295	4294967295	4294967295	4294967295	0	4294967295	
591	4262301	118.68	-99	589.81	0	0	1	4	1	300	1	6	3	1	4294967295	3.40282e+38	0	3.40282e+38	4294967295	4294967295	4294967295	4294967295	4294967295	0	4294967295	
592	4262301	110.02	-99	597.61	0	0	1	4	1	300	1	6	3	1	4294967295	3.40282e+38	0	3.40282e+38	4294967295	4294967295	4294967295	4294967295	4294967295	0	4294967295	
593	4262301	124.13	-99	597.86	0	0	1	4	1	300	1	6	3	1	4294967295	3.40282e+38	0	3.40282e+38	4294967295	4294967295	4294967295	4294967295	4294967295	0	4294967295	
594	4262301	108.22	-98.95	579.29	0	0	1	4	1	300	1	4	3	1	4294967295	3.40282e+38	0	3.40282e+38	4294967295	4294967295	4294967295	4294967295	4294967295	0	4294967295	
595	6012231	99.37	-99.69	540.38	-0.0299865	0	-0.99955	1	1	300	0	1	1	1	4294967295	3.40282e+38	0	3.40282e+38	4294967295	4294967295	4294967295	4294967295	4294967295	0	4294967295	
596	6012231	90.3	-99.75	532.13	-0.540758	0	-0.841178	1	1	300	0	1	1	1	4294967295	3.40282e+38	0	3.40282e+38	4294967295	4294967295	4294967295	4294967295	4294967295	0	4294967295	
597	6011310	29.02	-98.14	514.4	0.471108	0	-0.882075	1	1	300	2	1	1	1	45	3.40282e+38	0	3.40282e+38	4294967295	4294967295	4294967295	4294967295	4294967295	0	4294967295	
598	1754125	132.75	-99	605.83	0	0	1	1	1	360	0	1	1	1	4294967295	3.40282e+38	0	3.40282e+38	4294967295	4294967295	4294967295	4294967295	4294967295	0	4294967295	
599	1754202	208.85	-97.43	542.61	0	0	1	1	1	360	0	1	1	1	4294967295	3.40282e+38	0	3.40282e+38	4294967295	4294967295	4294967295	4294967295	4294967295	0	4294967295	
