1	100053	4194304	792.79	44.02	-666.35	800.52	52.02	-664.28	796.66	44.02	-665.31	0.258902	0	0.965904	0	0	1	PORTAL_COLLISION	5.6577	0	4294967295	4294967295	3	65535	65535	255	4294967295	4294967295	1	255	255	255	255	255	255	255	255	255	255	255	255	255	255	255	255	255	255	255	255	255	255	255	255	255	255	255	255	255	255	255	255	255	255	255	255	255	255	255	255	255	255	255	255	255	255	255	255	255	255	255	255	255	255	255	255	255	255	255	255	255	255	255	255	255	255	255	255	255	255	255	255	255	255	255	255	255	255	255	255	255	255	255	255	255	255	255	255	255	255	255	255	255	255	255	255	255	255	255											
4	4294967295	0	721.77	34.44	-835.18	743.49	69.22	-820.38	732.69	34.47	-827.67	-0.50262	0	-0.864507	1	0	1	UD6_T_BRIDGE_GATE_001	21.797	1	4294967295	4294967295	3	65535	65535	255	4294967295	4294967295	1	255	255	255	255	255	255	255	255	255	2	3	255	255	255	255	255	255	255	255	3	255	255	255	255	255	255	255	255	255	4	1	255	255	255	255	255	255	255	255	255	255	255	255	255	255	255	255	255	255	255	255	255	255	255	255	255	255	255	255	255	255	255	255	255	255	255	255	255	255	255	255	255	255	255	255	255	255	255	255	255	255	255	255	255	255	255	255	255	255	255	255	255	255	255	255	255	255	255	255											
5	4294967295	0	721.69	34.36	-719.52	743.46	69.14	-704.81	732.64	34.39	-712.28	-0.498284	0	0.867014	1	0	1	UD6_T_BRIDGE_GATE_001	21.7943	2	4294967295	4294967295	3	65535	65535	255	4294967295	4294967295	1	255	255	255	255	255	255	255	255	255	2	3	255	255	255	255	255	255	255	255	3	255	255	255	255	255	255	255	255	255	4	1	255	255	255	255	255	255	255	255	255	255	255	255	255	255	255	255	255	255	255	255	255	255	255	255	255	255	255	255	255	255	255	255	255	255	255	255	255	255	255	255	255	255	255	255	255	255	255	255	255	255	255	255	255	255	255	255	255	255	255	255	255	255	255	255	255	255	255	255											
7	4294967295	0	830.9	34.4	-781.43	834.78	69.18	-758.43	832.71	34.43	-769.93	0.99995	0	-0.0099995	1	0	1	UD6_T_BRIDGE_GATE_001	20.9386	3	4294967295	4294967295	3	65535	65535	255	4294967295	4294967295	1	255	255	255	255	255	255	255	255	255	2	3	255	255	255	255	255	255	255	255	3	255	255	255	255	255	255	255	255	255	4	1	255	255	255	255	255	255	255	255	255	255	255	255	255	255	255	255	255	255	255	255	255	255	255	255	255	255	255	255	255	255	255	255	255	255	255	255	255	255	255	255	255	255	255	255	255	255	255	255	255	255	255	255	255	255	255	255	255	255	255	255	255	255	255	255	255	255	255	255											
9	4294967295	0	-818.85	89.29	816.95	-809.91	98.5	820.39	-814.38	89.34	818.66	0.100499	0	0.994937	0	0	1	UD6_T_PORTAL_GATE_001	6.6442	4	4294967295	4294967295	3	65535	65535	255	4294967295	4294967295	2	255	255	255	255	255	255	255	255	255	1	255	255	255	255	255	255	255	255	255	255	255	255	255	255	255	255	255	255	255	255	255	255	255	255	255	255	255	255	255	255	255	255	255	255	255	255	255	255	255	255	255	255	255	255	255	255	255	255	255	255	255	255	255	255	255	255	255	255	255	255	255	255	255	255	255	255	255	255	255	255	255	255	255	255	255	255	255	255	255	255	255	255	255	255	255	255	255	255	255											
10	4294967295	0	-835.69	88.8	763.79	-830.98	91.58	768.49	-833.31	88.8	766.14	0.660628	0	0.750713	1	0	1	UD6_C_F2_GATE_001	3.60565	5	4294967295	4294967295	3	65535	65535	255	4294967295	4294967295	1	255	255	255	255	255	255	255	255	255	2	3	255	255	255	255	255	255	255	255	3	255	255	255	255	255	255	255	255	255	4	1	255	255	255	255	255	255	255	255	255	255	255	255	255	255	255	255	255	255	255	255	255	255	255	255	255	255	255	255	255	255	255	255	255	255	255	255	255	255	255	255	255	255	255	255	255	255	255	255	255	255	255	255	255	255	255	255	255	255	255	255	255	255	255	255	255	255	255	255											
11	4294967295	0	-871.57	85.42	770.06	-866.26	88.76	775.39	-868.92	85.42	772.75	-0.907959	0	0.419058	1	0	1	UD6_C_F2_GATE_001	4.11585	6	4294967295	4294967295	3	65535	65535	255	4294967295	4294967295	1	255	255	255	255	255	255	255	255	255	2	3	255	255	255	255	255	255	255	255	3	255	255	255	255	255	255	255	255	255	4	1	255	255	255	255	255	255	255	255	255	255	255	255	255	255	255	255	255	255	255	255	255	255	255	255	255	255	255	255	255	255	255	255	255	255	255	255	255	255	255	255	255	255	255	255	255	255	255	255	255	255	255	255	255	255	255	255	255	255	255	255	255	255	255	255	255	255	255	255											
12	4294967295	0	-887.04	82.2	783.39	-883.63	84.87	786.77	-885.32	82.2	785.09	0.019996	0	0.9998	1	0	1	UD6_C_F2_GATE_001	2.74687	7	4294967295	4294967295	3	65535	65535	255	4294967295	4294967295	1	255	255	255	255	255	255	255	255	255	2	3	255	255	255	255	255	255	255	255	3	255	255	255	255	255	255	255	255	255	4	1	255	255	255	255	255	255	255	255	255	255	255	255	255	255	255	255	255	255	255	255	255	255	255	255	255	255	255	255	255	255	255	255	255	255	255	255	255	255	255	255	255	255	255	255	255	255	255	255	255	255	255	255	255	255	255	255	255	255	255	255	255	255	255	255	255	255	255	255											
13	4294967295	0	-917.91	79.2	723.33	-913.67	81.7	727.57	-915.79	79.2	725.46	-0.741298	0	0.671176	1	0	1	UD6_C_F2_GATE_001	3.24827	8	4294967295	4294967295	3	65535	65535	255	4294967295	4294967295	1	255	255	255	255	255	255	255	255	255	2	3	255	255	255	255	255	255	255	255	3	255	255	255	255	255	255	255	255	255	4	1	255	255	255	255	255	255	255	255	255	255	255	255	255	255	255	255	255	255	255	255	255	255	255	255	255	255	255	255	255	255	255	255	255	255	255	255	255	255	255	255	255	255	255	255	255	255	255	255	255	255	255	255	255	255	255	255	255	255	255	255	255	255	255	255	255	255	255	255											
14	4294967295	0	-896.36	79.4	713.72	-893.96	81.73	716.01	-895.09	79.4	714.88	0.24018	0	-0.970728	1	0	1	UD6_T_F1_SWITCH_001	2.02688	9	4294967295	4294967295	3	65535	65535	255	4294967295	4294967295	3	255	255	255	255	255	255	255	255	255	4	1	255	255	255	255	255	255	255	255	1	255	255	255	255	255	255	255	255	255	2	3	255	255	255	255	255	255	255	255	255	255	255	255	255	255	255	255	255	255	255	255	255	255	255	255	255	255	255	255	255	255	255	255	255	255	255	255	255	255	255	255	255	255	255	255	255	255	255	255	255	255	255	255	255	255	255	255	255	255	255	255	255	255	255	255	255	255	255	255											
15	4294967295	0	-897.86	79.32	719.52	-895.46	81.65	721.81	-896.58	79.32	720.68	0.24018	0	-0.970728	1	0	1	UD6_T_F1_SWITCH_001	2.02687	10	4294967295	4294967295	3	65535	65535	255	4294967295	4294967295	3	255	255	255	255	255	255	255	255	255	4	1	255	255	255	255	255	255	255	255	1	255	255	255	255	255	255	255	255	255	2	3	255	255	255	255	255	255	255	255	255	255	255	255	255	255	255	255	255	255	255	255	255	255	255	255	255	255	255	255	255	255	255	255	255	255	255	255	255	255	255	255	255	255	255	255	255	255	255	255	255	255	255	255	255	255	255	255	255	255	255	255	255	255	255	255	255	255	255	255											
16	4294967295	0	-885.17	82.3	716.52	-882.74	84.63	718.85	-884.03	82.3	717.66	-0.270746	0	0.962651	1	0	1	UD6_T_F1_SWITCH_001	2.0471	11	4294967295	4294967295	3	65535	65535	255	4294967295	4294967295	3	255	255	255	255	255	255	255	255	255	4	1	255	255	255	255	255	255	255	255	1	255	255	255	255	255	255	255	255	255	2	3	255	255	255	255	255	255	255	255	255	255	255	255	255	255	255	255	255	255	255	255	255	255	255	255	255	255	255	255	255	255	255	255	255	255	255	255	255	255	255	255	255	255	255	255	255	255	255	255	255	255	255	255	255	255	255	255	255	255	255	255	255	255	255	255	255	255	255	255											
17	4294967295	0	-886.83	82.1	722.29	-884.44	84.43	724.57	-885.71	82.1	723.41	-0.24018	0	0.970728	1	0	1	UD6_T_F1_SWITCH_001	2.02111	12	4294967295	4294967295	3	65535	65535	255	4294967295	4294967295	3	255	255	255	255	255	255	255	255	255	4	1	255	255	255	255	255	255	255	255	1	255	255	255	255	255	255	255	255	255	2	3	255	255	255	255	255	255	255	255	255	255	255	255	255	255	255	255	255	255	255	255	255	255	255	255	255	255	255	255	255	255	255	255	255	255	255	255	255	255	255	255	255	255	255	255	255	255	255	255	255	255	255	255	255	255	255	255	255	255	255	255	255	255	255	255	255	255	255	255											
18	4294967295	0	-888.55	82.17	717.84	-883.87	85.01	722.51	-886.19	82.17	720.18	0.521856	0	0.853034	1	0	1	UD6_C_F2_GATE_001	3.5978	13	4294967295	4294967295	3	65535	65535	255	4294967295	4294967295	1	255	255	255	255	255	255	255	255	255	2	3	255	255	255	255	255	255	255	255	3	255	255	255	255	255	255	255	255	255	4	1	255	255	255	255	255	255	255	255	255	255	255	255	255	255	255	255	255	255	255	255	255	255	255	255	255	255	255	255	255	255	255	255	255	255	255	255	255	255	255	255	255	255	255	255	255	255	255	255	255	255	255	255	255	255	255	255	255	255	255	255	255	255	255	255	255	255	255	255											
19	4294967295	0	-857.77	84.96	701.39	-853.93	87.63	705.28	-855.86	84.96	703.35	-0.998205	0	0.0598923	1	0	1	UD6_C_F2_GATE_001	3.04167	14	4294967295	4294967295	3	65535	65535	255	4294967295	4294967295	1	255	255	255	255	255	255	255	255	255	2	3	255	255	255	255	255	255	255	255	3	255	255	255	255	255	255	255	255	255	4	1	255	255	255	255	255	255	255	255	255	255	255	255	255	255	255	255	255	255	255	255	255	255	255	255	255	255	255	255	255	255	255	255	255	255	255	255	255	255	255	255	255	255	255	255	255	255	255	255	255	255	255	255	255	255	255	255	255	255	255	255	255	255	255	255	255	255	255	255											
20	4294967295	0	-842.99	94	706.96	-839.02	96.67	710.9	-841.02	94	708.91	0.270746	0	-0.962651	1	0	1	UD6_C_F2_GATE_001	3.09892	15	4294967295	4294967295	3	65535	65535	255	4294967295	4294967295	1	255	255	255	255	255	255	255	255	255	2	3	255	255	255	255	255	255	255	255	3	255	255	255	255	255	255	255	255	255	4	1	255	255	255	255	255	255	255	255	255	255	255	255	255	255	255	255	255	255	255	255	255	255	255	255	255	255	255	255	255	255	255	255	255	255	255	255	255	255	255	255	255	255	255	255	255	255	255	255	255	255	255	255	255	255	255	255	255	255	255	255	255	255	255	255	255	255	255	255											
21	4294967295	0	-811.25	94.04	723.49	-808.44	95.71	726.3	-809.83	94.04	724.89	0.791505	0	0.611162	1	0	1	UD6_C_F2_GATE_001	2.15529	16	4294967295	4294967295	3	65535	65535	255	4294967295	4294967295	1	255	255	255	255	255	255	255	255	255	2	3	255	255	255	255	255	255	255	255	3	255	255	255	255	255	255	255	255	255	4	1	255	255	255	255	255	255	255	255	255	255	255	255	255	255	255	255	255	255	255	255	255	255	255	255	255	255	255	255	255	255	255	255	255	255	255	255	255	255	255	255	255	255	255	255	255	255	255	255	255	255	255	255	255	255	255	255	255	255	255	255	255	255	255	255	255	255	255	255											
22	4294967295	0	-784.21	88.37	701.18	-780.15	91.04	705.21	-782.17	88.37	703.21	-0.310217	0	0.950666	1	0	1	UD6_C_F2_GATE_001	3.15649	17	4294967295	4294967295	3	65535	65535	255	4294967295	4294967295	1	255	255	255	255	255	255	255	255	255	2	3	255	255	255	255	255	255	255	255	3	255	255	255	255	255	255	255	255	255	4	1	255	255	255	255	255	255	255	255	255	255	255	255	255	255	255	255	255	255	255	255	255	255	255	255	255	255	255	255	255	255	255	255	255	255	255	255	255	255	255	255	255	255	255	255	255	255	255	255	255	255	255	255	255	255	255	255	255	255	255	255	255	255	255	255	255	255	255	255											
23	4294967295	0	-817.92	89.05	689.44	-813.74	91.72	693.59	-815.85	89.05	691.51	-0.369667	0	-0.929164	1	0	1	UD6_C_F2_GATE_001	3.23357	18	4294967295	4294967295	3	65535	65535	255	4294967295	4294967295	1	255	255	255	255	255	255	255	255	255	2	3	255	255	255	255	255	255	255	255	3	255	255	255	255	255	255	255	255	255	4	1	255	255	255	255	255	255	255	255	255	255	255	255	255	255	255	255	255	255	255	255	255	255	255	255	255	255	255	255	255	255	255	255	255	255	255	255	255	255	255	255	255	255	255	255	255	255	255	255	255	255	255	255	255	255	255	255	255	255	255	255	255	255	255	255	255	255	255	255											
24	4294967295	0	-841.1	79.41	671.88	-839.05	81.74	674.06	-840.08	79.41	672.89	-0.995037	0	0.0995037	1	0	1	UD6_T_F1_SWITCH_001	1.89629	19	4294967295	4294967295	3	65535	65535	255	4294967295	4294967295	3	255	255	255	255	255	255	255	255	255	4	1	255	255	255	255	255	255	255	255	1	255	255	255	255	255	255	255	255	255	2	3	255	255	255	255	255	255	255	255	255	255	255	255	255	255	255	255	255	255	255	255	255	255	255	255	255	255	255	255	255	255	255	255	255	255	255	255	255	255	255	255	255	255	255	255	255	255	255	255	255	255	255	255	255	255	255	255	255	255	255	255	255	255	255	255	255	255	255	255											
25	4294967295	0	-833.13	79.4	671.18	-831.08	81.73	673.36	-832.11	79.4	672.2	-0.995037	0	0.0995037	1	0	1	UD6_T_F1_SWITCH_001	1.89629	20	4294967295	4294967295	3	65535	65535	255	4294967295	4294967295	3	255	255	255	255	255	255	255	255	255	4	1	255	255	255	255	255	255	255	255	1	255	255	255	255	255	255	255	255	255	2	3	255	255	255	255	255	255	255	255	255	255	255	255	255	255	255	255	255	255	255	255	255	255	255	255	255	255	255	255	255	255	255	255	255	255	255	255	255	255	255	255	255	255	255	255	255	255	255	255	255	255	255	255	255	255	255	255	255	255	255	255	255	255	255	255	255	255	255	255											
26	4294967295	0	-842.43	82.4	660.58	-840.38	84.73	662.76	-841.4	82.4	661.74	0.995037	0	-0.0995037	1	0	1	UD6_T_F1_SWITCH_001	1.89629	21	4294967295	4294967295	3	65535	65535	255	4294967295	4294967295	3	255	255	255	255	255	255	255	255	255	4	1	255	255	255	255	255	255	255	255	1	255	255	255	255	255	255	255	255	255	2	3	255	255	255	255	255	255	255	255	255	255	255	255	255	255	255	255	255	255	255	255	255	255	255	255	255	255	255	255	255	255	255	255	255	255	255	255	255	255	255	255	255	255	255	255	255	255	255	255	255	255	255	255	255	255	255	255	255	255	255	255	255	255	255	255	255	255	255	255											
27	4294967295	0	-834.46	82.46	659.72	-832.42	84.79	661.9	-833.43	82.46	660.89	0.995037	0	-0.0995037	1	0	1	UD6_T_F1_SWITCH_001	1.89363	22	4294967295	4294967295	3	65535	65535	255	4294967295	4294967295	3	255	255	255	255	255	255	255	255	255	4	1	255	255	255	255	255	255	255	255	1	255	255	255	255	255	255	255	255	255	2	3	255	255	255	255	255	255	255	255	255	255	255	255	255	255	255	255	255	255	255	255	255	255	255	255	255	255	255	255	255	255	255	255	255	255	255	255	255	255	255	255	255	255	255	255	255	255	255	255	255	255	255	255	255	255	255	255	255	255	255	255	255	255	255	255	255	255	255	255											
28	4294967295	0	-799.93	88.75	648.49	-795.61	91.53	652.79	-797.79	88.75	650.63	-0.360994	0	-0.932568	1	0	1	UD6_C_F2_GATE_001	3.34965	23	4294967295	4294967295	3	65535	65535	255	4294967295	4294967295	1	255	255	255	255	255	255	255	255	255	2	3	255	255	255	255	255	255	255	255	3	255	255	255	255	255	255	255	255	255	4	1	255	255	255	255	255	255	255	255	255	255	255	255	255	255	255	255	255	255	255	255	255	255	255	255	255	255	255	255	255	255	255	255	255	255	255	255	255	255	255	255	255	255	255	255	255	255	255	255	255	255	255	255	255	255	255	255	255	255	255	255	255	255	255	255	255	255	255	255											
29	4294967295	0	-759.92	88.24	688.88	-755.78	90.91	693	-757.84	88.24	690.95	-0.360994	0	0.932568	1	0	1	UD6_C_F2_GATE_001	3.21102	24	4294967295	4294967295	3	65535	65535	255	4294967295	4294967295	1	255	255	255	255	255	255	255	255	255	2	3	255	255	255	255	255	255	255	255	3	255	255	255	255	255	255	255	255	255	4	1	255	255	255	255	255	255	255	255	255	255	255	255	255	255	255	255	255	255	255	255	255	255	255	255	255	255	255	255	255	255	255	255	255	255	255	255	255	255	255	255	255	255	255	255	255	255	255	255	255	255	255	255	255	255	255	255	255	255	255	255	255	255	255	255	255	255	255	255											
30	4294967295	0	-753.73	88.24	744.41	-749.31	90.91	748.84	-751.52	88.24	746.61	0.836619	0	-0.547786	1	0	1	UD6_C_F2_GATE_001	3.40186	25	4294967295	4294967295	3	65535	65535	255	4294967295	4294967295	1	255	255	255	255	255	255	255	255	255	2	3	255	255	255	255	255	255	255	255	3	255	255	255	255	255	255	255	255	255	4	1	255	255	255	255	255	255	255	255	255	255	255	255	255	255	255	255	255	255	255	255	255	255	255	255	255	255	255	255	255	255	255	255	255	255	255	255	255	255	255	255	255	255	255	255	255	255	255	255	255	255	255	255	255	255	255	255	255	255	255	255	255	255	255	255	255	255	255	255											
31	4294967295	0	-793.68	91.6	751.56	-789.39	94.27	755.83	-791.55	91.6	753.68	-0.180652	0	-0.983547	1	0	1	UD6_C_F2_GATE_001	3.30779	26	4294967295	4294967295	3	65535	65535	255	4294967295	4294967295	1	255	255	255	255	255	255	255	255	255	2	3	255	255	255	255	255	255	255	255	3	255	255	255	255	255	255	255	255	255	4	1	255	255	255	255	255	255	255	255	255	255	255	255	255	255	255	255	255	255	255	255	255	255	255	255	255	255	255	255	255	255	255	255	255	255	255	255	255	255	255	255	255	255	255	255	255	255	255	255	255	255	255	255	255	255	255	255	255	255	255	255	255	255	255	255	255	255	255	255											
32	4294967295	0	-760.91	88.42	786.78	-757.12	91.09	790.53	-759.03	88.42	788.64	-0.0299865	0	-0.99955	1	0	1	UD6_C_F2_GATE_001	2.98141	27	4294967295	4294967295	3	65535	65535	255	4294967295	4294967295	1	255	255	255	255	255	255	255	255	255	2	3	255	255	255	255	255	255	255	255	3	255	255	255	255	255	255	255	255	255	4	1	255	255	255	255	255	255	255	255	255	255	255	255	255	255	255	255	255	255	255	255	255	255	255	255	255	255	255	255	255	255	255	255	255	255	255	255	255	255	255	255	255	255	255	255	255	255	255	255	255	255	255	255	255	255	255	255	255	255	255	255	255	255	255	255	255	255	255	255											
33	4294967295	1	-674.97	124	853.27	-667.43	129.25	860.81	-670.4	124	856.24	-0.707107	0	-0.707107	1	0	1	UD6_T_F2_SWITCH_001	5.94275	28	4294967295	4294967295	3	65535	65535	255	4294967295	4294967295	3	255	255	255	255	255	255	255	255	255	4	1	255	255	255	255	255	255	255	255	1	255	255	255	255	255	255	255	255	255	2	3	255	255	255	255	255	255	255	255	255	255	255	255	255	255	255	255	255	255	255	255	255	255	255	255	255	255	255	255	255	255	255	255	255	255	255	255	255	255	255	255	255	255	255	255	255	255	255	255	255	255	255	255	255	255	255	255	255	255	255	255	255	255	255	255	255	255	255	255											
35	4294967295	0	-680.09	123.9	868.33	-673.38	129.46	874.96	-676.76	123.9	871.62	0	0	-1	1	0	1	UD6_C_F2_GATE_001	5.47483	29	4294967295	4294967295	3	65535	65535	255	4294967295	4294967295	1	255	255	255	255	255	255	255	255	255	2	3	255	255	255	255	255	255	255	255	3	255	255	255	255	255	255	255	255	255	4	1	255	255	255	255	255	255	255	255	255	255	255	255	255	255	255	255	255	255	255	255	255	255	255	255	255	255	255	255	255	255	255	255	255	255	255	255	255	255	255	255	255	255	255	255	255	255	255	255	255	255	255	255	255	255	255	255	255	255	255	255	255	255	255	255	255	255	255	255											
36	4294967295	0	-569.86	124	978.56	-563.15	129.56	985.19	-566.53	124	981.85	0	0	-1	1	0	1	UD6_C_F2_GATE_001	5.47481	30	4294967295	4294967295	3	65535	65535	255	4294967295	4294967295	1	255	255	255	255	255	255	255	255	255	2	3	255	255	255	255	255	255	255	255	3	255	255	255	255	255	255	255	255	255	4	1	255	255	255	255	255	255	255	255	255	255	255	255	255	255	255	255	255	255	255	255	255	255	255	255	255	255	255	255	255	255	255	255	255	255	255	255	255	255	255	255	255	255	255	255	255	255	255	255	255	255	255	255	255	255	255	255	255	255	255	255	255	255	255	255	255	255	255	255											
37	4294967295	0	-569.54	123.5	868.07	-562.91	129.06	874.78	-566.25	123.5	871.45	-1	0	0	1	0	1	UD6_C_F2_GATE_001	5.47483	31	4294967295	4294967295	3	65535	65535	255	4294967295	4294967295	1	255	255	255	255	255	255	255	255	255	2	3	255	255	255	255	255	255	255	255	3	255	255	255	255	255	255	255	255	255	4	1	255	255	255	255	255	255	255	255	255	255	255	255	255	255	255	255	255	255	255	255	255	255	255	255	255	255	255	255	255	255	255	255	255	255	255	255	255	255	255	255	255	255	255	255	255	255	255	255	255	255	255	255	255	255	255	255	255	255	255	255	255	255	255	255	255	255	255	255											
38	4294967295	0	-550.25	98	891.62	-545.13	111.07	900.78	-547.69	98	896.2	0	0	1	1	0	1	UD6_C_F2_GATE_002	8.38071	32	4294967295	4294967295	3	65535	65535	255	4294967295	4294967295	1	255	255	255	255	255	255	255	255	255	2	3	255	255	255	255	255	255	255	255	3	255	255	255	255	255	255	255	255	255	4	1	255	255	255	255	255	255	255	255	255	255	255	255	255	255	255	255	255	255	255	255	255	255	255	255	255	255	255	255	255	255	255	255	255	255	255	255	255	255	255	255	255	255	255	255	255	255	255	255	255	255	255	255	255	255	255	255	255	255	255	255	255	255	255	255	255	255	255	255											
39	4294967295	0	-595.47	98.1	998.1	-586.31	111.17	1003.22	-590.89	98.1	1000.66	1	0	0	1	0	1	UD6_C_F2_GATE_002	8.3807	33	4294967295	4294967295	3	65535	65535	255	4294967295	4294967295	1	255	255	255	255	255	255	255	255	255	2	3	255	255	255	255	255	255	255	255	3	255	255	255	255	255	255	255	255	255	4	1	255	255	255	255	255	255	255	255	255	255	255	255	255	255	255	255	255	255	255	255	255	255	255	255	255	255	255	255	255	255	255	255	255	255	255	255	255	255	255	255	255	255	255	255	255	255	255	255	255	255	255	255	255	255	255	255	255	255	255	255	255	255	255	255	255	255	255	255											
40	4294967295	0	-697.99	98	952.78	-692.87	111.07	961.94	-695.43	98	957.36	0	0	1	1	0	1	UD6_C_F2_GATE_002	8.3807	34	4294967295	4294967295	3	65535	65535	255	4294967295	4294967295	1	255	255	255	255	255	255	255	255	255	2	3	255	255	255	255	255	255	255	255	3	255	255	255	255	255	255	255	255	255	4	1	255	255	255	255	255	255	255	255	255	255	255	255	255	255	255	255	255	255	255	255	255	255	255	255	255	255	255	255	255	255	255	255	255	255	255	255	255	255	255	255	255	255	255	255	255	255	255	255	255	255	255	255	255	255	255	255	255	255	255	255	255	255	255	255	255	255	255	255											
41	4294967295	1	-687.02	97.53	899.08	-678.27	99.23	907.66	-682.64	97.98	903.37	-0.992734	0	-0.120331	0	0	1	UD6_T_KIRIGARBAGE_001	6.18604	35	4294967295	4294967295	3	65535	65535	255	4294967295	4294967295	1	255	255	255	255	255	255	255	255	255	255	255	255	255	255	255	255	255	255	255	255	255	255	255	255	255	255	255	255	255	255	255	255	255	255	255	255	255	255	255	255	255	255	255	255	255	255	255	255	255	255	255	255	255	255	255	255	255	255	255	255	255	255	255	255	255	255	255	255	255	255	255	255	255	255	255	255	255	255	255	255	255	255	255	255	255	255	255	255	255	255	255	255	255	255	255	255	255	255	255											
42	4294967295	1	-677.56	97.3	932.75	-662.95	99.95	947.59	-670.25	98	940.17	-0.24018	0	0.970728	0	0	1	UD6_T_KIRIGARBAGE_001	10.4964	36	4294967295	4294967295	3	65535	65535	255	4294967295	4294967295	1	255	255	255	255	255	255	255	255	255	255	255	255	255	255	255	255	255	255	255	255	255	255	255	255	255	255	255	255	255	255	255	255	255	255	255	255	255	255	255	255	255	255	255	255	255	255	255	255	255	255	255	255	255	255	255	255	255	255	255	255	255	255	255	255	255	255	255	255	255	255	255	255	255	255	255	255	255	255	255	255	255	255	255	255	255	255	255	255	255	255	255	255	255	255	255	255	255	255	255											
43	4294967295	1	-654.83	97.36	975.89	-640.9	99.74	989.64	-647.86	97.99	982.77	-0.947681	0	-0.319219	0	0	1	UD6_T_KIRIGARBAGE_001	9.85865	37	4294967295	4294967295	3	65535	65535	255	4294967295	4294967295	1	255	255	255	255	255	255	255	255	255	255	255	255	255	255	255	255	255	255	255	255	255	255	255	255	255	255	255	255	255	255	255	255	255	255	255	255	255	255	255	255	255	255	255	255	255	255	255	255	255	255	255	255	255	255	255	255	255	255	255	255	255	255	255	255	255	255	255	255	255	255	255	255	255	255	255	255	255	255	255	255	255	255	255	255	255	255	255	255	255	255	255	255	255	255	255	255	255	255	255											
44	4294967295	1	-601.7	97.58	979.17	-593.71	99.17	987.32	-597.71	98	983.25	-0.110432	0	0.993884	0	0	1	UD6_T_KIRIGARBAGE_001	5.76175	38	4294967295	4294967295	3	65535	65535	255	4294967295	4294967295	1	255	255	255	255	255	255	255	255	255	255	255	255	255	255	255	255	255	255	255	255	255	255	255	255	255	255	255	255	255	255	255	255	255	255	255	255	255	255	255	255	255	255	255	255	255	255	255	255	255	255	255	255	255	255	255	255	255	255	255	255	255	255	255	255	255	255	255	255	255	255	255	255	255	255	255	255	255	255	255	255	255	255	255	255	255	255	255	255	255	255	255	255	255	255	255	255	255	255	255											
45	4294967295	1	-565.75	97.51	960.46	-554.65	99.32	971.65	-560.2	97.99	966.05	-0.459151	0	0.888358	0	0	1	UD6_T_KIRIGARBAGE_001	7.93255	39	4294967295	4294967295	3	65535	65535	255	4294967295	4294967295	1	255	255	255	255	255	255	255	255	255	255	255	255	255	255	255	255	255	255	255	255	255	255	255	255	255	255	255	255	255	255	255	255	255	255	255	255	255	255	255	255	255	255	255	255	255	255	255	255	255	255	255	255	255	255	255	255	255	255	255	255	255	255	255	255	255	255	255	255	255	255	255	255	255	255	255	255	255	255	255	255	255	255	255	255	255	255	255	255	255	255	255	255	255	255	255	255	255	255	255											
46	4294967295	1	-588.14	97.61	906.3	-581.12	99.04	913.17	-584.63	97.99	909.74	-0.998205	0	-0.0598923	0	0	1	UD6_T_KIRIGARBAGE_001	4.96292	40	4294967295	4294967295	3	65535	65535	255	4294967295	4294967295	1	255	255	255	255	255	255	255	255	255	255	255	255	255	255	255	255	255	255	255	255	255	255	255	255	255	255	255	255	255	255	255	255	255	255	255	255	255	255	255	255	255	255	255	255	255	255	255	255	255	255	255	255	255	255	255	255	255	255	255	255	255	255	255	255	255	255	255	255	255	255	255	255	255	255	255	255	255	255	255	255	255	255	255	255	255	255	255	255	255	255	255	255	255	255	255	255	255	255	255											
47	4294967295	0	-446.92	114.16	741.89	-425.22	151.52	764.89	-430.96	144.8	745.79	-0.828964	0	-0.559301	1	0	1	UD6_T_F3_BRIDGE_001	24.4727	41	4294967295	4294967295	3	65535	65535	255	4294967295	4294967295	1	255	255	255	255	255	255	255	255	255	2	3	255	255	255	255	255	255	255	255	3	255	255	255	255	255	255	255	255	255	4	1	255	255	255	255	255	255	255	255	255	255	255	255	255	255	255	255	255	255	255	255	255	255	255	255	255	255	255	255	255	255	255	255	255	255	255	255	255	255	255	255	255	255	255	255	255	255	255	255	255	255	255	255	255	255	255	255	255	255	255	255	255	255	255	255	255	255	255	255											
48	4294967295	0	-470.42	109.96	701.73	-451.25	145.4	716.89	-451.86	144.73	708.34	-0.0698291	0	-0.997559	1	0	1	UD6_T_F3_BRIDGE_002	21.525	42	4294967295	4294967295	3	65535	65535	255	4294967295	4294967295	1	255	255	255	255	255	255	255	255	255	2	3	255	255	255	255	255	255	255	255	3	255	255	255	255	255	255	255	255	255	4	1	255	255	255	255	255	255	255	255	255	255	255	255	255	255	255	255	255	255	255	255	255	255	255	255	255	255	255	255	255	255	255	255	255	255	255	255	255	255	255	255	255	255	255	255	255	255	255	255	255	255	255	255	255	255	255	255	255	255	255	255	255	255	255	255	255	255	255	255											
49	4294967295	0	-452.61	114.1	650.5	-430.05	151.46	673.42	-435.2	144.74	668.76	0.741298	0	-0.671176	1	0	1	UD6_T_F3_BRIDGE_001	24.6478	43	4294967295	4294967295	3	65535	65535	255	4294967295	4294967295	1	255	255	255	255	255	255	255	255	255	2	3	255	255	255	255	255	255	255	255	3	255	255	255	255	255	255	255	255	255	4	1	255	255	255	255	255	255	255	255	255	255	255	255	255	255	255	255	255	255	255	255	255	255	255	255	255	255	255	255	255	255	255	255	255	255	255	255	255	255	255	255	255	255	255	255	255	255	255	255	255	255	255	255	255	255	255	255	255	255	255	255	255	255	255	255	255	255	255	255											
50	4294967295	0	-401.24	109.83	637.88	-384.36	145.27	658.26	-394.03	144.6	657.01	0.985286	0	0.170917	1	0	1	UD6_T_F3_BRIDGE_002	22.1149	44	4294967295	4294967295	3	65535	65535	255	4294967295	4294967295	1	255	255	255	255	255	255	255	255	255	2	3	255	255	255	255	255	255	255	255	3	255	255	255	255	255	255	255	255	255	4	1	255	255	255	255	255	255	255	255	255	255	255	255	255	255	255	255	255	255	255	255	255	255	255	255	255	255	255	255	255	255	255	255	255	255	255	255	255	255	255	255	255	255	255	255	255	255	255	255	255	255	255	255	255	255	255	255	255	255	255	255	255	255	255	255	255	255	255	255											
51	4294967295	0	-362.67	114.12	667	-339.85	151.48	687.96	-359.26	144.76	681.93	0.483077	0	0.875578	1	0	1	UD6_T_F3_BRIDGE_001	24.2685	45	4294967295	4294967295	3	65535	65535	255	4294967295	4294967295	1	255	255	255	255	255	255	255	255	255	2	3	255	255	255	255	255	255	255	255	3	255	255	255	255	255	255	255	255	255	4	1	255	255	255	255	255	255	255	255	255	255	255	255	255	255	255	255	255	255	255	255	255	255	255	255	255	255	255	255	255	255	255	255	255	255	255	255	255	255	255	255	255	255	255	255	255	255	255	255	255	255	255	255	255	255	255	255	255	255	255	255	255	255	255	255	255	255	255	255											
52	4294967295	0	-359.1	109.98	717.71	-337.09	145.42	737.24	-356.64	144.75	724.56	-0.360994	0	0.932568	1	0	1	UD6_T_F3_BRIDGE_002	23.0318	46	4294967295	4294967295	3	65535	65535	255	4294967295	4294967295	1	255	255	255	255	255	255	255	255	255	2	3	255	255	255	255	255	255	255	255	3	255	255	255	255	255	255	255	255	255	4	1	255	255	255	255	255	255	255	255	255	255	255	255	255	255	255	255	255	255	255	255	255	255	255	255	255	255	255	255	255	255	255	255	255	255	255	255	255	255	255	255	255	255	255	255	255	255	255	255	255	255	255	255	255	255	255	255	255	255	255	255	255	255	255	255	255	255	255	255											
53	4294967295	0	-412.58	144.86	728.07	-409.6	150.97	731.04	-411.08	144.84	729.52	-0.691905	0	0.721988	1	0	1	UD6_O_F3_BATTERI_001	3.70922	47	4294967295	4294967295	3	65535	65535	255	4294967295	4294967295	1	255	255	255	255	255	255	255	255	255	2	3	255	255	255	255	255	255	255	255	3	255	255	255	255	255	255	255	255	255	4	1	255	255	255	255	255	255	255	255	5	3	255	255	255	255	255	255	255	255	2	6	255	255	255	255	255	255	255	255	7	4	1	255	255	255	255	255	255	255	255	255	255	255	255	255	255	255	255	255	255	255	255	255	255	255	255	255	255	255	255	255	255	255	255	255	255	255	255	255											
54	4294967295	0	-428.3	144.66	708.91	-425.12	150.85	712.08	-426.71	144.72	710.46	-0.348937	0	0.937146	1	0	1	UD6_O_F3_BATTERI_003	3.82353	48	4294967295	4294967295	3	65535	65535	255	4294967295	4294967295	1	255	255	255	255	255	255	255	255	255	2	3	255	255	255	255	255	255	255	255	3	255	255	255	255	255	255	255	255	255	4	1	255	255	255	255	255	255	255	255	5	3	255	255	255	255	255	255	255	255	2	6	255	255	255	255	255	255	255	255	7	4	1	255	255	255	255	255	255	255	255	255	255	255	255	255	255	255	255	255	255	255	255	255	255	255	255	255	255	255	255	255	255	255	255	255	255	255	255	255											
55	4294967295	0	-422.19	144.82	687.02	-419.31	151.01	689.91	-420.77	144.88	688.43	0.180652	0	0.983547	1	0	1	UD6_O_F3_BATTERI_002	3.70682	49	4294967295	4294967295	3	65535	65535	255	4294967295	4294967295	1	255	255	255	255	255	255	255	255	255	2	3	255	255	255	255	255	255	255	255	3	255	255	255	255	255	255	255	255	255	4	1	255	255	255	255	255	255	255	255	5	3	255	255	255	255	255	255	255	255	2	6	255	255	255	255	255	255	255	255	7	4	1	255	255	255	255	255	255	255	255	255	255	255	255	255	255	255	255	255	255	255	255	255	255	255	255	255	255	255	255	255	255	255	255	255	255	255	255	255											
56	4294967295	0	-397.32	144.86	680.17	-394.34	150.97	683.14	-395.86	144.84	681.65	0.681604	0	0.731722	1	0	1	UD6_O_F3_BATTERI_001	3.70923	50	4294967295	4294967295	3	65535	65535	255	4294967295	4294967295	1	255	255	255	255	255	255	255	255	255	2	3	255	255	255	255	255	255	255	255	3	255	255	255	255	255	255	255	255	255	4	1	255	255	255	255	255	255	255	255	5	3	255	255	255	255	255	255	255	255	2	6	255	255	255	255	255	255	255	255	7	4	1	255	255	255	255	255	255	255	255	255	255	255	255	255	255	255	255	255	255	255	255	255	255	255	255	255	255	255	255	255	255	255	255	255	255	255	255	255											
57	4294967295	0	-379.98	144.75	697.57	-376.88	150.94	700.67	-378.44	144.81	699.08	-0.301131	0	0.953583	1	0	1	UD6_O_F3_BATTERI_003	3.79262	51	4294967295	4294967295	3	65535	65535	255	4294967295	4294967295	1	255	255	255	255	255	255	255	255	255	2	3	255	255	255	255	255	255	255	255	3	255	255	255	255	255	255	255	255	255	4	1	255	255	255	255	255	255	255	255	5	3	255	255	255	255	255	255	255	255	2	6	255	255	255	255	255	255	255	255	7	4	1	255	255	255	255	255	255	255	255	255	255	255	255	255	255	255	255	255	255	255	255	255	255	255	255	255	255	255	255	255	255	255	255	255	255	255	255	255											
58	4294967295	0	-385.68	144.71	720.75	-382.8	150.9	723.63	-384.26	144.77	722.16	0.180652	0	0.983547	1	0	1	UD6_O_F3_BATTERI_002	3.70489	52	4294967295	4294967295	3	65535	65535	255	4294967295	4294967295	1	255	255	255	255	255	255	255	255	255	2	3	255	255	255	255	255	255	255	255	3	255	255	255	255	255	255	255	255	255	4	1	255	255	255	255	255	255	255	255	5	3	255	255	255	255	255	255	255	255	2	6	255	255	255	255	255	255	255	255	7	4	1	255	255	255	255	255	255	255	255	255	255	255	255	255	255	255	255	255	255	255	255	255	255	255	255	255	255	255	255	255	255	255	255	255	255	255	255	255											
59	4294967295	0	-413.17	149.81	727.98	-408.76	153.33	731.83	-411.1	150.97	729.76	0.170917	0	-0.985286	0	0	1	UD6_O_F3_MOB_001	3.41546	53	4294967295	4294967295	3	65535	65535	255	4294967295	4294967295	1	255	255	255	255	255	255	255	255	255	255	255	255	255	255	255	255	255	255	255	255	255	255	255	255	255	255	255	255	255	255	255	255	255	255	255	255	255	255	255	255	255	255	255	255	255	255	255	255	255	255	255	255	255	255	255	255	255	255	255	255	255	255	255	255	255	255	255	255	255	255	255	255	255	255	255	255	255	255	255	255	255	255	255	255	255	255	255	255	255	255	255	255	255	255	255	255	255	255	255											
60	4294967295	0	-428.56	149.76	708.54	-425.27	153.28	712.5	-426.8	150.92	710.37	0.9998	0	-0.019996	0	0	1	UD6_O_F3_MOB_001	3.11835	54	4294967295	4294967295	3	65535	65535	255	4294967295	4294967295	1	255	255	255	255	255	255	255	255	255	255	255	255	255	255	255	255	255	255	255	255	255	255	255	255	255	255	255	255	255	255	255	255	255	255	255	255	255	255	255	255	255	255	255	255	255	255	255	255	255	255	255	255	255	255	255	255	255	255	255	255	255	255	255	255	255	255	255	255	255	255	255	255	255	255	255	255	255	255	255	255	255	255	255	255	255	255	255	255	255	255	255	255	255	255	255	255	255	255	255											
61	4294967295	0	-423.4	149.89	686.1	-418.34	153.41	691.06	-420.68	151.05	688.57	0.628337	0	0.777941	0	0	1	UD6_O_F3_MOB_001	3.95588	55	4294967295	4294967295	3	65535	65535	255	4294967295	4294967295	1	255	255	255	255	255	255	255	255	255	255	255	255	255	255	255	255	255	255	255	255	255	255	255	255	255	255	255	255	255	255	255	255	255	255	255	255	255	255	255	255	255	255	255	255	255	255	255	255	255	255	255	255	255	255	255	255	255	255	255	255	255	255	255	255	255	255	255	255	255	255	255	255	255	255	255	255	255	255	255	255	255	255	255	255	255	255	255	255	255	255	255	255	255	255	255	255	255	255	255											
62	4294967295	0	-398.38	149.8	679.26	-393.45	153.32	683.87	-395.83	150.96	681.74	-0.43921	0	0.898384	0	0	1	UD6_O_F3_MOB_001	3.80615	56	4294967295	4294967295	3	65535	65535	255	4294967295	4294967295	1	255	255	255	255	255	255	255	255	255	255	255	255	255	255	255	255	255	255	255	255	255	255	255	255	255	255	255	255	255	255	255	255	255	255	255	255	255	255	255	255	255	255	255	255	255	255	255	255	255	255	255	255	255	255	255	255	255	255	255	255	255	255	255	255	255	255	255	255	255	255	255	255	255	255	255	255	255	255	255	255	255	255	255	255	255	255	255	255	255	255	255	255	255	255	255	255	255	255	255											
63	4294967295	0	-380.52	149.8	696.61	-376.45	153.32	701.18	-378.56	150.96	699.07	-0.970728	0	0.24018	0	0	1	UD6_O_F3_MOB_001	3.52988	57	4294967295	4294967295	3	65535	65535	255	4294967295	4294967295	1	255	255	255	255	255	255	255	255	255	255	255	255	255	255	255	255	255	255	255	255	255	255	255	255	255	255	255	255	255	255	255	255	255	255	255	255	255	255	255	255	255	255	255	255	255	255	255	255	255	255	255	255	255	255	255	255	255	255	255	255	255	255	255	255	255	255	255	255	255	255	255	255	255	255	255	255	255	255	255	255	255	255	255	255	255	255	255	255	255	255	255	255	255	255	255	255	255	255	255											
64	4294967295	0	-386.58	149.82	719.57	-381.56	153.34	724.63	-384.27	150.98	722.13	-0.731722	0	-0.681604	0	0	1	UD6_O_F3_MOB_001	3.97474	58	4294967295	4294967295	3	65535	65535	255	4294967295	4294967295	1	255	255	255	255	255	255	255	255	255	255	255	255	255	255	255	255	255	255	255	255	255	255	255	255	255	255	255	255	255	255	255	255	255	255	255	255	255	255	255	255	255	255	255	255	255	255	255	255	255	255	255	255	255	255	255	255	255	255	255	255	255	255	255	255	255	255	255	255	255	255	255	255	255	255	255	255	255	255	255	255	255	255	255	255	255	255	255	255	255	255	255	255	255	255	255	255	255	255	255											
65	4294967295	1	829.63	34.18	-751.49	831.87	64.18	-745.17	830.77	34.47	-748.32	-0.957276	0	-0.289177	0	0	1	UD6_O_BIM_FENCE_01	15.3701	59	4294967295	4294967295	3	65535	65535	255	4294967295	4294967295	1	255	255	255	255	255	255	255	255	255	2	255	255	255	255	255	255	255	255	255	255	255	255	255	255	255	255	255	255	255	255	255	255	255	255	255	255	255	255	255	255	255	255	255	255	255	255	255	255	255	255	255	255	255	255	255	255	255	255	255	255	255	255	255	255	255	255	255	255	255	255	255	255	255	255	255	255	255	255	255	255	255	255	255	255	255	255	255	255	255	255	255	255	255	255	255	255	255	255	255											
66	4294967295	0	913.58	21.08	-714.31	922.24	26.64	-705.61	917.93	21.08	-709.99	0.929164	0	-0.369667	1	0	1	UD6_C_F2_GATE_001	6.73793	60	4294967295	4294967295	3	65535	65535	255	4294967295	4294967295	1	255	255	255	255	255	255	255	255	255	2	3	255	255	255	255	255	255	255	255	3	255	255	255	255	255	255	255	255	255	4	1	255	255	255	255	255	255	255	255	255	255	255	255	255	255	255	255	255	255	255	255	255	255	255	255	255	255	255	255	255	255	255	255	255	255	255	255	255	255	255	255	255	255	255	255	255	255	255	255	255	255	255	255	255	255	255	255	255	255	255	255	255	255	255	255	255	255	255	255											
67	4294967295	0	919.68	38.83	-617.78	924.95	42.06	-612.53	922.32	38.83	-615.14	-0.483077	0	0.875578	1	0	1	UD6_C_F2_GATE_001	4.05489	61	4294967295	4294967295	3	65535	65535	255	4294967295	4294967295	1	255	255	255	255	255	255	255	255	255	2	3	255	255	255	255	255	255	255	255	3	255	255	255	255	255	255	255	255	255	4	1	255	255	255	255	255	255	255	255	255	255	255	255	255	255	255	255	255	255	255	255	255	255	255	255	255	255	255	255	255	255	255	255	255	255	255	255	255	255	255	255	255	255	255	255	255	255	255	255	255	255	255	255	255	255	255	255	255	255	255	255	255	255	255	255	255	255	255	255											
68	4294967295	0	1046.96	63.54	-675.43	1050.92	66.77	-671.52	1048.95	63.54	-673.46	0.019996	0	0.9998	1	0	1	UD6_C_F2_GATE_001	3.21726	62	4294967295	4294967295	3	65535	65535	255	4294967295	4294967295	1	255	255	255	255	255	255	255	255	255	2	3	255	255	255	255	255	255	255	255	3	255	255	255	255	255	255	255	255	255	4	1	255	255	255	255	255	255	255	255	255	255	255	255	255	255	255	255	255	255	255	255	255	255	255	255	255	255	255	255	255	255	255	255	255	255	255	255	255	255	255	255	255	255	255	255	255	255	255	255	255	255	255	255	255	255	255	255	255	255	255	255	255	255	255	255	255	255	255	255											
69	4294967295	0	972.69	63.06	-532.43	982.64	71.4	-522.37	977.63	63.06	-527.36	-1	0	0	1	0	1	UD6_C_F2_GATE_001	8.21222	63	4294967295	4294967295	3	65535	65535	255	4294967295	4294967295	1	255	255	255	255	255	255	255	255	255	2	3	255	255	255	255	255	255	255	255	3	255	255	255	255	255	255	255	255	255	4	1	255	255	255	255	255	255	255	255	255	255	255	255	255	255	255	255	255	255	255	255	255	255	255	255	255	255	255	255	255	255	255	255	255	255	255	255	255	255	255	255	255	255	255	255	255	255	255	255	255	255	255	255	255	255	255	255	255	255	255	255	255	255	255	255	255	255	255	255											
70	4294967295	0	766.78	63.72	-477.17	772.25	66.94	-471.7	769.52	63.72	-474.41	-0.721988	0	0.691905	1	0	1	UD6_C_F2_GATE_001	4.18957	64	4294967295	4294967295	3	65535	65535	255	4294967295	4294967295	1	255	255	255	255	255	255	255	255	255	2	3	255	255	255	255	255	255	255	255	3	255	255	255	255	255	255	255	255	255	4	1	255	255	255	255	255	255	255	255	255	255	255	255	255	255	255	255	255	255	255	255	255	255	255	255	255	255	255	255	255	255	255	255	255	255	255	255	255	255	255	255	255	255	255	255	255	255	255	255	255	255	255	255	255	255	255	255	255	255	255	255	255	255	255	255	255	255	255	255											
71	4294967295	0	849.06	39.09	-556.1	854.53	42.31	-550.63	851.79	39.09	-553.34	-0.721988	0	0.691905	1	0	1	UD6_C_F2_GATE_001	4.18958	65	4294967295	4294967295	3	65535	65535	255	4294967295	4294967295	1	255	255	255	255	255	255	255	255	255	2	3	255	255	255	255	255	255	255	255	3	255	255	255	255	255	255	255	255	255	4	1	255	255	255	255	255	255	255	255	255	255	255	255	255	255	255	255	255	255	255	255	255	255	255	255	255	255	255	255	255	255	255	255	255	255	255	255	255	255	255	255	255	255	255	255	255	255	255	255	255	255	255	255	255	255	255	255	255	255	255	255	255	255	255	255	255	255	255	255											
72	4294967295	0	746.51	22.46	-643.18	755.93	28.02	-633.77	751.26	22.46	-638.48	0.660628	0	0.750713	1	0	1	UD6_C_F2_GATE_001	7.21452	66	4294967295	4294967295	3	65535	65535	255	4294967295	4294967295	1	255	255	255	255	255	255	255	255	255	2	3	255	255	255	255	255	255	255	255	3	255	255	255	255	255	255	255	255	255	4	1	255	255	255	255	255	255	255	255	255	255	255	255	255	255	255	255	255	255	255	255	255	255	255	255	255	255	255	255	255	255	255	255	255	255	255	255	255	255	255	255	255	255	255	255	255	255	255	255	255	255	255	255	255	255	255	255	255	255	255	255	255	255	255	255	255	255	255	255											
73	4294967295	0	717.48	62.4	-478.6	722.95	65.62	-473.13	720.21	62.4	-475.84	-0.731722	0	0.681604	1	0	1	UD6_C_F2_GATE_001	4.18959	67	4294967295	4294967295	3	65535	65535	255	4294967295	4294967295	1	255	255	255	255	255	255	255	255	255	2	3	255	255	255	255	255	255	255	255	3	255	255	255	255	255	255	255	255	255	4	1	255	255	255	255	255	255	255	255	255	255	255	255	255	255	255	255	255	255	255	255	255	255	255	255	255	255	255	255	255	255	255	255	255	255	255	255	255	255	255	255	255	255	255	255	255	255	255	255	255	255	255	255	255	255	255	255	255	255	255	255	255	255	255	255	255	255	255	255											
74	4294967295	1	708.18	34.24	-734.23	712.2	64.24	-728.7	710.18	34.53	-731.46	0.821109	0	-0.570771	0	0	1	UD6_O_BIM_FENCE_01	15.3846	68	4294967295	4294967295	3	65535	65535	255	4294967295	4294967295	1	255	255	255	255	255	255	255	255	255	2	255	255	255	255	255	255	255	255	255	255	255	255	255	255	255	255	255	255	255	255	255	255	255	255	255	255	255	255	255	255	255	255	255	255	255	255	255	255	255	255	255	255	255	255	255	255	255	255	255	255	255	255	255	255	255	255	255	255	255	255	255	255	255	255	255	255	255	255	255	255	255	255	255	255	255	255	255	255	255	255	255	255	255	255	255	255	255	255	255											
75	4294967295	1	812.71	34.25	-819.75	817.48	64.25	-814.82	815.11	34.54	-817.3	-0.721988	0	0.691905	0	0	1	UD6_O_BIM_FENCE_01	15.3871	69	4294967295	4294967295	3	65535	65535	255	4294967295	4294967295	1	255	255	255	255	255	255	255	255	255	2	255	255	255	255	255	255	255	255	255	255	255	255	255	255	255	255	255	255	255	255	255	255	255	255	255	255	255	255	255	255	255	255	255	255	255	255	255	255	255	255	255	255	255	255	255	255	255	255	255	255	255	255	255	255	255	255	255	255	255	255	255	255	255	255	255	255	255	255	255	255	255	255	255	255	255	255	255	255	255	255	255	255	255	255	255	255	255	255	255											
76	4294967295	0	-652.44	123.8	896.06	-640.37	133.81	907.99	-646.36	123.8	902.07	0	0	1	1	0	1	UD6_C_F2_GATE_001	9.85152	70	4294967295	4294967295	3	65535	65535	255	4294967295	4294967295	1	255	255	255	255	255	255	255	255	255	2	3	255	255	255	255	255	255	255	255	3	255	255	255	255	255	255	255	255	255	4	1	255	255	255	255	255	255	255	255	255	255	255	255	255	255	255	255	255	255	255	255	255	255	255	255	255	255	255	255	255	255	255	255	255	255	255	255	255	255	255	255	255	255	255	255	255	255	255	255	255	255	255	255	255	255	255	255	255	255	255	255	255	255	255	255	255	255	255	255											
77	4294967295	0	-602.54	123.6	945.84	-590.47	133.61	957.77	-596.46	123.6	951.85	0	0	1	1	0	1	UD6_C_F2_GATE_001	9.85152	71	4294967295	4294967295	3	65535	65535	255	4294967295	4294967295	1	255	255	255	255	255	255	255	255	255	2	3	255	255	255	255	255	255	255	255	3	255	255	255	255	255	255	255	255	255	4	1	255	255	255	255	255	255	255	255	255	255	255	255	255	255	255	255	255	255	255	255	255	255	255	255	255	255	255	255	255	255	255	255	255	255	255	255	255	255	255	255	255	255	255	255	255	255	255	255	255	255	255	255	255	255	255	255	255	255	255	255	255	255	255	255	255	255	255	255											
78	4294967295	0	-652.53	123.52	945.26	-640.38	133.53	957.54	-646.41	123.52	951.36	0.9998	0	-0.019996	1	0	1	UD6_C_F2_GATE_001	9.98275	72	4294967295	4294967295	3	65535	65535	255	4294967295	4294967295	1	255	255	255	255	255	255	255	255	255	2	3	255	255	255	255	255	255	255	255	3	255	255	255	255	255	255	255	255	255	4	1	255	255	255	255	255	255	255	255	255	255	255	255	255	255	255	255	255	255	255	255	255	255	255	255	255	255	255	255	255	255	255	255	255	255	255	255	255	255	255	255	255	255	255	255	255	255	255	255	255	255	255	255	255	255	255	255	255	255	255	255	255	255	255	255	255	255	255	255											
79	4294967295	0	-602.53	123.6	895.85	-590.6	133.61	907.92	-596.52	123.6	901.84	1	0	0	1	0	1	UD6_C_F2_GATE_001	9.85154	73	4294967295	4294967295	3	65535	65535	255	4294967295	4294967295	1	255	255	255	255	255	255	255	255	255	2	3	255	255	255	255	255	255	255	255	3	255	255	255	255	255	255	255	255	255	4	1	255	255	255	255	255	255	255	255	255	255	255	255	255	255	255	255	255	255	255	255	255	255	255	255	255	255	255	255	255	255	255	255	255	255	255	255	255	255	255	255	255	255	255	255	255	255	255	255	255	255	255	255	255	255	255	255	255	255	255	255	255	255	255	255	255	255	255	255											
80	4294967295	0	790.39	46.56	-676.35	799.37	47.2	-667.37	794.88	45.06	-671.86	0	0	1	0	0	1	UD6_T_PORTAL_002	6.35786	74	4294967295	4294967295	3	65535	65535	255	4294967295	4294967295	1	255	255	255	255	255	255	255	255	255	2	3	255	255	255	255	255	255	255	255	3	255	255	255	255	255	255	255	255	255	255	255	255	255	255	255	255	255	255	255	255	255	255	255	255	255	255	255	255	255	255	255	255	255	255	255	255	255	255	255	255	255	255	255	255	255	255	255	255	255	255	255	255	255	255	255	255	255	255	255	255	255	255	255	255	255	255	255	255	255	255	255	255	255	255	255	255	255	255	255											
81	4294967295	1	792.56	45.13	-677.33	794.97	45.7	-674.68	793.77	45.24	-676	0.258902	0	0.965904	0	0	1	UD6_T_PORTAL_KEY_001	1.81353	75	4294967295	4294967295	3	65535	65535	255	4294967295	4294967295	2	255	255	255	255	255	255	255	255	255	1	255	255	255	255	255	255	255	255	255	255	255	255	255	255	255	255	255	255	255	255	255	255	255	255	255	255	255	255	255	255	255	255	255	255	255	255	255	255	255	255	255	255	255	255	255	255	255	255	255	255	255	255	255	255	255	255	255	255	255	255	255	255	255	255	255	255	255	255	255	255	255	255	255	255	255	255	255	255	255	255	255	255	255	255	255	255	255	255	255											
82	4294967295	1	790.4	45.12	-670.31	793.32	45.69	-667.39	791.86	45.23	-668.86	0.707107	0	-0.707107	0	0	1	UD6_T_PORTAL_KEY_003	2.08432	76	4294967295	4294967295	3	65535	65535	255	4294967295	4294967295	2	255	255	255	255	255	255	255	255	255	1	255	255	255	255	255	255	255	255	255	255	255	255	255	255	255	255	255	255	255	255	255	255	255	255	255	255	255	255	255	255	255	255	255	255	255	255	255	255	255	255	255	255	255	255	255	255	255	255	255	255	255	255	255	255	255	255	255	255	255	255	255	255	255	255	255	255	255	255	255	255	255	255	255	255	255	255	255	255	255	255	255	255	255	255	255	255	255	255	255											
83	4294967295	1	797.69	45.1	-671.98	800.34	45.67	-669.56	799.09	45.21	-670.75	-0.965904	0	-0.258902	0	0	1	UD6_T_PORTAL_KEY_002	1.81685	77	4294967295	4294967295	3	65535	65535	255	4294967295	4294967295	2	255	255	255	255	255	255	255	255	255	1	255	255	255	255	255	255	255	255	255	255	255	255	255	255	255	255	255	255	255	255	255	255	255	255	255	255	255	255	255	255	255	255	255	255	255	255	255	255	255	255	255	255	255	255	255	255	255	255	255	255	255	255	255	255	255	255	255	255	255	255	255	255	255	255	255	255	255	255	255	255	255	255	255	255	255	255	255	255	255	255	255	255	255	255	255	255	255	255	255											
84	4294967295	1	503.59	12.7	-694.69	587.97	12.7	-610.31	545.78	-35.12	-652.5	0	0	1	0	0	1	UD6_C_ROOM_KIRI02	59.6657	78	4294967295	4294967295	3	65535	65535	255	4294967295	4294967295	1	255	255	255	255	255	255	255	255	255	2	3	255	255	255	255	255	255	255	255	255	255	255	255	255	255	255	255	255	255	255	255	255	255	255	255	255	255	255	255	255	255	255	255	255	255	255	255	255	255	255	255	255	255	255	255	255	255	255	255	255	255	255	255	255	255	255	255	255	255	255	255	255	255	255	255	255	255	255	255	255	255	255	255	255	255	255	255	255	255	255	255	255	255	255	255	255	255	255	255											
85	4294967295	1	591.55	12.7	-785.41	675.92	12.7	-701.03	633.73	-35.12	-743.22	0	0	1	0	0	1	UD6_C_ROOM_KIRI02	59.6621	79	4294967295	4294967295	3	65535	65535	255	4294967295	4294967295	1	255	255	255	255	255	255	255	255	255	2	3	255	255	255	255	255	255	255	255	255	255	255	255	255	255	255	255	255	255	255	255	255	255	255	255	255	255	255	255	255	255	255	255	255	255	255	255	255	255	255	255	255	255	255	255	255	255	255	255	255	255	255	255	255	255	255	255	255	255	255	255	255	255	255	255	255	255	255	255	255	255	255	255	255	255	255	255	255	255	255	255	255	255	255	255	255	255	255	255											
86	4294967295	1	488.55	12.7	-860.43	572.93	12.7	-776.05	530.74	-35.12	-818.24	0	0	1	0	0	1	UD6_C_ROOM_KIRI02	59.6657	80	4294967295	4294967295	3	65535	65535	255	4294967295	4294967295	1	255	255	255	255	255	255	255	255	255	2	3	255	255	255	255	255	255	255	255	255	255	255	255	255	255	255	255	255	255	255	255	255	255	255	255	255	255	255	255	255	255	255	255	255	255	255	255	255	255	255	255	255	255	255	255	255	255	255	255	255	255	255	255	255	255	255	255	255	255	255	255	255	255	255	255	255	255	255	255	255	255	255	255	255	255	255	255	255	255	255	255	255	255	255	255	255	255	255	255											
87	4294967295	1	613.62	12.7	-892.8	698	12.7	-808.42	655.81	-35.12	-850.61	0	0	1	0	0	1	UD6_C_ROOM_KIRI02	59.6657	81	4294967295	4294967295	3	65535	65535	255	4294967295	4294967295	1	255	255	255	255	255	255	255	255	255	2	3	255	255	255	255	255	255	255	255	255	255	255	255	255	255	255	255	255	255	255	255	255	255	255	255	255	255	255	255	255	255	255	255	255	255	255	255	255	255	255	255	255	255	255	255	255	255	255	255	255	255	255	255	255	255	255	255	255	255	255	255	255	255	255	255	255	255	255	255	255	255	255	255	255	255	255	255	255	255	255	255	255	255	255	255	255	255	255	255											
88	4294967295	0	624.71	14.51	-996.18	778.56	269.08	-767.4	687.15	14.51	-906.87	0.498284	0	0.867014	0	0	1	UD6_C_BRIDGE_001	187.627	82	4294967295	4294967295	3	65535	65535	255	4294967295	4294967295	1	255	255	255	255	255	255	255	255	255	4	255	255	255	255	255	255	255	255	255	255	255	255	255	255	255	255	255	255	255	255	255	255	255	255	255	255	255	255	255	255	255	255	255	255	255	255	255	255	255	255	255	255	255	255	255	255	255	255	255	255	255	255	255	255	255	255	255	255	255	255	255	255	255	255	255	255	255	255	255	255	255	255	255	255	255	255	255	255	255	255	255	255	255	255	255	255	255	255	255											
89	4294967295	0	624.65	14.51	-772.72	778.5	269.08	-543.95	687.09	14.51	-633.25	0.498284	0	-0.867014	0	0	1	UD6_C_BRIDGE_001	187.624	83	4294967295	4294967295	3	65535	65535	255	4294967295	4294967295	1	255	255	255	255	255	255	255	255	255	2	255	255	255	255	255	255	255	255	255	255	255	255	255	255	255	255	255	255	255	255	255	255	255	255	255	255	255	255	255	255	255	255	255	255	255	255	255	255	255	255	255	255	255	255	255	255	255	255	255	255	255	255	255	255	255	255	255	255	255	255	255	255	255	255	255	255	255	255	255	255	255	255	255	255	255	255	255	255	255	255	255	255	255	255	255	255	255	255	255											
90	4294967295	0	794.34	14.51	-893.1	805.57	58.2	-870.48	799.97	14.51	-881.79	-0.965904	0	-0.258902	0	0	1	UD6_O_KIRI_GATE_001	25.2319	84	4294967295	4294967295	3	65535	65535	255	4294967295	4294967295	1	255	255	255	255	255	255	255	255	255	2	255	255	255	255	255	255	255	255	255	255	255	255	255	255	255	255	255	255	255	255	255	255	255	255	255	255	255	255	255	255	255	255	255	255	255	255	255	255	255	255	255	255	255	255	255	255	255	255	255	255	255	255	255	255	255	255	255	255	255	255	255	255	255	255	255	255	255	255	255	255	255	255	255	255	255	255	255	255	255	255	255	255	255	255	255	255	255	255	255											
91	4294967295	0	738.81	14.33	-917.75	745	34.33	-914	741.98	14.62	-915.92	-0.498284	0	-0.867014	0	0	1	UD6_T_FENCE_001	10.6346	85	4294967295	4294967295	3	65535	65535	255	4294967295	4294967295	1	255	255	255	255	255	255	255	255	255	2	255	255	255	255	255	255	255	255	255	255	255	255	255	255	255	255	255	255	255	255	255	255	255	255	255	255	255	255	255	255	255	255	255	255	255	255	255	255	255	255	255	255	255	255	255	255	255	255	255	255	255	255	255	255	255	255	255	255	255	255	255	255	255	255	255	255	255	255	255	255	255	255	255	255	255	255	255	255	255	255	255	255	255	255	255	255	255	255	255											
92	4294967295	0	695.92	14.22	-976.73	699.67	34.22	-970.54	697.84	14.51	-973.56	0.867014	0	-0.498284	0	0	1	UD6_T_FENCE_001	10.6346	86	4294967295	4294967295	3	65535	65535	255	4294967295	4294967295	1	255	255	255	255	255	255	255	255	255	2	255	255	255	255	255	255	255	255	255	255	255	255	255	255	255	255	255	255	255	255	255	255	255	255	255	255	255	255	255	255	255	255	255	255	255	255	255	255	255	255	255	255	255	255	255	255	255	255	255	255	255	255	255	255	255	255	255	255	255	255	255	255	255	255	255	255	255	255	255	255	255	255	255	255	255	255	255	255	255	255	255	255	255	255	255	255	255	255	255											
93	4294967295	0	782.25	14.5	-1094.96	783.39	23.62	-1064.63	782.82	14.51	-1079.8	0.9998	0	0.019996	1	0	1	UD6_O_FENCE_004	15.846	87	4294967295	4294967295	3	65535	65535	255	4294967295	4294967295	1	255	255	255	255	255	255	255	255	255	2	3	255	255	255	255	255	255	255	255	3	255	255	255	255	255	255	255	255	255	4	1	255	255	255	255	255	255	255	255	255	255	255	255	255	255	255	255	255	255	255	255	255	255	255	255	255	255	255	255	255	255	255	255	255	255	255	255	255	255	255	255	255	255	255	255	255	255	255	255	255	255	255	255	255	255	255	255	255	255	255	255	255	255	255	255	255	255	255	255											
94	4294967295	0	952.44	14.51	-961.11	972.39	56.12	-944.19	962.42	14.51	-952.64	-0.6	0	-0.8	0	0	1	UD6_O_KIRI_GATE_001	24.5748	88	4294967295	4294967295	3	65535	65535	255	4294967295	4294967295	1	255	255	255	255	255	255	255	255	255	2	255	255	255	255	255	255	255	255	255	255	255	255	255	255	255	255	255	255	255	255	255	255	255	255	255	255	255	255	255	255	255	255	255	255	255	255	255	255	255	255	255	255	255	255	255	255	255	255	255	255	255	255	255	255	255	255	255	255	255	255	255	255	255	255	255	255	255	255	255	255	255	255	255	255	255	255	255	255	255	255	255	255	255	255	255	255	255	255	255											
95	4294967295	0	810.39	14.51	-1019.31	820.76	56.12	-997.76	815.56	14.51	-1008.54	0.970728	0	0.24018	0	0	1	UD6_O_KIRI_GATE_001	23.9965	89	4294967295	4294967295	3	65535	65535	255	4294967295	4294967295	1	255	255	255	255	255	255	255	255	255	2	255	255	255	255	255	255	255	255	255	255	255	255	255	255	255	255	255	255	255	255	255	255	255	255	255	255	255	255	255	255	255	255	255	255	255	255	255	255	255	255	255	255	255	255	255	255	255	255	255	255	255	255	255	255	255	255	255	255	255	255	255	255	255	255	255	255	255	255	255	255	255	255	255	255	255	255	255	255	255	255	255	255	255	255	255	255	255	255	255											
96	4294967295	0	916.99	14.97	-949.75	940.62	24.09	-929.79	928.81	14.98	-939.77	0.639202	0	0.769039	1	0	1	UD6_O_FENCE_004	16.1242	90	4294967295	4294967295	3	65535	65535	255	4294967295	4294967295	1	255	255	255	255	255	255	255	255	255	2	3	255	255	255	255	255	255	255	255	3	255	255	255	255	255	255	255	255	255	4	1	255	255	255	255	255	255	255	255	255	255	255	255	255	255	255	255	255	255	255	255	255	255	255	255	255	255	255	255	255	255	255	255	255	255	255	255	255	255	255	255	255	255	255	255	255	255	255	255	255	255	255	255	255	255	255	255	255	255	255	255	255	255	255	255	255	255	255	255											
97	4294967295	1	961.23	14.36	-870.62	967.43	34.36	-866.87	964.4	14.65	-868.79	-0.498284	0	-0.867014	0	0	1	UD6_T_FENCE_001	10.6361	91	4294967295	4294967295	3	65535	65535	255	4294967295	4294967295	1	255	255	255	255	255	255	255	255	255	2	255	255	255	255	255	255	255	255	255	255	255	255	255	255	255	255	255	255	255	255	255	255	255	255	255	255	255	255	255	255	255	255	255	255	255	255	255	255	255	255	255	255	255	255	255	255	255	255	255	255	255	255	255	255	255	255	255	255	255	255	255	255	255	255	255	255	255	255	255	255	255	255	255	255	255	255	255	255	255	255	255	255	255	255	255	255	255	255	255											
98	4294967295	1	918.06	14.24	-846.33	924.26	34.24	-842.58	921.23	14.53	-844.49	-0.498284	0	-0.867014	0	0	1	UD6_T_FENCE_001	10.6361	92	4294967295	4294967295	3	65535	65535	255	4294967295	4294967295	1	255	255	255	255	255	255	255	255	255	2	255	255	255	255	255	255	255	255	255	255	255	255	255	255	255	255	255	255	255	255	255	255	255	255	255	255	255	255	255	255	255	255	255	255	255	255	255	255	255	255	255	255	255	255	255	255	255	255	255	255	255	255	255	255	255	255	255	255	255	255	255	255	255	255	255	255	255	255	255	255	255	255	255	255	255	255	255	255	255	255	255	255	255	255	255	255	255	255	255											
99	4294967295	0	773.37	14.44	-788.88	1015.77	269.01	-751.18	923.53	14.44	-770.03	-1	0	0	0	0	1	UD6_C_BRIDGE_001	176.766	93	4294967295	4294967295	3	65535	65535	255	4294967295	4294967295	1	255	255	255	255	255	255	255	255	255	3	255	255	255	255	255	255	255	255	255	255	255	255	255	255	255	255	255	255	255	255	255	255	255	255	255	255	255	255	255	255	255	255	255	255	255	255	255	255	255	255	255	255	255	255	255	255	255	255	255	255	255	255	255	255	255	255	255	255	255	255	255	255	255	255	255	255	255	255	255	255	255	255	255	255	255	255	255	255	255	255	255	255	255	255	255	255	255	255	255											
100	4294967295	1	740.48	34.39	-833.27	749.33	40.16	-824.06	744.9	34.59	-828.66	0.498284	0	0.867014	0	0	1	UD6_T_LOBYSWITCH_002	7.00786	94	4294967295	4294967295	3	65535	65535	255	4294967295	4294967295	1	255	255	255	255	255	255	255	255	255	2	3	255	255	255	255	255	255	255	255	3	255	255	255	255	255	255	255	255	255	255	255	255	255	255	255	255	255	255	255	255	255	255	255	255	255	255	255	255	255	255	255	255	255	255	255	255	255	255	255	255	255	255	255	255	255	255	255	255	255	255	255	255	255	255	255	255	255	255	255	255	255	255	255	255	255	255	255	255	255	255	255	255	255	255	255	255	255	255	255											
101	4294967295	1	721.57	34.24	-726.87	730.47	39.95	-717.62	726.02	34.38	-722.25	0.517419	0	-0.855732	0	0	1	UD6_T_LOBYSWITCH_003	7.02453	95	4294967295	4294967295	3	65535	65535	255	4294967295	4294967295	1	255	255	255	255	255	255	255	255	255	2	3	255	255	255	255	255	255	255	255	3	255	255	255	255	255	255	255	255	255	255	255	255	255	255	255	255	255	255	255	255	255	255	255	255	255	255	255	255	255	255	255	255	255	255	255	255	255	255	255	255	255	255	255	255	255	255	255	255	255	255	255	255	255	255	255	255	255	255	255	255	255	255	255	255	255	255	255	255	255	255	255	255	255	255	255	255	255	255	255											
102	4294967295	1	823.88	34.44	-762.3	831.2	40.22	-755.95	827.54	34.65	-759.13	-0.99955	0	-0.0299865	0	0	1	UD6_T_LOBYSWITCH_001	5.64166	96	4294967295	4294967295	3	65535	65535	255	4294967295	4294967295	1	255	255	255	255	255	255	255	255	255	2	3	255	255	255	255	255	255	255	255	3	255	255	255	255	255	255	255	255	255	255	255	255	255	255	255	255	255	255	255	255	255	255	255	255	255	255	255	255	255	255	255	255	255	255	255	255	255	255	255	255	255	255	255	255	255	255	255	255	255	255	255	255	255	255	255	255	255	255	255	255	255	255	255	255	255	255	255	255	255	255	255	255	255	255	255	255	255	255	255											
103	4294967295	0	-694.73	123.82	877.09	-689.43	128.27	882.46	-692.1	123.82	879.8	-1	0	0	1	0	1	UD6_C_F2_GATE_001	4.37976	97	4294967295	4294967295	3	65535	65535	255	4294967295	4294967295	1	255	255	255	255	255	255	255	255	255	2	3	255	255	255	255	255	255	255	255	3	255	255	255	255	255	255	255	255	255	4	1	255	255	255	255	255	255	255	255	255	255	255	255	255	255	255	255	255	255	255	255	255	255	255	255	255	255	255	255	255	255	255	255	255	255	255	255	255	255	255	255	255	255	255	255	255	255	255	255	255	255	255	255	255	255	255	255	255	255	255	255	255	255	255	255	255	255	255	255											
104	4294967295	0	-553.44	123.8	971.23	-548.14	128.25	976.59	-550.81	123.8	973.93	-1	0	0	1	0	1	UD6_C_F2_GATE_001	4.37671	98	4294967295	4294967295	3	65535	65535	255	4294967295	4294967295	1	255	255	255	255	255	255	255	255	255	2	3	255	255	255	255	255	255	255	255	3	255	255	255	255	255	255	255	255	255	4	1	255	255	255	255	255	255	255	255	255	255	255	255	255	255	255	255	255	255	255	255	255	255	255	255	255	255	255	255	255	255	255	255	255	255	255	255	255	255	255	255	255	255	255	255	255	255	255	255	255	255	255	255	255	255	255	255	255	255	255	255	255	255	255	255	255	255	255	255											
105	4294967295	0	-685	97.81	863.31	-558.13	129.22	990.18	-621.56	48.38	926.75	-1	0	0	1	0	1	UD6_C_F2_002	91.0749	99	4294967295	4294967295	3	65535	65535	255	4294967295	4294967295	3	255	255	255	255	255	255	255	255	255	4	1	255	255	255	255	255	255	255	255	1	255	255	255	255	255	255	255	255	255	2	3	255	255	255	255	255	255	255	255	255	255	255	255	255	255	255	255	255	255	255	255	255	255	255	255	255	255	255	255	255	255	255	255	255	255	255	255	255	255	255	255	255	255	255	255	255	255	255	255	255	255	255	255	255	255	255	255	255	255	255	255	255	255	255	255	255	255	255	255											
106	4294967295	0	-685.13	98.19	863.16	-558.17	163.44	990.12	-621.67	48.58	926.66	-1	0	0	1	0	1	UD6_C_F2_002_1	95.5187	100	4294967295	4294967295	3	65535	65535	255	4294967295	4294967295	3	255	255	255	255	255	255	255	255	255	4	1	255	255	255	255	255	255	255	255	1	255	255	255	255	255	255	255	255	255	2	3	255	255	255	255	255	255	255	255	255	255	255	255	255	255	255	255	255	255	255	255	255	255	255	255	255	255	255	255	255	255	255	255	255	255	255	255	255	255	255	255	255	255	255	255	255	255	255	255	255	255	255	255	255	255	255	255	255	255	255	255	255	255	255	255	255	255	255	255											
107	4294967295	0	-680.7	98.02	866.16	-628.98	98.02	978.49	-654.84	98.82	922.32	0.9998	0	-0.019996	0	0	1	UD6_T_F2_SMOKE_01	61.8324	101	4294967295	4294967295	3	65535	65535	255	4294967295	4294967295	1	255	255	255	255	255	255	255	255	255	2	255	255	255	255	255	255	255	255	255	255	255	255	255	255	255	255	255	255	255	255	255	255	255	255	255	255	255	255	255	255	255	255	255	255	255	255	255	255	255	255	255	255	255	255	255	255	255	255	255	255	255	255	255	255	255	255	255	255	255	255	255	255	255	255	255	255	255	255	255	255	255	255	255	255	255	255	255	255	255	255	255	255	255	255	255	255	255	255	255											
108	4294967295	0	-676.69	98.02	931.36	-562.75	98.02	986.91	-619.72	98.82	959.13	0.0499376	0	-0.998752	0	0	1	UD6_T_F2_SMOKE_01	63.3801	102	4294967295	4294967295	3	65535	65535	255	4294967295	4294967295	1	255	255	255	255	255	255	255	255	255	2	255	255	255	255	255	255	255	255	255	255	255	255	255	255	255	255	255	255	255	255	255	255	255	255	255	255	255	255	255	255	255	255	255	255	255	255	255	255	255	255	255	255	255	255	255	255	255	255	255	255	255	255	255	255	255	255	255	255	255	255	255	255	255	255	255	255	255	255	255	255	255	255	255	255	255	255	255	255	255	255	255	255	255	255	255	255	255	255	255											
109	4294967295	0	-614.93	98.01	868.33	-561.12	98.01	986.32	-588.02	98.81	927.32	-0.99955	0	0.0299865	0	0	1	UD6_T_F2_SMOKE_01	64.8405	103	4294967295	4294967295	3	65535	65535	255	4294967295	4294967295	1	255	255	255	255	255	255	255	255	255	2	255	255	255	255	255	255	255	255	255	255	255	255	255	255	255	255	255	255	255	255	255	255	255	255	255	255	255	255	255	255	255	255	255	255	255	255	255	255	255	255	255	255	255	255	255	255	255	255	255	255	255	255	255	255	255	255	255	255	255	255	255	255	255	255	255	255	255	255	255	255	255	255	255	255	255	255	255	255	255	255	255	255	255	255	255	255	255	255	255											
110	4294967295	0	-683.11	124.21	865.22	-560.21	124.21	988.12	-621.67	122.34	926.66	0	0	1	0	0	1	UD6_T_F2_SMOKE_02	86.9034	104	4294967295	4294967295	3	65535	65535	255	4294967295	4294967295	1	255	255	255	255	255	255	255	255	255	2	255	255	255	255	255	255	255	255	255	255	255	255	255	255	255	255	255	255	255	255	255	255	255	255	255	255	255	255	255	255	255	255	255	255	255	255	255	255	255	255	255	255	255	255	255	255	255	255	255	255	255	255	255	255	255	255	255	255	255	255	255	255	255	255	255	255	255	255	255	255	255	255	255	255	255	255	255	255	255	255	255	255	255	255	255	255	255	255	255											
111	4294967295	0	-559.74	195.33	688.04	-370.93	211.86	888.44	-458.02	151.71	784.76	0	0	1	0	0	1	UD6_C_F3_KIRI_001	137.915	105	4294967295	4294967295	3	65535	65535	255	4294967295	4294967295	1	255	255	255	255	255	255	255	255	255	2	3	255	255	255	255	255	255	255	255	3	255	255	255	255	255	255	255	255	255	255	255	255	255	255	255	255	255	255	255	255	255	255	255	255	255	255	255	255	255	255	255	255	255	255	255	255	255	255	255	255	255	255	255	255	255	255	255	255	255	255	255	255	255	255	255	255	255	255	255	255	255	255	255	255	255	255	255	255	255	255	255	255	255	255	255	255	255	255	255											
112	4294967295	0	-600.66	184.79	614.33	-411.85	201.32	814.73	-498.94	141.17	711.05	0	0	1	0	0	1	UD6_C_F3_KIRI_001	137.915	106	4294967295	4294967295	3	65535	65535	255	4294967295	4294967295	1	255	255	255	255	255	255	255	255	255	2	3	255	255	255	255	255	255	255	255	3	255	255	255	255	255	255	255	255	255	255	255	255	255	255	255	255	255	255	255	255	255	255	255	255	255	255	255	255	255	255	255	255	255	255	255	255	255	255	255	255	255	255	255	255	255	255	255	255	255	255	255	255	255	255	255	255	255	255	255	255	255	255	255	255	255	255	255	255	255	255	255	255	255	255	255	255	255	255	255											
113	4294967295	0	-568.61	195.35	536.6	-379.8	211.88	737	-466.89	151.73	633.32	0	0	1	0	0	1	UD6_C_F3_KIRI_001	137.915	107	4294967295	4294967295	3	65535	65535	255	4294967295	4294967295	1	255	255	255	255	255	255	255	255	255	2	3	255	255	255	255	255	255	255	255	3	255	255	255	255	255	255	255	255	255	255	255	255	255	255	255	255	255	255	255	255	255	255	255	255	255	255	255	255	255	255	255	255	255	255	255	255	255	255	255	255	255	255	255	255	255	255	255	255	255	255	255	255	255	255	255	255	255	255	255	255	255	255	255	255	255	255	255	255	255	255	255	255	255	255	255	255	255	255	255											
114	4294967295	0	-487.81	184.76	513.34	-299	201.29	713.74	-386.09	141.14	610.06	0	0	1	0	0	1	UD6_C_F3_KIRI_001	137.915	108	4294967295	4294967295	3	65535	65535	255	4294967295	4294967295	1	255	255	255	255	255	255	255	255	255	2	3	255	255	255	255	255	255	255	255	3	255	255	255	255	255	255	255	255	255	255	255	255	255	255	255	255	255	255	255	255	255	255	255	255	255	255	255	255	255	255	255	255	255	255	255	255	255	255	255	255	255	255	255	255	255	255	255	255	255	255	255	255	255	255	255	255	255	255	255	255	255	255	255	255	255	255	255	255	255	255	255	255	255	255	255	255	255	255	255											
115	4294967295	0	-419.21	195.31	562.22	-230.4	211.84	762.62	-317.49	151.69	658.94	0	0	1	0	0	1	UD6_C_F3_KIRI_001	137.915	109	4294967295	4294967295	3	65535	65535	255	4294967295	4294967295	1	255	255	255	255	255	255	255	255	255	2	3	255	255	255	255	255	255	255	255	3	255	255	255	255	255	255	255	255	255	255	255	255	255	255	255	255	255	255	255	255	255	255	255	255	255	255	255	255	255	255	255	255	255	255	255	255	255	255	255	255	255	255	255	255	255	255	255	255	255	255	255	255	255	255	255	255	255	255	255	255	255	255	255	255	255	255	255	255	255	255	255	255	255	255	255	255	255	255	255											
116	4294967295	0	-414.36	184.72	645.34	-225.55	201.25	845.74	-312.64	141.1	742.06	0	0	1	0	0	1	UD6_C_F3_KIRI_001	137.915	110	4294967295	4294967295	3	65535	65535	255	4294967295	4294967295	1	255	255	255	255	255	255	255	255	255	2	3	255	255	255	255	255	255	255	255	3	255	255	255	255	255	255	255	255	255	255	255	255	255	255	255	255	255	255	255	255	255	255	255	255	255	255	255	255	255	255	255	255	255	255	255	255	255	255	255	255	255	255	255	255	255	255	255	255	255	255	255	255	255	255	255	255	255	255	255	255	255	255	255	255	255	255	255	255	255	255	255	255	255	255	255	255	255	255	255											
117	4294967295	1	-479.18	140.56	716.42	-472.57	145.81	723.36	-474.81	140.56	720.26	0.328135	0	-0.944631	0	0	1	UD6_T_F2_SWITCH_002	5.46393	111	4294967295	4294967295	3	65535	65535	255	4294967295	4294967295	1	255	255	255	255	255	255	255	255	255	2	3	255	255	255	255	255	255	255	255	3	255	255	255	255	255	255	255	255	255	255	255	255	255	255	255	255	255	255	255	255	255	255	255	255	255	255	255	255	255	255	255	255	255	255	255	255	255	255	255	255	255	255	255	255	255	255	255	255	255	255	255	255	255	255	255	255	255	255	255	255	255	255	255	255	255	255	255	255	255	255	255	255	255	255	255	255	255	255	255											
118	4294967295	1	-463.12	151.14	653.75	-456.12	156.39	660.42	-459.23	151.14	658.14	0.940376	0	-0.340136	0	0	1	UD6_T_F2_SWITCH_002	5.50116	112	4294967295	4294967295	3	65535	65535	255	4294967295	4294967295	1	255	255	255	255	255	255	255	255	255	2	3	255	255	255	255	255	255	255	255	3	255	255	255	255	255	255	255	255	255	255	255	255	255	255	255	255	255	255	255	255	255	255	255	255	255	255	255	255	255	255	255	255	255	255	255	255	255	255	255	255	255	255	255	255	255	255	255	255	255	255	255	255	255	255	255	255	255	255	255	255	255	255	255	255	255	255	255	255	255	255	255	255	255	255	255	255	255	255	255											
119	4294967295	1	-381.12	140.53	630.68	-374.65	145.78	636.72	-377.67	140.53	634.81	0.98172	0	-0.190333	0	0	1	UD6_T_F2_SWITCH_002	5.1455	113	4294967295	4294967295	3	65535	65535	255	4294967295	4294967295	1	255	255	255	255	255	255	255	255	255	2	3	255	255	255	255	255	255	255	255	3	255	255	255	255	255	255	255	255	255	255	255	255	255	255	255	255	255	255	255	255	255	255	255	255	255	255	255	255	255	255	255	255	255	255	255	255	255	255	255	255	255	255	255	255	255	255	255	255	255	255	255	255	255	255	255	255	255	255	255	255	255	255	255	255	255	255	255	255	255	255	255	255	255	255	255	255	255	255	255											
120	4294967295	1	-344.96	151.11	657.02	-339.52	156.36	662.96	-343.37	151.11	660.07	0.0698291	0	0.997559	0	0	1	UD6_T_F2_SWITCH_002	4.80728	114	4294967295	4294967295	3	65535	65535	255	4294967295	4294967295	1	255	255	255	255	255	255	255	255	255	2	3	255	255	255	255	255	255	255	255	3	255	255	255	255	255	255	255	255	255	255	255	255	255	255	255	255	255	255	255	255	255	255	255	255	255	255	255	255	255	255	255	255	255	255	255	255	255	255	255	255	255	255	255	255	255	255	255	255	255	255	255	255	255	255	255	255	255	255	255	255	255	255	255	255	255	255	255	255	255	255	255	255	255	255	255	255	255	255	255											
121	4294967295	1	-333.01	140.46	719.9	-325.47	145.71	727.44	-330.04	140.46	722.87	-0.707107	0	0.707107	0	0	1	UD6_T_F2_SWITCH_002	5.94276	115	4294967295	4294967295	3	65535	65535	255	4294967295	4294967295	1	255	255	255	255	255	255	255	255	255	2	3	255	255	255	255	255	255	255	255	3	255	255	255	255	255	255	255	255	255	255	255	255	255	255	255	255	255	255	255	255	255	255	255	255	255	255	255	255	255	255	255	255	255	255	255	255	255	255	255	255	255	255	255	255	255	255	255	255	255	255	255	255	255	255	255	255	255	255	255	255	255	255	255	255	255	255	255	255	255	255	255	255	255	255	255	255	255	255	255											
122	4294967295	1	-456.45	150.89	757.34	-449.85	156.14	763.53	-452.9	150.89	759.33	-0.975232	0	-0.221187	0	0	1	UD6_T_F2_SWITCH_002	5.23065	116	4294967295	4294967295	3	65535	65535	255	4294967295	4294967295	1	255	255	255	255	255	255	255	255	255	2	3	255	255	255	255	255	255	255	255	3	255	255	255	255	255	255	255	255	255	255	255	255	255	255	255	255	255	255	255	255	255	255	255	255	255	255	255	255	255	255	255	255	255	255	255	255	255	255	255	255	255	255	255	255	255	255	255	255	255	255	255	255	255	255	255	255	255	255	255	255	255	255	255	255	255	255	255	255	255	255	255	255	255	255	255	255	255	255	255											
123	4294967295	0	644.37	44.51	-1045.77	654.57	54.7	-1033.64	649.49	44.51	-1039.68	0.498284	0	0.867014	1	0	1	UD6_T_ROOM_GATE_02	9.4209	117	4294967295	4294967295	3	65535	65535	255	4294967295	4294967295	1	255	255	255	255	255	255	255	255	255	2	3	255	255	255	255	255	255	255	255	3	255	255	255	255	255	255	255	255	255	4	1	255	255	255	255	255	255	255	255	255	255	255	255	255	255	255	255	255	255	255	255	255	255	255	255	255	255	255	255	255	255	255	255	255	255	255	255	255	255	255	255	255	255	255	255	255	255	255	255	255	255	255	255	255	255	255	255	255	255	255	255	255	255	255	255	255	255	255	255											
124	4294967295	0	621	44.01	-1015.79	636.86	46.01	-999.63	628.93	44.01	-1007.71	0.498284	0	0.867014	1	0	1	UD6_T_ROOM_TRIGGER_01	11.3653	118	4294967295	4294967295	3	65535	65535	255	4294967295	4294967295	1	255	255	255	255	255	255	255	255	255	2	3	255	255	255	255	255	255	255	255	3	255	255	255	255	255	255	255	255	255	4	255	255	255	255	255	255	255	255	255	255	255	255	255	255	255	255	255	255	255	255	255	255	255	255	255	255	255	255	255	255	255	255	255	255	255	255	255	255	255	255	255	255	255	255	255	255	255	255	255	255	255	255	255	255	255	255	255	255	255	255	255	255	255	255	255	255	255	255	255											
125	4294967295	0	636.58	44.36	-982.21	658.5	54.56	-968.18	647.54	44.51	-975.28	0.498284	0	0.867014	1	0	1	UD6_T_ROOM_GATE_01	13.9765	119	4294967295	4294967295	3	65535	65535	255	4294967295	4294967295	1	255	255	255	255	255	255	255	255	255	2	3	255	255	255	255	255	255	255	255	3	255	255	255	255	255	255	255	255	255	4	1	255	255	255	255	255	255	255	255	255	255	255	255	255	255	255	255	255	255	255	255	255	255	255	255	255	255	255	255	255	255	255	255	255	255	255	255	255	255	255	255	255	255	255	255	255	255	255	255	255	255	255	255	255	255	255	255	255	255	255	255	255	255	255	255	255	255	255	255											
126	4294967295	0	585.92	44.51	-540.36	596.12	54.7	-528.23	591.01	44.51	-534.27	-0.498284	0	0.867014	1	0	1	UD6_T_ROOM_GATE_02	9.4209	120	4294967295	4294967295	3	65535	65535	255	4294967295	4294967295	1	255	255	255	255	255	255	255	255	255	2	3	255	255	255	255	255	255	255	255	3	255	255	255	255	255	255	255	255	255	4	1	255	255	255	255	255	255	255	255	255	255	255	255	255	255	255	255	255	255	255	255	255	255	255	255	255	255	255	255	255	255	255	255	255	255	255	255	255	255	255	255	255	255	255	255	255	255	255	255	255	255	255	255	255	255	255	255	255	255	255	255	255	255	255	255	255	255	255	255											
127	4294967295	0	620.98	43.91	-540.46	636.76	45.91	-524.37	628.87	43.91	-532.42	0.483077	0	0.875578	1	0	1	UD6_T_ROOM_TRIGGER_01	11.3126	121	4294967295	4294967295	3	65535	65535	255	4294967295	4294967295	1	255	255	255	255	255	255	255	255	255	2	3	255	255	255	255	255	255	255	255	3	255	255	255	255	255	255	255	255	255	4	255	255	255	255	255	255	255	255	255	255	255	255	255	255	255	255	255	255	255	255	255	255	255	255	255	255	255	255	255	255	255	255	255	255	255	255	255	255	255	255	255	255	255	255	255	255	255	255	255	255	255	255	255	255	255	255	255	255	255	255	255	255	255	255	255	255	255	255	255											
128	4294967295	0	636.65	44.46	-571.78	658.57	54.66	-557.76	647.53	44.61	-564.73	0.498284	0	-0.867014	1	0	1	UD6_T_ROOM_GATE_01	13.974	122	4294967295	4294967295	3	65535	65535	255	4294967295	4294967295	1	255	255	255	255	255	255	255	255	255	2	3	255	255	255	255	255	255	255	255	3	255	255	255	255	255	255	255	255	255	4	1	255	255	255	255	255	255	255	255	255	255	255	255	255	255	255	255	255	255	255	255	255	255	255	255	255	255	255	255	255	255	255	255	255	255	255	255	255	255	255	255	255	255	255	255	255	255	255	255	255	255	255	255	255	255	255	255	255	255	255	255	255	255	255	255	255	255	255	255											
129	4294967295	0	1051.81	44.44	-738.94	1062.61	54.63	-733.39	1057.18	44.44	-736.16	-1	0	0	1	0	1	UD6_T_ROOM_GATE_02	7.92586	123	4294967295	4294967295	3	65535	65535	255	4294967295	4294967295	1	255	255	255	255	255	255	255	255	255	2	3	255	255	255	255	255	255	255	255	3	255	255	255	255	255	255	255	255	255	4	1	255	255	255	255	255	255	255	255	255	255	255	255	255	255	255	255	255	255	255	255	255	255	255	255	255	255	255	255	255	255	255	255	255	255	255	255	255	255	255	255	255	255	255	255	255	255	255	255	255	255	255	255	255	255	255	255	255	255	255	255	255	255	255	255	255	255	255	255											
130	4294967295	0	1032.16	43.91	-778	1047.94	45.91	-761.92	1040.05	43.91	-769.96	0.483077	0	0.875578	1	0	1	UD6_T_ROOM_TRIGGER_01	11.309	124	4294967295	4294967295	3	65535	65535	255	4294967295	4294967295	1	255	255	255	255	255	255	255	255	255	2	3	255	255	255	255	255	255	255	255	3	255	255	255	255	255	255	255	255	255	4	255	255	255	255	255	255	255	255	255	255	255	255	255	255	255	255	255	255	255	255	255	255	255	255	255	255	255	255	255	255	255	255	255	255	255	255	255	255	255	255	255	255	255	255	255	255	255	255	255	255	255	255	255	255	255	255	255	255	255	255	255	255	255	255	255	255	255	255	255											
131	4294967295	0	1001.24	44.31	-781.95	1003.61	54.51	-758.01	1002.5	44.46	-769.93	-1	0	0	1	0	1	UD6_T_ROOM_GATE_01	13.065	125	4294967295	4294967295	3	65535	65535	255	4294967295	4294967295	1	255	255	255	255	255	255	255	255	255	2	3	255	255	255	255	255	255	255	255	3	255	255	255	255	255	255	255	255	255	4	1	255	255	255	255	255	255	255	255	255	255	255	255	255	255	255	255	255	255	255	255	255	255	255	255	255	255	255	255	255	255	255	255	255	255	255	255	255	255	255	255	255	255	255	255	255	255	255	255	255	255	255	255	255	255	255	255	255	255	255	255	255	255	255	255	255	255	255	255											
132	4294967295	1	-818.52	87.3	817.63	-810.56	95.3	818.47	-814.54	87.3	818.05	0.100499	0	0.994937	0	0	1	PORTAL_COLLISION	5.65835	126	4294967295	4294967295	3	65535	65535	255	4294967295	4294967295	1	255	255	255	255	255	255	255	255	255	255	255	255	255	255	255	255	255	255	255	255	255	255	255	255	255	255	255	255	255	255	255	255	255	255	255	255	255	255	255	255	255	255	255	255	255	255	255	255	255	255	255	255	255	255	255	255	255	255	255	255	255	255	255	255	255	255	255	255	255	255	255	255	255	255	255	255	255	255	255	255	255	255	255	255	255	255	255	255	255	255	255	255	255	255	255	255	255	255	255											
133	4294967295	1	-840.51	82.5	659.27	-833.96	86.39	665.82	-837.23	82.5	662.57	-0.611162	0	0.791505	1	0	1	UD6_C_F2_GATE_001	5.02337	127	4294967295	4294967295	3	65535	65535	255	4294967295	4294967295	1	255	255	255	255	255	255	255	255	255	2	3	255	255	255	255	255	255	255	255	3	255	255	255	255	255	255	255	255	255	4	1	255	255	255	255	255	255	255	255	255	255	255	255	255	255	255	255	255	255	255	255	255	255	255	255	255	255	255	255	255	255	255	255	255	255	255	255	255	255	255	255	255	255	255	255	255	255	255	255	255	255	255	255	255	255	255	255	255	255	255	255	255	255	255	255	255	255	255	255											
134	4294967295	0	-622.07	125.4	926.3	-621.23	127.35	927.14	-621.63	125.4	926.64	0.707107	0	0.707107	0	0	1	UD6_T_F2_BOSSROUTE_01	1.14169	128	4294967295	4294967295	3	65535	65535	255	4294967295	4294967295	1	255	255	255	255	255	255	255	255	255	2	255	255	255	255	255	255	255	255	255	255	255	255	255	255	255	255	255	255	255	255	255	255	255	255	255	255	255	255	255	255	255	255	255	255	255	255	255	255	255	255	255	255	255	255	255	255	255	255	255	255	255	255	255	255	255	255	255	255	255	255	255	255	255	255	255	255	255	255	255	255	255	255	255	255	255	255	255	255	255	255	255	255	255	255	255	255	255	255	255											
135	4294967295	0	-621.98	125.4	926.25	-621.13	127.35	927.09	-621.63	125.4	926.64	0.707107	0	-0.707107	0	0	1	UD6_T_F2_BOSSROUTE_01	1.14352	129	4294967295	4294967295	3	65535	65535	255	4294967295	4294967295	1	255	255	255	255	255	255	255	255	255	2	255	255	255	255	255	255	255	255	255	255	255	255	255	255	255	255	255	255	255	255	255	255	255	255	255	255	255	255	255	255	255	255	255	255	255	255	255	255	255	255	255	255	255	255	255	255	255	255	255	255	255	255	255	255	255	255	255	255	255	255	255	255	255	255	255	255	255	255	255	255	255	255	255	255	255	255	255	255	255	255	255	255	255	255	255	255	255	255	255											
136	4294967295	0	-622.03	125.4	926.15	-621.18	127.35	926.99	-621.63	125.4	926.64	-0.707107	0	-0.707107	0	0	1	UD6_T_F2_BOSSROUTE_01	1.14352	130	4294967295	4294967295	3	65535	65535	255	4294967295	4294967295	1	255	255	255	255	255	255	255	255	255	2	255	255	255	255	255	255	255	255	255	255	255	255	255	255	255	255	255	255	255	255	255	255	255	255	255	255	255	255	255	255	255	255	255	255	255	255	255	255	255	255	255	255	255	255	255	255	255	255	255	255	255	255	255	255	255	255	255	255	255	255	255	255	255	255	255	255	255	255	255	255	255	255	255	255	255	255	255	255	255	255	255	255	255	255	255	255	255	255	255											
137	4294967295	0	-622.12	125.4	926.2	-621.28	127.35	927.04	-621.63	125.4	926.64	-0.707107	0	0.707107	0	0	1	UD6_T_F2_BOSSROUTE_01	1.14166	131	4294967295	4294967295	3	65535	65535	255	4294967295	4294967295	1	255	255	255	255	255	255	255	255	255	2	255	255	255	255	255	255	255	255	255	255	255	255	255	255	255	255	255	255	255	255	255	255	255	255	255	255	255	255	255	255	255	255	255	255	255	255	255	255	255	255	255	255	255	255	255	255	255	255	255	255	255	255	255	255	255	255	255	255	255	255	255	255	255	255	255	255	255	255	255	255	255	255	255	255	255	255	255	255	255	255	255	255	255	255	255	255	255	255	255											
138	4294967295	0	-426.62	144.54	681.26	-378.4	144.54	729.48	-402.51	117.22	705.37	0	0	1	0	0	1	UD6_C_ROOM_KIRI01	34.0967	132	4294967295	4294967295	3	65535	65535	255	4294967295	4294967295	1	255	255	255	255	255	255	255	255	255	2	3	255	255	255	255	255	255	255	255	255	255	255	255	255	255	255	255	255	255	255	255	255	255	255	255	255	255	255	255	255	255	255	255	255	255	255	255	255	255	255	255	255	255	255	255	255	255	255	255	255	255	255	255	255	255	255	255	255	255	255	255	255	255	255	255	255	255	255	255	255	255	255	255	255	255	255	255	255	255	255	255	255	255	255	255	255	255	255	255											
139	4294967295	0	-402.85	144.84	704.46	-402.06	146.79	705.13	-402.4	144.84	704.74	0.258902	0	0.965904	0	0	1	UD6_T_END_PORTAL_01	1.10402	133	4294967295	4294967295	3	65535	65535	255	4294967295	4294967295	1	255	255	255	255	255	255	255	255	255	2	3	255	255	255	255	255	255	255	255	255	255	255	255	255	255	255	255	255	255	255	255	255	255	255	255	255	255	255	255	255	255	255	255	255	255	255	255	255	255	255	255	255	255	255	255	255	255	255	255	255	255	255	255	255	255	255	255	255	255	255	255	255	255	255	255	255	255	255	255	255	255	255	255	255	255	255	255	255	255	255	255	255	255	255	255	255	255	255	255											
