1	4294967295	1	-59.1	3.43	8.13	-40.59	46.91	26.34	-51.67	27.92	19.18	0	0	1	1	0	1	PD03_T_DOOR_001	25.3216	0	4294967295	4294967295	5	65535	65535	255	4294967295	4294967295	1	255	255	255	255	255	255	255	255	255	2	3	255	255	255	255	255	255	255	255	3	255	255	255	255	255	255	255	255	255	255	255	255	255	255	255	255	255	255	255	255	255	255	255	255	255	255	255	255	255	255	255	255	255	255	255	255	255	255	255	255	255	255	255	255	255	255	255	255	255	255	255	255	255	255	255	255	255	255	255	255	255	255	255	255	255	255	255	255	255	255	255	255	255	255	255	255	255	255	255											
2	4294967295	1	22.05	27.44	-4.1	23.87	28.8	-2.28	22.96	27.52	-3.19	0.410781	0	0.911734	0	0	1	PD03_T_INSECT_EGG_01	1.45554	1	4294967295	4294967295	5	65535	65535	255	4294967295	4294967295	1	255	255	255	255	255	255	255	255	255	255	255	255	255	255	255	255	255	255	255	255	255	255	255	255	255	255	255	255	255	255	255	255	255	255	255	255	255	255	255	255	255	255	255	255	255	255	255	255	255	255	255	255	255	255	255	255	255	255	255	255	255	255	255	255	255	255	255	255	255	255	255	255	255	255	255	255	255	255	255	255	255	255	255	255	255	255	255	255	255	255	255	255	255	255	255	255	255	255	255											
3	4294967295	1	25.86	27.51	-5.7	27.92	29.42	-4.07	26.62	27.92	-4.89	-0.98172	0	-0.190333	0	0	1	PD03_T_INSECT_EGG_01	1.62393	2	4294967295	4294967295	5	65535	65535	255	4294967295	4294967295	1	255	255	255	255	255	255	255	255	255	255	255	255	255	255	255	255	255	255	255	255	255	255	255	255	255	255	255	255	255	255	255	255	255	255	255	255	255	255	255	255	255	255	255	255	255	255	255	255	255	255	255	255	255	255	255	255	255	255	255	255	255	255	255	255	255	255	255	255	255	255	255	255	255	255	255	255	255	255	255	255	255	255	255	255	255	255	255	255	255	255	255	255	255	255	255	255	255	255	255											
4	4294967295	1	24.7	27.79	-2	26.65	29.72	-0.05	25.56	28.02	-0.9	-0.691905	0	0.721988	0	0	1	PD03_T_INSECT_EGG_01	1.683	3	4294967295	4294967295	5	65535	65535	255	4294967295	4294967295	1	255	255	255	255	255	255	255	255	255	255	255	255	255	255	255	255	255	255	255	255	255	255	255	255	255	255	255	255	255	255	255	255	255	255	255	255	255	255	255	255	255	255	255	255	255	255	255	255	255	255	255	255	255	255	255	255	255	255	255	255	255	255	255	255	255	255	255	255	255	255	255	255	255	255	255	255	255	255	255	255	255	255	255	255	255	255	255	255	255	255	255	255	255	255	255	255	255	255	255											
5	4294967295	1	31.62	27.83	3.79	33.34	29.53	5.51	32.48	27.92	4.65	0	0	1	0	0	1	PD03_T_INSECT_EGG_01	1.48381	4	4294967295	4294967295	5	65535	65535	255	4294967295	4294967295	1	255	255	255	255	255	255	255	255	255	255	255	255	255	255	255	255	255	255	255	255	255	255	255	255	255	255	255	255	255	255	255	255	255	255	255	255	255	255	255	255	255	255	255	255	255	255	255	255	255	255	255	255	255	255	255	255	255	255	255	255	255	255	255	255	255	255	255	255	255	255	255	255	255	255	255	255	255	255	255	255	255	255	255	255	255	255	255	255	255	255	255	255	255	255	255	255	255	255	255											
6	4294967295	1	27.44	27.84	8.05	29.09	29.2	9.7	28.26	27.92	8.87	-0.975232	0	0.221187	0	0	1	PD03_T_INSECT_EGG_01	1.35043	5	4294967295	4294967295	5	65535	65535	255	4294967295	4294967295	1	255	255	255	255	255	255	255	255	255	255	255	255	255	255	255	255	255	255	255	255	255	255	255	255	255	255	255	255	255	255	255	255	255	255	255	255	255	255	255	255	255	255	255	255	255	255	255	255	255	255	255	255	255	255	255	255	255	255	255	255	255	255	255	255	255	255	255	255	255	255	255	255	255	255	255	255	255	255	255	255	255	255	255	255	255	255	255	255	255	255	255	255	255	255	255	255	255	255	255											
7	4294967295	1	-9.1	27.26	-16.5	-6.99	29.26	-14.79	-8.54	27.92	-15.71	-0.98172	0	-0.190333	0	0	1	PD03_T_INSECT_EGG_01	1.68643	6	4294967295	4294967295	5	65535	65535	255	4294967295	4294967295	1	255	255	255	255	255	255	255	255	255	255	255	255	255	255	255	255	255	255	255	255	255	255	255	255	255	255	255	255	255	255	255	255	255	255	255	255	255	255	255	255	255	255	255	255	255	255	255	255	255	255	255	255	255	255	255	255	255	255	255	255	255	255	255	255	255	255	255	255	255	255	255	255	255	255	255	255	255	255	255	255	255	255	255	255	255	255	255	255	255	255	255	255	255	255	255	255	255	255	255											
8	4294967295	1	-16.47	27.41	-20.04	-14.46	29.82	-18.55	-15.75	27.75	-19.31	0.970728	0	-0.24018	0	0	1	PD03_T_INSECT_EGG_01	1.73697	7	4294967295	4294967295	5	65535	65535	255	4294967295	4294967295	1	255	255	255	255	255	255	255	255	255	255	255	255	255	255	255	255	255	255	255	255	255	255	255	255	255	255	255	255	255	255	255	255	255	255	255	255	255	255	255	255	255	255	255	255	255	255	255	255	255	255	255	255	255	255	255	255	255	255	255	255	255	255	255	255	255	255	255	255	255	255	255	255	255	255	255	255	255	255	255	255	255	255	255	255	255	255	255	255	255	255	255	255	255	255	255	255	255	255	255											
9	4294967295	1	-16.75	27.58	-21.51	-15.09	29.09	-20.07	-16.1	27.92	-20.76	-0.43921	0	0.898384	0	0	1	PD03_T_INSECT_EGG_01	1.33316	8	4294967295	4294967295	5	65535	65535	255	4294967295	4294967295	1	255	255	255	255	255	255	255	255	255	255	255	255	255	255	255	255	255	255	255	255	255	255	255	255	255	255	255	255	255	255	255	255	255	255	255	255	255	255	255	255	255	255	255	255	255	255	255	255	255	255	255	255	255	255	255	255	255	255	255	255	255	255	255	255	255	255	255	255	255	255	255	255	255	255	255	255	255	255	255	255	255	255	255	255	255	255	255	255	255	255	255	255	255	255	255	255	255	255	255											
10	4294967295	1	-17.77	27.5	-17.82	-15.78	29.45	-16.12	-17.01	27.92	-17.01	-0.190333	0	-0.98172	0	0	1	PD03_T_INSECT_EGG_01	1.63192	9	4294967295	4294967295	5	65535	65535	255	4294967295	4294967295	1	255	255	255	255	255	255	255	255	255	255	255	255	255	255	255	255	255	255	255	255	255	255	255	255	255	255	255	255	255	255	255	255	255	255	255	255	255	255	255	255	255	255	255	255	255	255	255	255	255	255	255	255	255	255	255	255	255	255	255	255	255	255	255	255	255	255	255	255	255	255	255	255	255	255	255	255	255	255	255	255	255	255	255	255	255	255	255	255	255	255	255	255	255	255	255	255	255	255	255											
11	4294967295	1	-19.61	27.52	-17.47	-17.64	29.27	-15.82	-18.85	27.92	-16.63	-0.898384	0	0.43921	0	0	1	PD03_T_INSECT_EGG_01	1.5545	10	4294967295	4294967295	5	65535	65535	255	4294967295	4294967295	1	255	255	255	255	255	255	255	255	255	255	255	255	255	255	255	255	255	255	255	255	255	255	255	255	255	255	255	255	255	255	255	255	255	255	255	255	255	255	255	255	255	255	255	255	255	255	255	255	255	255	255	255	255	255	255	255	255	255	255	255	255	255	255	255	255	255	255	255	255	255	255	255	255	255	255	255	255	255	255	255	255	255	255	255	255	255	255	255	255	255	255	255	255	255	255	255	255	255	255											
12	4294967295	1	-31.35	27.58	-31.59	-29.33	29.99	-30.09	-30.62	27.92	-30.86	0.970728	0	-0.24018	0	0	1	PD03_T_INSECT_EGG_01	1.74202	11	4294967295	4294967295	5	65535	65535	255	4294967295	4294967295	1	255	255	255	255	255	255	255	255	255	255	255	255	255	255	255	255	255	255	255	255	255	255	255	255	255	255	255	255	255	255	255	255	255	255	255	255	255	255	255	255	255	255	255	255	255	255	255	255	255	255	255	255	255	255	255	255	255	255	255	255	255	255	255	255	255	255	255	255	255	255	255	255	255	255	255	255	255	255	255	255	255	255	255	255	255	255	255	255	255	255	255	255	255	255	255	255	255	255	255											
13	4294967295	1	-31.58	27.66	-31.11	-29.83	29.2	-29.6	-30.89	28.02	-30.33	-0.671176	0	0.741298	0	0	1	PD03_T_INSECT_EGG_01	1.38872	12	4294967295	4294967295	5	65535	65535	255	4294967295	4294967295	1	255	255	255	255	255	255	255	255	255	255	255	255	255	255	255	255	255	255	255	255	255	255	255	255	255	255	255	255	255	255	255	255	255	255	255	255	255	255	255	255	255	255	255	255	255	255	255	255	255	255	255	255	255	255	255	255	255	255	255	255	255	255	255	255	255	255	255	255	255	255	255	255	255	255	255	255	255	255	255	255	255	255	255	255	255	255	255	255	255	255	255	255	255	255	255	255	255	255	255											
14	4294967295	1	-30.92	27.65	-31.64	-29.07	29.34	-30.14	-30.23	28.02	-30.88	-0.965904	0	0.258902	0	0	1	PD03_T_INSECT_EGG_01	1.46019	13	4294967295	4294967295	5	65535	65535	255	4294967295	4294967295	1	255	255	255	255	255	255	255	255	255	255	255	255	255	255	255	255	255	255	255	255	255	255	255	255	255	255	255	255	255	255	255	255	255	255	255	255	255	255	255	255	255	255	255	255	255	255	255	255	255	255	255	255	255	255	255	255	255	255	255	255	255	255	255	255	255	255	255	255	255	255	255	255	255	255	255	255	255	255	255	255	255	255	255	255	255	255	255	255	255	255	255	255	255	255	255	255	255	255	255											
15	4294967295	1	-30.76	27.56	-37.27	-29.01	29.1	-35.76	-30.07	27.92	-36.49	-0.671176	0	0.741298	0	0	1	PD03_T_INSECT_EGG_01	1.38872	14	4294967295	4294967295	5	65535	65535	255	4294967295	4294967295	1	255	255	255	255	255	255	255	255	255	255	255	255	255	255	255	255	255	255	255	255	255	255	255	255	255	255	255	255	255	255	255	255	255	255	255	255	255	255	255	255	255	255	255	255	255	255	255	255	255	255	255	255	255	255	255	255	255	255	255	255	255	255	255	255	255	255	255	255	255	255	255	255	255	255	255	255	255	255	255	255	255	255	255	255	255	255	255	255	255	255	255	255	255	255	255	255	255	255	255											
16	4294967295	1	-37.83	27.56	-29.24	-36.08	29.1	-27.73	-37.15	27.92	-28.46	-0.671176	0	0.741298	0	0	1	PD03_T_INSECT_EGG_01	1.38872	15	4294967295	4294967295	5	65535	65535	255	4294967295	4294967295	1	255	255	255	255	255	255	255	255	255	255	255	255	255	255	255	255	255	255	255	255	255	255	255	255	255	255	255	255	255	255	255	255	255	255	255	255	255	255	255	255	255	255	255	255	255	255	255	255	255	255	255	255	255	255	255	255	255	255	255	255	255	255	255	255	255	255	255	255	255	255	255	255	255	255	255	255	255	255	255	255	255	255	255	255	255	255	255	255	255	255	255	255	255	255	255	255	255	255	255											
17	4294967295	1	-36.62	27.95	-1.56	-34.41	30.25	0.21	-35.8	28.32	-0.72	0.540758	0	-0.841178	0	0	1	PD03_T_INSECT_EGG_01	1.82394	16	4294967295	4294967295	5	65535	65535	255	4294967295	4294967295	1	255	255	255	255	255	255	255	255	255	255	255	255	255	255	255	255	255	255	255	255	255	255	255	255	255	255	255	255	255	255	255	255	255	255	255	255	255	255	255	255	255	255	255	255	255	255	255	255	255	255	255	255	255	255	255	255	255	255	255	255	255	255	255	255	255	255	255	255	255	255	255	255	255	255	255	255	255	255	255	255	255	255	255	255	255	255	255	255	255	255	255	255	255	255	255	255	255	255	255											
18	4294967295	1	-37.59	27.76	-0.99	-35.39	29.78	0.92	-36.73	28.22	-0.07	-0.419058	0	-0.907959	0	0	1	PD03_T_INSECT_EGG_01	1.7726	17	4294967295	4294967295	5	65535	65535	255	4294967295	4294967295	1	255	255	255	255	255	255	255	255	255	255	255	255	255	255	255	255	255	255	255	255	255	255	255	255	255	255	255	255	255	255	255	255	255	255	255	255	255	255	255	255	255	255	255	255	255	255	255	255	255	255	255	255	255	255	255	255	255	255	255	255	255	255	255	255	255	255	255	255	255	255	255	255	255	255	255	255	255	255	255	255	255	255	255	255	255	255	255	255	255	255	255	255	255	255	255	255	255	255	255											
19	4294967295	1	-38.6	28.16	6.15	-36.5	30.02	7.94	-37.74	28.52	7.06	0.940376	0	0.340136	0	0	1	PD03_T_INSECT_EGG_01	1.66386	18	4294967295	4294967295	5	65535	65535	255	4294967295	4294967295	1	255	255	255	255	255	255	255	255	255	255	255	255	255	255	255	255	255	255	255	255	255	255	255	255	255	255	255	255	255	255	255	255	255	255	255	255	255	255	255	255	255	255	255	255	255	255	255	255	255	255	255	255	255	255	255	255	255	255	255	255	255	255	255	255	255	255	255	255	255	255	255	255	255	255	255	255	255	255	255	255	255	255	255	255	255	255	255	255	255	255	255	255	255	255	255	255	255	255	255											
20	4294967295	1	-14.3	28.06	23.74	-12.14	29.91	25.6	-13.43	28.42	24.71	0.360994	0	0.932568	0	0	1	PD03_T_INSECT_EGG_01	1.6991	19	4294967295	4294967295	5	65535	65535	255	4294967295	4294967295	1	255	255	255	255	255	255	255	255	255	255	255	255	255	255	255	255	255	255	255	255	255	255	255	255	255	255	255	255	255	255	255	255	255	255	255	255	255	255	255	255	255	255	255	255	255	255	255	255	255	255	255	255	255	255	255	255	255	255	255	255	255	255	255	255	255	255	255	255	255	255	255	255	255	255	255	255	255	255	255	255	255	255	255	255	255	255	255	255	255	255	255	255	255	255	255	255	255	255	255											
21	4294967295	1	-14.1	28.17	25.43	-12.57	29.68	26.65	-13.5	28.42	26.04	0.9998	0	-0.019996	0	0	1	PD03_T_INSECT_EGG_01	1.23586	20	4294967295	4294967295	5	65535	65535	255	4294967295	4294967295	1	255	255	255	255	255	255	255	255	255	255	255	255	255	255	255	255	255	255	255	255	255	255	255	255	255	255	255	255	255	255	255	255	255	255	255	255	255	255	255	255	255	255	255	255	255	255	255	255	255	255	255	255	255	255	255	255	255	255	255	255	255	255	255	255	255	255	255	255	255	255	255	255	255	255	255	255	255	255	255	255	255	255	255	255	255	255	255	255	255	255	255	255	255	255	255	255	255	255	255											
22	4294967295	1	-31.95	17.78	-209.34	-31.47	33.19	-201.66	-31.71	17.75	-205.5	0	0	1	1	0	1	PD03_T_DOOR_002	8.61221	21	4294967295	4294967295	5	65535	65535	255	4294967295	4294967295	1	255	255	255	255	255	255	255	255	255	4	3	255	255	255	255	255	255	255	255	3	255	255	255	255	255	255	255	255	255	2	1	255	255	255	255	255	255	255	255	255	255	255	255	255	255	255	255	255	255	255	255	255	255	255	255	255	255	255	255	255	255	255	255	255	255	255	255	255	255	255	255	255	255	255	255	255	255	255	255	255	255	255	255	255	255	255	255	255	255	255	255	255	255	255	255	255	255	255	255											
23	4294967295	1	167.48	9.66	23.09	173.51	30.07	29.12	170.48	9.61	26.09	0	0	1	1	0	1	PD03_T_DOOR_003	11.0599	22	4294967295	4294967295	5	65535	65535	255	4294967295	4294967295	1	255	255	255	255	255	255	255	255	255	4	3	255	255	255	255	255	255	255	255	3	255	255	255	255	255	255	255	255	255	2	1	255	255	255	255	255	255	255	255	255	255	255	255	255	255	255	255	255	255	255	255	255	255	255	255	255	255	255	255	255	255	255	255	255	255	255	255	255	255	255	255	255	255	255	255	255	255	255	255	255	255	255	255	255	255	255	255	255	255	255	255	255	255	255	255	255	255	255	255											
25	4294967295	1	-30.5	17.93	-240.78	38.12	30.17	-240.04	3.81	17.93	-240.37	0	0	1	0	0	1	PD03_T_RAZER_COLLISION_001	34.8535	23	4294967295	4294967295	5	65535	65535	255	4294967295	4294967295	1	255	255	255	255	255	255	255	255	255	2	255	255	255	255	255	255	255	255	255	255	255	255	255	255	255	255	255	255	255	255	255	255	255	255	255	255	255	255	255	255	255	255	255	255	255	255	255	255	255	255	255	255	255	255	255	255	255	255	255	255	255	255	255	255	255	255	255	255	255	255	255	255	255	255	255	255	255	255	255	255	255	255	255	255	255	255	255	255	255	255	255	255	255	255	255	255	255	255	255											
26	4294967295	1	-31.04	17.75	-273.96	37.58	29.99	-273.22	3.27	17.75	-273.55	0	0	1	0	0	1	PD03_T_RAZER_COLLISION_001	34.8535	24	4294967295	4294967295	5	65535	65535	255	4294967295	4294967295	1	255	255	255	255	255	255	255	255	255	2	255	255	255	255	255	255	255	255	255	255	255	255	255	255	255	255	255	255	255	255	255	255	255	255	255	255	255	255	255	255	255	255	255	255	255	255	255	255	255	255	255	255	255	255	255	255	255	255	255	255	255	255	255	255	255	255	255	255	255	255	255	255	255	255	255	255	255	255	255	255	255	255	255	255	255	255	255	255	255	255	255	255	255	255	255	255	255	255	255											
29	4294967295	0	-12.27	-5.91	263.68	10.93	17.29	263.68	-0.67	-5.91	263.68	0	0	1	255	255	255	PORTAL_COLLISION	16.4049	25	4294967295	4294967295	5	65535	65535	255	4294967295	4294967295	255	255	255	255	255	255	255	255	255	255	255	255	255	255	255	255	255	255	255	255	255	255	255	255	255	255	255	255	255	255	255	255	255	255	255	255	255	255	255	255	255	255	255	255	255	255	255	255	255	255	255	255	255	255	255	255	255	255	255	255	255	255	255	255	255	255	255	255	255	255	255	255	255	255	255	255	255	255	255	255	255	255	255	255	255	255	255	255	255	255	255	255	255	255	255	255	255	255	255	255											
30	4294967295	1	9.89	2.9	255.38	11.38	5.03	256.87	10.63	2.79	256.12	-0.140021	0	-0.990149	0	0	1	UD3_T_MANMADE_DRAFT_001	1.49809	26	4294967295	4294967295	5	65535	65535	255	4294967295	4294967295	1	255	255	255	255	255	255	255	255	255	255	255	255	255	255	255	255	255	255	255	255	255	255	255	255	255	255	255	255	255	255	255	255	255	255	255	255	255	255	255	255	255	255	255	255	255	255	255	255	255	255	255	255	255	255	255	255	255	255	255	255	255	255	255	255	255	255	255	255	255	255	255	255	255	255	255	255	255	255	255	255	255	255	255	255	255	255	255	255	255	255	255	255	255	255	255	255	255	255	255											
31	4294967295	1	-12.14	-0.02	140.34	10.12	17.14	144.88	-1.01	-0.02	142.61	0	0	1	1	2	1	PD03_T_GATE_01	14.2354	27	4294967295	4294967295	5	65535	65535	255	4294967295	4294967295	1	255	255	255	255	255	255	255	255	255	2	3	255	255	255	255	255	255	255	255	3	255	255	255	255	255	255	255	255	255	4	1	255	255	255	255	255	255	255	255	255	255	255	255	255	255	255	255	255	255	255	255	255	255	255	255	255	255	255	255	255	255	255	255	255	255	255	255	255	255	255	255	255	255	255	255	255	255	255	255	255	255	255	255	255	255	255	255	255	255	255	255	255	255	255	255	255	255	255	255											
32	4294967295	1	-12.19	-0.01	260.39	10.07	17.15	264.93	-1.06	-0.01	262.66	0	0	1	1	0	1	PD03_T_GATE_01	14.2354	28	4294967295	4294967295	5	65535	65535	255	4294967295	4294967295	1	255	255	255	255	255	255	255	255	255	2	3	255	255	255	255	255	255	255	255	3	255	255	255	255	255	255	255	255	255	4	1	255	255	255	255	255	255	255	255	255	255	255	255	255	255	255	255	255	255	255	255	255	255	255	255	255	255	255	255	255	255	255	255	255	255	255	255	255	255	255	255	255	255	255	255	255	255	255	255	255	255	255	255	255	255	255	255	255	255	255	255	255	255	255	255	255	255	255	255											
33	100046	4194304	2.48	27.94	-8.01	3.62	31.14	-5.45	3.05	27.94	-6.73	-0.911734	0	0.410781	255	255	255	PORTAL_COLLISION	2.1268	29	4294967295	4294967295	5	65535	65535	255	4294967295	4294967295	255	255	255	255	255	255	255	255	255	255	255	255	255	255	255	255	255	255	255	255	255	255	255	255	255	255	255	255	255	255	255	255	255	255	255	255	255	255	255	255	255	255	255	255	255	255	255	255	255	255	255	255	255	255	255	255	255	255	255	255	255	255	255	255	255	255	255	255	255	255	255	255	255	255	255	255	255	255	255	255	255	255	255	255	255	255	255	255	255	255	255	255	255	255	255	255	255	255	255	255											
34	381	1	26.67	27.75	-6.52	28.5	29.14	-4.93	27.48	28.08	-5.76	0.867014	0	-0.498284	0	0	1	PD03_O_BROKEN_EGG_001	1.39724	30	4294967295	4294967295	5	65535	65535	255	4294967295	4294967295	1	255	255	255	255	255	255	255	255	255	255	255	255	255	255	255	255	255	255	255	255	255	255	255	255	255	255	255	255	255	255	255	255	255	255	255	255	255	255	255	255	255	255	255	255	255	255	255	255	255	255	255	255	255	255	255	255	255	255	255	255	255	255	255	255	255	255	255	255	255	255	255	255	255	255	255	255	255	255	255	255	255	255	255	255	255	255	255	255	255	255	255	255	255	255	255	255	255	255	255											
35	381	1	-9.25	28.43	-11.24	-7.84	29.67	-9.98	-8.64	28.67	-10.57	0.0299865	0	0.99955	0	0	1	PD03_O_BROKEN_EGG_001	1.13063	31	4294967295	4294967295	5	65535	65535	255	4294967295	4294967295	1	255	255	255	255	255	255	255	255	255	255	255	255	255	255	255	255	255	255	255	255	255	255	255	255	255	255	255	255	255	255	255	255	255	255	255	255	255	255	255	255	255	255	255	255	255	255	255	255	255	255	255	255	255	255	255	255	255	255	255	255	255	255	255	255	255	255	255	255	255	255	255	255	255	255	255	255	255	255	255	255	255	255	255	255	255	255	255	255	255	255	255	255	255	255	255	255	255	255	255											
36	381	1	-32.15	28.33	-30.89	-30.9	29.23	-29.79	-31.47	28.52	-30.31	-0.882075	0	0.471108	0	0	1	PD03_O_BROKEN_EGG_001	0.946375	32	4294967295	4294967295	5	65535	65535	255	4294967295	4294967295	1	255	255	255	255	255	255	255	255	255	255	255	255	255	255	255	255	255	255	255	255	255	255	255	255	255	255	255	255	255	255	255	255	255	255	255	255	255	255	255	255	255	255	255	255	255	255	255	255	255	255	255	255	255	255	255	255	255	255	255	255	255	255	255	255	255	255	255	255	255	255	255	255	255	255	255	255	255	255	255	255	255	255	255	255	255	255	255	255	255	255	255	255	255	255	255	255	255	255	255											
37	381	1	-45.82	27.93	7.57	-44.78	28.78	8.52	-45.25	28.09	8.02	-0.140021	0	-0.990149	0	0	1	PD03_O_BROKEN_EGG_001	0.822588	33	4294967295	4294967295	5	65535	65535	255	4294967295	4294967295	1	255	255	255	255	255	255	255	255	255	255	255	255	255	255	255	255	255	255	255	255	255	255	255	255	255	255	255	255	255	255	255	255	255	255	255	255	255	255	255	255	255	255	255	255	255	255	255	255	255	255	255	255	255	255	255	255	255	255	255	255	255	255	255	255	255	255	255	255	255	255	255	255	255	255	255	255	255	255	255	255	255	255	255	255	255	255	255	255	255	255	255	255	255	255	255	255	255	255	255											
38	381	1	-8.28	27.83	42.09	-6.74	29.14	43.52	-7.43	28.07	42.76	-0.0698291	0	-0.997559	0	0	1	PD03_O_BROKEN_EGG_001	1.2382	34	4294967295	4294967295	5	65535	65535	255	4294967295	4294967295	1	255	255	255	255	255	255	255	255	255	255	255	255	255	255	255	255	255	255	255	255	255	255	255	255	255	255	255	255	255	255	255	255	255	255	255	255	255	255	255	255	255	255	255	255	255	255	255	255	255	255	255	255	255	255	255	255	255	255	255	255	255	255	255	255	255	255	255	255	255	255	255	255	255	255	255	255	255	255	255	255	255	255	255	255	255	255	255	255	255	255	255	255	255	255	255	255	255	255	255											
39	381	1	-2.4	28.05	23.26	-1.13	29.12	24.43	-1.7	28.25	23.81	-0.0698291	0	-0.997559	0	0	1	PD03_O_BROKEN_EGG_001	1.01571	35	4294967295	4294967295	5	65535	65535	255	4294967295	4294967295	1	255	255	255	255	255	255	255	255	255	255	255	255	255	255	255	255	255	255	255	255	255	255	255	255	255	255	255	255	255	255	255	255	255	255	255	255	255	255	255	255	255	255	255	255	255	255	255	255	255	255	255	255	255	255	255	255	255	255	255	255	255	255	255	255	255	255	255	255	255	255	255	255	255	255	255	255	255	255	255	255	255	255	255	255	255	255	255	255	255	255	255	255	255	255	255	255	255	255	255											
40	381	1	0.19	28.38	34.67	1.93	29.36	36.15	1.06	28.45	35.41	0.360994	0	0.932568	0	0	1	PD03_O_BROKEN_EGG_002	1.24282	36	4294967295	4294967295	5	65535	65535	255	4294967295	4294967295	1	255	255	255	255	255	255	255	255	255	255	255	255	255	255	255	255	255	255	255	255	255	255	255	255	255	255	255	255	255	255	255	255	255	255	255	255	255	255	255	255	255	255	255	255	255	255	255	255	255	255	255	255	255	255	255	255	255	255	255	255	255	255	255	255	255	255	255	255	255	255	255	255	255	255	255	255	255	255	255	255	255	255	255	255	255	255	255	255	255	255	255	255	255	255	255	255	255	255	255											
41	381	1	-45.73	27.73	-4.19	-43.7	29.22	-2.19	-44.91	28.2	-2.93	-0.628337	0	0.777941	0	0	1	PD03_O_BROKEN_EGG_002	1.60787	37	4294967295	4294967295	5	65535	65535	255	4294967295	4294967295	1	255	255	255	255	255	255	255	255	255	255	255	255	255	255	255	255	255	255	255	255	255	255	255	255	255	255	255	255	255	255	255	255	255	255	255	255	255	255	255	255	255	255	255	255	255	255	255	255	255	255	255	255	255	255	255	255	255	255	255	255	255	255	255	255	255	255	255	255	255	255	255	255	255	255	255	255	255	255	255	255	255	255	255	255	255	255	255	255	255	255	255	255	255	255	255	255	255	255	255											
42	381	1	-41.63	27.89	-32.03	-40.15	29.31	-30.5	-41.21	28.32	-31.29	-0.998752	0	-0.0499376	0	0	1	PD03_O_BROKEN_EGG_002	1.27942	38	4294967295	4294967295	5	65535	65535	255	4294967295	4294967295	1	255	255	255	255	255	255	255	255	255	255	255	255	255	255	255	255	255	255	255	255	255	255	255	255	255	255	255	255	255	255	255	255	255	255	255	255	255	255	255	255	255	255	255	255	255	255	255	255	255	255	255	255	255	255	255	255	255	255	255	255	255	255	255	255	255	255	255	255	255	255	255	255	255	255	255	255	255	255	255	255	255	255	255	255	255	255	255	255	255	255	255	255	255	255	255	255	255	255	255											
43	381	1	-15.8	27.44	-6.41	-13.95	28.87	-4.51	-14.55	27.92	-5.32	0.911734	0	0.410781	0	0	1	PD03_O_BROKEN_EGG_002	1.50644	39	4294967295	4294967295	5	65535	65535	255	4294967295	4294967295	1	255	255	255	255	255	255	255	255	255	255	255	255	255	255	255	255	255	255	255	255	255	255	255	255	255	255	255	255	255	255	255	255	255	255	255	255	255	255	255	255	255	255	255	255	255	255	255	255	255	255	255	255	255	255	255	255	255	255	255	255	255	255	255	255	255	255	255	255	255	255	255	255	255	255	255	255	255	255	255	255	255	255	255	255	255	255	255	255	255	255	255	255	255	255	255	255	255	255	255											
44	381	1	27.49	27.73	2.94	29.27	29.15	4.75	28.12	28.12	3.77	0.957276	0	0.289177	0	0	1	PD03_O_BROKEN_EGG_002	1.45438	40	4294967295	4294967295	5	65535	65535	255	4294967295	4294967295	1	255	255	255	255	255	255	255	255	255	255	255	255	255	255	255	255	255	255	255	255	255	255	255	255	255	255	255	255	255	255	255	255	255	255	255	255	255	255	255	255	255	255	255	255	255	255	255	255	255	255	255	255	255	255	255	255	255	255	255	255	255	255	255	255	255	255	255	255	255	255	255	255	255	255	255	255	255	255	255	255	255	255	255	255	255	255	255	255	255	255	255	255	255	255	255	255	255	255	255											
45	381	1	-12.22	27.42	39	-10.3	29.25	40.82	-10.98	28.02	39.89	-0.821109	0	0.570771	0	0	1	PD03_O_BROKEN_EGG_002	1.60839	41	4294967295	4294967295	5	65535	65535	255	4294967295	4294967295	1	255	255	255	255	255	255	255	255	255	255	255	255	255	255	255	255	255	255	255	255	255	255	255	255	255	255	255	255	255	255	255	255	255	255	255	255	255	255	255	255	255	255	255	255	255	255	255	255	255	255	255	255	255	255	255	255	255	255	255	255	255	255	255	255	255	255	255	255	255	255	255	255	255	255	255	255	255	255	255	255	255	255	255	255	255	255	255	255	255	255	255	255	255	255	255	255	255	255	255											
46	381	1	-195.81	24.49	9.63	-193.79	26.29	11.24	-194.56	25.04	10.44	0.483077	0	-0.875578	0	0	1	PD03_O_BROKEN_EGG_002	1.57421	42	4294967295	4294967295	5	65535	65535	255	4294967295	4294967295	1	255	255	255	255	255	255	255	255	255	255	255	255	255	255	255	255	255	255	255	255	255	255	255	255	255	255	255	255	255	255	255	255	255	255	255	255	255	255	255	255	255	255	255	255	255	255	255	255	255	255	255	255	255	255	255	255	255	255	255	255	255	255	255	255	255	255	255	255	255	255	255	255	255	255	255	255	255	255	255	255	255	255	255	255	255	255	255	255	255	255	255	255	255	255	255	255	255	255	255											
47	381	1	-200.77	24.84	5.74	-199.43	25.75	7.01	-200.14	24.91	6.4	-0.992734	0	-0.120331	0	0	1	PD03_O_BROKEN_EGG_001	1.02915	43	4294967295	4294967295	5	65535	65535	255	4294967295	4294967295	1	255	255	255	255	255	255	255	255	255	255	255	255	255	255	255	255	255	255	255	255	255	255	255	255	255	255	255	255	255	255	255	255	255	255	255	255	255	255	255	255	255	255	255	255	255	255	255	255	255	255	255	255	255	255	255	255	255	255	255	255	255	255	255	255	255	255	255	255	255	255	255	255	255	255	255	255	255	255	255	255	255	255	255	255	255	255	255	255	255	255	255	255	255	255	255	255	255	255	255											
48	381	1	-221.05	24.64	-14.51	-219.41	25.55	-12.89	-220.25	24.71	-13.66	-0.841178	0	0.540758	0	0	1	PD03_O_BROKEN_EGG_001	1.23916	44	4294967295	4294967295	5	65535	65535	255	4294967295	4294967295	1	255	255	255	255	255	255	255	255	255	255	255	255	255	255	255	255	255	255	255	255	255	255	255	255	255	255	255	255	255	255	255	255	255	255	255	255	255	255	255	255	255	255	255	255	255	255	255	255	255	255	255	255	255	255	255	255	255	255	255	255	255	255	255	255	255	255	255	255	255	255	255	255	255	255	255	255	255	255	255	255	255	255	255	255	255	255	255	255	255	255	255	255	255	255	255	255	255	255	255											
49	381	1	-237.42	24.21	-21.97	-235.85	25.71	-20.36	-236.4	24.61	-21.16	0.987191	0	-0.159546	0	0	1	PD03_O_BROKEN_EGG_002	1.35157	45	4294967295	4294967295	5	65535	65535	255	4294967295	4294967295	1	255	255	255	255	255	255	255	255	255	255	255	255	255	255	255	255	255	255	255	255	255	255	255	255	255	255	255	255	255	255	255	255	255	255	255	255	255	255	255	255	255	255	255	255	255	255	255	255	255	255	255	255	255	255	255	255	255	255	255	255	255	255	255	255	255	255	255	255	255	255	255	255	255	255	255	255	255	255	255	255	255	255	255	255	255	255	255	255	255	255	255	255	255	255	255	255	255	255	255											
50	381	1	-171.17	24.9	-22.98	-169.37	26.56	-21.24	-170.04	25.38	-22.11	-0.920691	0	0.390293	0	0	1	PD03_O_BROKEN_EGG_002	1.50193	46	4294967295	4294967295	5	65535	65535	255	4294967295	4294967295	1	255	255	255	255	255	255	255	255	255	255	255	255	255	255	255	255	255	255	255	255	255	255	255	255	255	255	255	255	255	255	255	255	255	255	255	255	255	255	255	255	255	255	255	255	255	255	255	255	255	255	255	255	255	255	255	255	255	255	255	255	255	255	255	255	255	255	255	255	255	255	255	255	255	255	255	255	255	255	255	255	255	255	255	255	255	255	255	255	255	255	255	255	255	255	255	255	255	255	255											
51	381	1	-226.45	24.64	23.19	-224.79	25.55	24.84	-225.6	24.71	23.97	0.769039	0	-0.639202	0	0	1	PD03_O_BROKEN_EGG_001	1.25561	47	4294967295	4294967295	5	65535	65535	255	4294967295	4294967295	1	255	255	255	255	255	255	255	255	255	255	255	255	255	255	255	255	255	255	255	255	255	255	255	255	255	255	255	255	255	255	255	255	255	255	255	255	255	255	255	255	255	255	255	255	255	255	255	255	255	255	255	255	255	255	255	255	255	255	255	255	255	255	255	255	255	255	255	255	255	255	255	255	255	255	255	255	255	255	255	255	255	255	255	255	255	255	255	255	255	255	255	255	255	255	255	255	255	255	255											
52	381	1	-239.85	24.16	5.01	-237.83	25.96	6.61	-238.6	24.71	5.81	0.483077	0	-0.875578	0	0	1	PD03_O_BROKEN_EGG_002	1.57166	48	4294967295	4294967295	5	65535	65535	255	4294967295	4294967295	1	255	255	255	255	255	255	255	255	255	255	255	255	255	255	255	255	255	255	255	255	255	255	255	255	255	255	255	255	255	255	255	255	255	255	255	255	255	255	255	255	255	255	255	255	255	255	255	255	255	255	255	255	255	255	255	255	255	255	255	255	255	255	255	255	255	255	255	255	255	255	255	255	255	255	255	255	255	255	255	255	255	255	255	255	255	255	255	255	255	255	255	255	255	255	255	255	255	255	255											
53	381	1	-171.16	24.75	-37.47	-169.5	25.66	-35.81	-170.29	24.82	-36.62	0.660628	0	0.750713	0	0	1	PD03_O_BROKEN_EGG_001	1.2589	49	4294967295	4294967295	5	65535	65535	255	4294967295	4294967295	1	255	255	255	255	255	255	255	255	255	255	255	255	255	255	255	255	255	255	255	255	255	255	255	255	255	255	255	255	255	255	255	255	255	255	255	255	255	255	255	255	255	255	255	255	255	255	255	255	255	255	255	255	255	255	255	255	255	255	255	255	255	255	255	255	255	255	255	255	255	255	255	255	255	255	255	255	255	255	255	255	255	255	255	255	255	255	255	255	255	255	255	255	255	255	255	255	255	255	255											
