1	4191112	-333.18	19.13	-273.56	0.28	0	0.96	1	1	1	0	1	1	1	4294967295	3.40282e+38	0	3.40282e+38	4294967295	4294967295	4294967295	4294967295	4294967295	0	4294967295	
2	1351214	-314.41	18.49	-277.26	0.0896377	0	0.995974	1	1	1	0	1	1	1	4294967295	3.40282e+38	0	3.40282e+38	4294967295	4294967295	4294967295	4294967295	4294967295	0	4294967295	
3	3031403	-296.76	17.61	-265.35	0.841178	0	0.540758	1	1	1	0	1	1	1	4294967295	3.40282e+38	0	3.40282e+38	4294967295	4294967295	4294967295	4294967295	4294967295	0	4294967295	
4	8032106	-370.29	15.99	-392.03	-0.995974	0	-0.0896377	1	1	1	0	1	1	1	4294967295	3.40282e+38	0	3.40282e+38	4294967295	4294967295	4294967295	4294967295	4294967295	0	4294967295	
5	8032153	-316.34	22.48	-296.96	0	0	1	1	1	15	0	1	1	1	4294967295	3.40282e+38	0	3.40282e+38	4294967295	4294967295	4294967295	4294967295	4294967295	0	4294967295	
6	8032154	-336.37	23.01	-295.86	0	0	1	1	1	15	0	1	1	1	4294967295	3.40282e+38	0	3.40282e+38	4294967295	4294967295	4294967295	4294967295	4294967295	0	4294967295	
7	7951305	-326.78	22.71	-321.29	0.0299865	0	-0.99955	1	1	1	1	1	1	1	4294967295	3.40282e+38	0	3.40282e+38	4294967295	4294967295	4294967295	4294967295	4294967295	0	4294967295	
8	3142104	-166.13	7.95	-290.73	-0.777941	0	-0.628337	1	1	1	0	1	1	1	4294967295	3.40282e+38	0	3.40282e+38	4294967295	4294967295	4294967295	4294967295	4294967295	0	4294967295	
9	2801105	-114.96	-0.04	-311.37	-0.929164	0	-0.369667	1	1	1	0	1	1	1	4294967295	3.40282e+38	0	3.40282e+38	4294967295	4294967295	4294967295	4294967295	4294967295	0	4294967295	
10	3143106	-125.35	-0.03	-330.31	0.907959	0	0.419058	1	1	1	0	1	1	1	4294967295	3.40282e+38	0	3.40282e+38	4294967295	4294967295	4294967295	4294967295	4294967295	0	4294967295	
11	3131201	-146.48	7.57	-339.79	-0.975232	0	-0.221187	1	1	1	0	1	1	1	4294967295	3.40282e+38	0	3.40282e+38	4294967295	4294967295	4294967295	4294967295	4294967295	0	4294967295	
12	5591203	-173.08	7.37	-348.18	0.24018	0	0.970728	1	1	1	0	1	1	1	4294967295	3.40282e+38	0	3.40282e+38	4294967295	4294967295	4294967295	4294967295	4294967295	0	4294967295	
13	5061203	-182.05	6.56	-325.09	0.821109	0	0.570771	1	1	1	0	1	1	1	4294967295	3.40282e+38	0	3.40282e+38	4294967295	4294967295	4294967295	4294967295	4294967295	0	4294967295	
14	1653103	-99.58	-0.05	-284.16	0.120331	0	-0.992734	1	1	1	0	1	1	1	4294967295	3.40282e+38	0	3.40282e+38	4294967295	4294967295	4294967295	4294967295	4294967295	0	4294967295	
15	8511107	-187.5	8.88	-372.05	0.28	0	0.96	1	1	1	0	1	1	1	4294967295	3.40282e+38	0	3.40282e+38	4294967295	4294967295	4294967295	4294967295	4294967295	0	4294967295	
16	5041105	-220.39	8.65	-356.49	0.808304	0	0.588765	1	1	1	0	1	1	1	4294967295	3.40282e+38	0	3.40282e+38	4294967295	4294967295	4294967295	4294967295	4294967295	0	4294967295	
17	7131115	-219.55	8.41	-324.32	0.977802	0	0.209529	1	1	1	0	1	1	1	4294967295	3.40282e+38	0	3.40282e+38	4294967295	4294967295	4294967295	4294967295	4294967295	0	4294967295	
18	1111110	-239.14	8.75	-283.1	0.867014	0	-0.498284	1	1	1	0	1	1	1	4294967295	3.40282e+38	0	3.40282e+38	4294967295	4294967295	4294967295	4294967295	4294967295	0	4294967295	
19	7091102	-60.16	0.91	-381.78	0.0299865	0	0.99955	1	1	1	0	1	1	1	4294967295	3.40282e+38	0	3.40282e+38	4294967295	4294967295	4294967295	4294967295	4294967295	0	4294967295	
20	3331102	-27.71	0.94	-286.76	-0.540758	0	-0.841178	1	1	1	0	1	1	1	4294967295	3.40282e+38	0	3.40282e+38	4294967295	4294967295	4294967295	4294967295	4294967295	0	4294967295	
21	8411109	-222.84	8.59	-270.12	0	0	-1	1	1	1	0	1	1	1	4294967295	3.40282e+38	0	3.40282e+38	4294967295	4294967295	4294967295	4294967295	4294967295	0	4294967295	
22	4041103	-72.71	1.41	-385.65	-0.419058	0	0.907959	1	1	1	0	1	1	1	4294967295	3.40282e+38	0	3.40282e+38	4294967295	4294967295	4294967295	4294967295	4294967295	0	4294967295	
23	2804104	-192.28	8.29	-269.61	-0.570771	0	-0.821109	1	1	1	0	1	1	1	4294967295	3.40282e+38	0	3.40282e+38	4294967295	4294967295	4294967295	4294967295	4294967295	0	4294967295	
24	7092102	-146.56	7.96	-298.1	-0.786664	0	-0.617382	1	1	1	0	1	1	1	4294967295	3.40282e+38	0	3.40282e+38	4294967295	4294967295	4294967295	4294967295	4294967295	0	4294967295	
25	8031102	-140.2	7.23	-358.92	-0.517419	0	0.855732	1	1	1	0	1	1	1	4294967295	3.40282e+38	0	3.40282e+38	4294967295	4294967295	4294967295	4294967295	4294967295	0	4294967295	
26	3142103	-7.8	0.35	-320.43	-0.998752	0	-0.0499376	1	1	1	0	1	1	1	4294967295	3.40282e+38	0	3.40282e+38	4294967295	4294967295	4294967295	4294967295	4294967295	0	4294967295	
27	3331202	-32.02	7.07	-384.14	-0.0698291	0	0.997559	1	1	1	0	1	1	1	4294967295	3.40282e+38	0	3.40282e+38	4294967295	4294967295	4294967295	4294967295	4294967295	0	4294967295	
28	1751102	-35.6	0.11	-349.71	-0.855732	0	0.517419	1	1	1	0	1	1	1	4294967295	3.40282e+38	0	3.40282e+38	4294967295	4294967295	4294967295	4294967295	4294967295	0	4294967295	
29	3182105	-138.66	1.01	-321.11	-0.911734	0	0.410781	1	1	1	2	1	1	1	121	3.40282e+38	0	3.40282e+38	4294967295	4294967295	4294967295	4294967295	4294967295	0	4294967295	
30	1653117	-98.72	-0.08	-284.08	0.0698291	0	-0.997559	1	1	1	0	1	1	1	4294967295	3.40282e+38	0	3.40282e+38	4294967295	4294967295	4294967295	4294967295	4294967295	0	4294967295	
31	5041141	-221.32	8.75	-358.05	0.731722	0	0.681604	1	1	1	0	1	1	1	4294967295	3.40282e+38	0	3.40282e+38	4294967295	4294967295	4294967295	4294967295	4294967295	0	4294967295	
32	4751103	-263.24	2.18	-172.45	0.848559	0	0.529101	1	1	1	0	1	1	1	4294967295	3.40282e+38	0	3.40282e+38	4294967295	4294967295	4294967295	4294967295	4294967295	0	4294967295	
33	4511104	-298.22	10.02	-111.12	0.994937	0	-0.100499	1	1	1	0	1	1	1	4294967295	3.40282e+38	0	3.40282e+38	4294967295	4294967295	4294967295	4294967295	4294967295	0	4294967295	
34	4752102	-297.84	9.8	-95.39	0.821109	0	-0.570771	1	1	1	0	1	1	1	4294967295	3.40282e+38	0	3.40282e+38	4294967295	4294967295	4294967295	4294967295	4294967295	0	4294967295	
35	1311206	-344.3	17.48	-245.9	0.932568	0	-0.360994	1	1	1	0	1	1	1	4294967295	3.40282e+38	0	3.40282e+38	4294967295	4294967295	4294967295	4294967295	4294967295	0	4294967295	
36	2971104	-332.33	16.63	-229.85	0.777941	0	-0.628337	1	1	1	0	1	1	1	4294967295	3.40282e+38	0	3.40282e+38	4294967295	4294967295	4294967295	4294967295	4294967295	0	4294967295	
37	4481101	-339.1	22.46	-70.87	0	0	1	1	1	1	0	1	1	1	4294967295	3.40282e+38	0	3.40282e+38	4294967295	4294967295	4294967295	4294967295	4294967295	0	4294967295	
38	3171107	-261.62	1.11	-12.61	0	0	1	1	1	15	0	1	1	1	4294967295	3.40282e+38	0	3.40282e+38	4294967295	4294967295	4294967295	4294967295	4294967295	0	4294967295	
39	3031209	-347.89	17.04	-236.23	0.841178	0	-0.540758	1	1	1	0	1	1	1	4294967295	3.40282e+38	0	3.40282e+38	4294967295	4294967295	4294967295	4294967295	4294967295	0	4294967295	
40	2972105	-344.15	16.62	-231.68	0.929164	0	-0.369667	1	1	1	0	1	1	1	4294967295	3.40282e+38	0	3.40282e+38	4294967295	4294967295	4294967295	4294967295	4294967295	0	4294967295	
41	3031402	-342.91	17.1	-255.39	0.990149	0	0.140021	1	1	1	0	1	1	1	4294967295	3.40282e+38	0	3.40282e+38	4294967295	4294967295	4294967295	4294967295	4294967295	0	4294967295	
42	3173105	-320.45	16.37	-234.96	0.950666	0	0.310217	1	1	1	0	1	1	1	4294967295	3.40282e+38	0	3.40282e+38	4294967295	4294967295	4294967295	4294967295	4294967295	0	4294967295	
43	3181102	-327.12	16.67	-220.81	0.786664	0	-0.617382	1	1	1	0	1	1	1	4294967295	3.40282e+38	0	3.40282e+38	4294967295	4294967295	4294967295	4294967295	4294967295	0	4294967295	
44	6312103	-22.92	0.22	-43.13	0.998752	0	-0.0499376	1	1	1	0	1	1	1	4294967295	3.40282e+38	0	3.40282e+38	4294967295	4294967295	4294967295	4294967295	4294967295	0	4294967295	
45	6412102	-22.6	0.51	-47.7	0.99955	0	0.0299865	1	1	1	0	1	1	1	4294967295	3.40282e+38	0	3.40282e+38	4294967295	4294967295	4294967295	4294967295	4294967295	0	4294967295	
46	1653104	-26.57	0.09	-68.8	0.559301	0	-0.828964	1	1	1	0	1	1	1	4294967295	3.40282e+38	0	3.40282e+38	4294967295	4294967295	4294967295	4294967295	4294967295	0	4294967295	
47	4072115	-24.34	0.4	-139.03	-0.0896377	0	0.995974	1	1	1	2	1	1	1	116	3.40282e+38	0	3.40282e+38	4294967295	4294967295	4294967295	4294967295	4294967295	0	4294967295	
48	7611202	-99.81	0.5	-139.49	-0.410781	0	0.911734	1	1	1	0	1	1	1	4294967295	3.40282e+38	0	3.40282e+38	4294967295	4294967295	4294967295	4294967295	4294967295	0	4294967295	
49	4072113	-127.18	0.5	-136.81	-0.120331	0	0.992734	1	1	1	0	1	1	1	4294967295	3.40282e+38	0	3.40282e+38	4294967295	4294967295	4294967295	4294967295	4294967295	0	4294967295	
50	1351102	-3.68	0.4	-234.84	-0.0499376	0	0.998752	1	1	1	0	1	1	1	4294967295	3.40282e+38	0	3.40282e+38	4294967295	4294967295	4294967295	4294967295	4294967295	0	4294967295	
51	4191113	-16.7	0.4	-234.85	-0.0299865	0	0.99955	1	1	1	0	1	1	1	4294967295	3.40282e+38	0	3.40282e+38	4294967295	4294967295	4294967295	4294967295	4294967295	0	4294967295	
52	1351213	-218.96	2.19	-211.59	1	0	0	1	1	1	0	1	1	1	4294967295	3.40282e+38	0	3.40282e+38	4294967295	4294967295	4294967295	4294967295	4294967295	0	4294967295	
53	4191111	-218.97	2.08	-223.17	0.995974	0	0.0896377	1	1	1	0	1	1	1	4294967295	3.40282e+38	0	3.40282e+38	4294967295	4294967295	4294967295	4294967295	4294967295	0	4294967295	
54	7951107	-100.03	0	-179.66	-0.997559	0	0.0698291	1	1	1	0	1	1	1	4294967295	3.40282e+38	0	3.40282e+38	4294967295	4294967295	4294967295	4294967295	4294967295	0	4294967295	
55	7951109	-181.95	0	-72.47	-0.9998	0	-0.019996	1	1	1	0	1	1	1	4294967295	3.40282e+38	0	3.40282e+38	4294967295	4294967295	4294967295	4294967295	4294967295	0	4294967295	
56	7951108	-181.86	0	-92.89	-0.9998	0	-0.019996	1	1	1	0	1	1	1	4294967295	3.40282e+38	0	3.40282e+38	4294967295	4294967295	4294967295	4294967295	4294967295	0	4294967295	
57	4511204	-237.12	2.16	-106.63	0.258902	0	0.965904	1	1	1	0	1	1	1	4294967295	3.40282e+38	0	3.40282e+38	4294967295	4294967295	4294967295	4294967295	4294967295	0	4294967295	
58	3701101	-13.37	0.24	-38.98	0.9998	0	0.019996	1	1	15	0	1	1	1	4294967295	3.40282e+38	0	3.40282e+38	4294967295	4294967295	4294967295	4294967295	4294967295	0	4294967295	
59	1652201	-2.87	0.24	-140.47	-0	0	1	1	1	15	0	1	1	1	4294967295	3.40282e+38	0	3.40282e+38	4294967295	4294967295	4294967295	4294967295	4294967295	0	4294967295	
60	2951303	-116.1	6.02	-251.58	-0.419058	0	-0.907959	1	1	1	0	1	1	1	4294967295	3.40282e+38	0	3.40282e+38	4294967295	4294967295	4294967295	4294967295	4294967295	0	4294967295	
61	2804106	-176.44	0.3	-12.04	0.0896377	0	0.995974	1	1	1	0	1	1	1	4294967295	3.40282e+38	0	3.40282e+38	4294967295	4294967295	4294967295	4294967295	4294967295	0	4294967295	
62	1751106	-143.26	0	-14.68	0	0	1	1	1	1	0	1	1	1	4294967295	3.40282e+38	0	3.40282e+38	4294967295	4294967295	4294967295	4294967295	4294967295	0	4294967295	
63	4072108	-34.7	0.3	-10.51	0.975232	0	0.221187	1	1	1	2	1	1	1	113	3.40282e+38	0	3.40282e+38	4294967295	4294967295	4294967295	4294967295	4294967295	0	4294967295	
64	6431101	-181.37	0.52	-82.75	-0.985286	0	0.170917	1	1	15	0	1	1	1	4294967295	3.40282e+38	0	3.40282e+38	4294967295	4294967295	4294967295	4294967295	4294967295	0	4294967295	
65	6412109	-25.63	0	-144.38	0	0	1	1	1	1	0	1	1	1	4294967295	3.40282e+38	0	3.40282e+38	4294967295	4294967295	4294967295	4294967295	4294967295	0	4294967295	
66	6314102	-30.09	0.24	-138.62	0	0	1	1	1	1	1	3	4	1	4294967295	3.40282e+38	0	3.40282e+38	4294967295	4294967295	4294967295	4294967295	4294967295	0	4294967295	
67	2611104	-207.68	-0.09	-105.22	0	0	1	1	1	1	2	1	1	1	119	3.40282e+38	0	3.40282e+38	4294967295	4294967295	4294967295	4294967295	4294967295	0	4294967295	
68	6311203	-100.96	0.3	-101.44	0	0	1	1	1	1	2	1	1	1	114	3.40282e+38	0	3.40282e+38	4294967295	4294967295	4294967295	4294967295	4294967295	0	4294967295	
69	5731103	-174.3	5.6	-211.84	0	0	1	1	1	1	2	1	1	1	118	3.40282e+38	0	3.40282e+38	4294967295	4294967295	4294967295	4294967295	4294967295	0	4294967295	
70	3242102	-137.56	0.2	-115.84	-0.159546	0	-0.987191	1	1	15	0	1	1	1	4294967295	3.40282e+38	0	3.40282e+38	4294967295	4294967295	4294967295	4294967295	4294967295	0	4294967295	
71	3188103	-174.45	0	-170.46	0.99955	0	0.0299865	1	1	1	0	1	1	1	4294967295	3.40282e+38	0	3.40282e+38	4294967295	4294967295	4294967295	4294967295	4294967295	0	4294967295	
72	1353106	-168.72	0	-165.09	-0.9998	0	0.019996	1	1	1	0	1	1	1	4294967295	3.40282e+38	0	3.40282e+38	4294967295	4294967295	4294967295	4294967295	4294967295	0	4294967295	
73	3811102	-168.89	0	-162.74	-0.99955	0	-0.0299865	1	1	1	0	1	1	1	4294967295	3.40282e+38	0	3.40282e+38	4294967295	4294967295	4294967295	4294967295	4294967295	0	4294967295	
74	5592105	-168.4	0	-161.47	-0.977802	0	-0.209529	1	1	1	0	1	1	1	4294967295	3.40282e+38	0	3.40282e+38	4294967295	4294967295	4294967295	4294967295	4294967295	0	4294967295	
75	7635101	-167.58	0	-167.62	-0.975232	0	0.221187	1	1	1	0	1	1	1	4294967295	3.40282e+38	0	3.40282e+38	4294967295	4294967295	4294967295	4294967295	4294967295	0	4294967295	
76	4142107	-168.26	0	-170.07	-0.929164	0	0.369667	1	1	1	0	1	1	1	4294967295	3.40282e+38	0	3.40282e+38	4294967295	4294967295	4294967295	4294967295	4294967295	0	4294967295	
77	4513103	-185.99	0.3	-26.09	0.209529	0	0.977802	1	1	1	2	1	1	1	115	3.40282e+38	0	3.40282e+38	4294967295	4294967295	4294967295	4294967295	4294967295	0	4294967295	
78	3142119	-134.32	0	-63.74	0	0	1	1	1	1	0	1	1	1	4294967295	3.40282e+38	0	3.40282e+38	4294967295	4294967295	4294967295	4294967295	4294967295	0	4294967295	
79	1511601	-176.71	0	-165.1	0	0	1	1	1	1	0	1	1	1	4294967295	3.40282e+38	0	3.40282e+38	4294967295	4294967295	4294967295	4294967295	4294967295	0	4294967295	
80	3172107	-175.4	0	-162.73	0.920691	0	0.390293	1	1	1	0	1	1	1	4294967295	3.40282e+38	0	3.40282e+38	4294967295	4294967295	4294967295	4294967295	4294967295	0	4294967295	
81	3172205	-175.36	0	-167.79	0.855732	0	-0.517419	1	1	1	0	1	1	1	4294967295	3.40282e+38	0	3.40282e+38	4294967295	4294967295	4294967295	4294967295	4294967295	0	4294967295	
82	4072126	-89.43	0.2	-212.34	0	0	1	1	1	1	2	1	1	1	117	3.40282e+38	0	3.40282e+38	4294967295	4294967295	4294967295	4294967295	4294967295	0	4294967295	
83	6791201	-167.88	0	-121.54	0.9998	0	0.019996	1	1	1	2	1	1	1	130	3.40282e+38	0	3.40282e+38	6791201	1	4294967295	4294967295	4294967295	0	4294967295	
84	7491101	-114.75	0	-17.08	0	0	1	1	1	1	2	1	1	1	133	3.40282e+38	0	3.40282e+38	7491101	1	4294967295	4294967295	4294967295	0	4294967295	
85	1541102	-0.73	0.1	-190.38	0	0	1	1	1	1	1	5	3	1	4294967295	3.40282e+38	0	3.40282e+38	4294967295	4294967295	4294967295	4294967295	4294967295	0	4294967295	
86	2971110	-154.79	0	-212.64	0	0	1	1	1	1	2	1	1	1	187	0	0	0	4294967295	4294967295	4294967295	4294967295	2	1	4294967295	
87	2972111	-156.94	-0	-212.66	0	0	1	1	1	1	3	1	1	1	4294967295	2.15	0	0.02	4294967295	4294967295	4294967295	4294967295	2	0	4294967295	
88	3032106	-149.3	-0.06	-233.1	0	0	1	1	1	1	2	1	1	1	202	3.40282e+38	0	3.40282e+38	4294967295	4294967295	4294967295	4294967295	4294967295	0	4294967295	
89	3131213	-59.6	0.01	-116.5	0	0	1	1	1	1	2	1	1	1	177	3.40282e+38	0	3.40282e+38	4294967295	4294967295	4294967295	4294967295	4294967295	0	4294967295	
90	3143120	-186.26	-0	-193.07	0	0	1	1	1	1	2	1	1	1	186	3.40282e+38	0	3.40282e+38	4294967295	4294967295	4294967295	4294967295	4294967295	0	4294967295	
91	3331105	-122.06	0	-79.99	0	0	1	1	1	1	2	1	1	1	180	3.40282e+38	0	3.40282e+38	4294967295	4294967295	4294967295	4294967295	4294967295	0	4294967295	
92	4111105	-100.85	-0	-42.82	0	0	1	1	1	1	2	1	1	1	173	3.40282e+38	0	3.40282e+38	4294967295	4294967295	4294967295	4294967295	4294967295	0	4294967295	
93	4511516	-154.32	0	-138.24	0	0	1	1	1	1	2	1	1	1	184	3.40282e+38	0	3.40282e+38	4294967295	4294967295	4294967295	4294967295	4294967295	0	4294967295	
94	4751206	-207.27	-0.19	-174.02	0	0	1	1	1	1	2	1	1	1	201	3.40282e+38	0	3.40282e+38	4294967295	4294967295	4294967295	4294967295	4294967295	0	4294967295	
95	4751311	-84.47	0	-10.68	0	0	1	1	1	1	2	1	1	1	172	3.40282e+38	0	3.40282e+38	4294967295	4294967295	4294967295	4294967295	4294967295	0	4294967295	
96	7091113	-160.69	-0	-10.42	0	0	1	1	1	1	2	1	1	1	178	3.40282e+38	0	3.40282e+38	4294967295	4294967295	4294967295	4294967295	4294967295	0	4294967295	
97	7632103	-10.39	0	-73.81	0	0	1	1	1	1	2	1	1	1	176	3.40282e+38	0	3.40282e+38	4294967295	4294967295	4294967295	4294967295	4294967295	0	4294967295	
98	7634102	-122	-0	-170.56	0	0	1	1	1	1	2	1	1	1	185	3.40282e+38	0	3.40282e+38	4294967295	4294967295	4294967295	4294967295	4294967295	0	4294967295	
99	1501102	-122.11	-0	-48.77	0	0	1	1	1	1	2	1	1	1	179	3.40282e+38	0	3.40282e+38	4294967295	4294967295	4294967295	4294967295	4294967295	0	4294967295	
100	3142302	-29.1	-0	-117.17	0	0	1	1	1	1	2	1	1	1	175	3.40282e+38	0	3.40282e+38	4294967295	4294967295	4294967295	4294967295	4294967295	0	4294967295	
101	1654111	-184.9	0	-99.58	0	0	1	1	1	1	2	1	1	1	182	3.40282e+38	0	3.40282e+38	4294967295	4294967295	4294967295	4294967295	4294967295	0	4294967295	
102	5041128	-100.69	0	-71.23	0	0	1	1	1	1	2	1	1	1	174	3.40282e+38	0	3.40282e+38	4294967295	4294967295	4294967295	4294967295	4294967295	0	4294967295	
103	6311105	-185.46	0	-48.69	0	0	1	1	1	1	2	1	1	1	183	3.40282e+38	0	3.40282e+38	4294967295	4294967295	4294967295	4294967295	4294967295	0	4294967295	
104	6412110	-181.94	0	-57.1	-0.841178	0	0.540758	1	1	1	0	1	1	1	4294967295	3.40282e+38	0	3.40282e+38	4294967295	4294967295	4294967295	4294967295	4294967295	0	4294967295	
105	4511603	-206.79	0.31	-4.88	0.992734	0	-0.120331	1	1	1	0	1	1	1	4294967295	3.40282e+38	0	3.40282e+38	4294967295	4294967295	4294967295	4294967295	4294967295	0	4294967295	
106	2981111	-140.79	0.75	-194.52	0.707107	0	-0.707107	1	1	1	0	1	1	1	4294967295	3.40282e+38	0	3.40282e+38	4294967295	4294967295	4294967295	4294967295	4294967295	0	4294967295	
107	7131150	-22.22	0.01	-103.21	-0.660628	0	0.750713	1	1	1	0	1	1	1	4294967295	3.40282e+38	0	3.40282e+38	4294967295	4294967295	4294967295	4294967295	4294967295	0	4294967295	
108	4371305	207.9	0.4	-30.74	-1	0	0	1	1	1	0	1	1	1	4294967295	3.40282e+38	0	3.40282e+38	4294967295	4294967295	4294967295	4294967295	4294967295	0	4294967295	
109	4372102	208.14	0.4	-42.96	-0.9998	0	0.019996	1	1	1	0	1	1	1	4294967295	3.40282e+38	0	3.40282e+38	4294967295	4294967295	4294967295	4294967295	4294967295	0	4294967295	
110	8511105	91.2	0	-14.96	0	0	1	1	1	1	0	1	1	1	4294967295	3.40282e+38	0	3.40282e+38	4294967295	4294967295	4294967295	4294967295	4294967295	0	4294967295	
111	8031201	26.06	1.81	-64.56	-0.9998	0	0.019996	1	1	1	0	1	1	1	4294967295	3.40282e+38	0	3.40282e+38	4294967295	4294967295	4294967295	4294967295	4294967295	0	4294967295	
112	5591103	91.55	0.01	-74.66	0	0	1	1	1	1	0	1	1	1	4294967295	3.40282e+38	0	3.40282e+38	4294967295	4294967295	4294967295	4294967295	4294967295	0	4294967295	
113	5312102	27.93	0	-140.81	0	0	1	1	1	1	0	1	1	1	4294967295	3.40282e+38	0	3.40282e+38	4294967295	4294967295	4294967295	4294967295	4294967295	0	4294967295	
114	3332204	51.44	0.6	-143.97	0	0	1	1	1	1	0	1	1	1	4294967295	3.40282e+38	0	3.40282e+38	4294967295	4294967295	4294967295	4294967295	4294967295	0	4294967295	
115	7951103	7.01	0	-142.9	0.0299865	0	0.99955	1	1	1	0	1	1	1	4294967295	3.40282e+38	0	3.40282e+38	4294967295	4294967295	4294967295	4294967295	4294967295	0	4294967295	
116	7951104	19.16	0	-207.97	-0	0	-1	1	1	1	0	1	1	1	4294967295	3.40282e+38	0	3.40282e+38	4294967295	4294967295	4294967295	4294967295	4294967295	0	4294967295	
117	7951105	14.62	0	-53.81	-1	0	0	1	1	1	0	1	1	1	4294967295	3.40282e+38	0	3.40282e+38	4294967295	4294967295	4294967295	4294967295	4294967295	0	4294967295	
118	7951106	15.09	0	-88.28	-0.995974	0	0.0896377	1	1	1	0	1	1	1	4294967295	3.40282e+38	0	3.40282e+38	4294967295	4294967295	4294967295	4294967295	4294967295	0	4294967295	
119	3142204	48.44	0.3	-177.19	-0.992734	0	0.120331	1	1	1	0	1	1	1	4294967295	3.40282e+38	0	3.40282e+38	4294967295	4294967295	4294967295	4294967295	4294967295	0	4294967295	
120	4152105	239.38	10.09	-75.11	0.471108	0	-0.882075	1	1	1	0	1	1	1	4294967295	3.40282e+38	0	3.40282e+38	4294967295	4294967295	4294967295	4294967295	4294967295	0	4294967295	
121	4111102	244.5	9.94	-74.79	-0.310217	0	-0.950666	1	1	1	0	1	1	1	4294967295	3.40282e+38	0	3.40282e+38	4294967295	4294967295	4294967295	4294967295	4294967295	0	4294967295	
122	6413103	16.1	0	-21.47	-0.681604	0	0.731722	1	1	15	0	1	1	1	4294967295	3.40282e+38	0	3.40282e+38	4294967295	4294967295	4294967295	4294967295	4294967295	0	4294967295	
123	8512115	128.15	-0.03	-238.21	0.0499376	0	0.998752	1	1	1	0	1	1	1	4294967295	3.40282e+38	0	3.40282e+38	4294967295	4294967295	4294967295	4294967295	4294967295	0	4294967295	
124	2532133	135.99	-0.13	-238.25	0	0	1	1	1	15	0	1	1	1	4294967295	3.40282e+38	0	3.40282e+38	4294967295	4294967295	4294967295	4294967295	4294967295	0	4294967295	
125	1654201	119.17	0.24	-234.38	0	0	1	1	1	15	0	1	1	1	4294967295	3.40282e+38	0	3.40282e+38	4294967295	4294967295	4294967295	4294967295	4294967295	0	4294967295	
126	2805101	78.73	0.18	-233.81	-0.0499376	0	0.998752	1	1	15	0	1	1	1	4294967295	3.40282e+38	0	3.40282e+38	4294967295	4294967295	4294967295	4294967295	4294967295	0	4294967295	
127	5041103	78.5	0.24	-14.39	0	0	1	1	1	1	0	1	1	1	4294967295	3.40282e+38	0	3.40282e+38	4294967295	4294967295	4294967295	4294967295	4294967295	0	4294967295	
128	1111111	239.23	10.37	-181.04	0.517419	0	0.855732	1	1	1	0	1	1	1	4294967295	3.40282e+38	0	3.40282e+38	4294967295	4294967295	4294967295	4294967295	4294967295	0	4294967295	
129	7131105	164.61	0	-12.45	-0.0499376	0	0.998752	1	1	1	0	1	1	1	4294967295	3.40282e+38	0	3.40282e+38	4294967295	4294967295	4294967295	4294967295	4294967295	0	4294967295	
130	3172403	180.87	0.52	-67.05	0.992734	0	0.120331	1	1	1	0	1	1	1	4294967295	3.40282e+38	0	3.40282e+38	4294967295	4294967295	4294967295	4294967295	4294967295	0	4294967295	
131	2532137	128.17	0	-140.53	0	0	1	1	1	1	0	1	1	1	4294967295	3.40282e+38	0	3.40282e+38	4294967295	4294967295	4294967295	4294967295	4294967295	0	4294967295	
132	2532138	134.71	0	-140.59	0	0	1	1	1	1	0	1	1	1	4294967295	3.40282e+38	0	3.40282e+38	4294967295	4294967295	4294967295	4294967295	4294967295	0	4294967295	
133	2532139	141.32	0	-140.69	0	0	1	1	1	1	0	1	1	1	4294967295	3.40282e+38	0	3.40282e+38	4294967295	4294967295	4294967295	4294967295	4294967295	0	4294967295	
134	2532140	148.03	0	-140.7	0	0	1	1	1	1	0	1	1	1	4294967295	3.40282e+38	0	3.40282e+38	4294967295	4294967295	4294967295	4294967295	4294967295	0	4294967295	
135	2532141	161.62	0	-140.52	0	0	1	1	1	1	0	1	1	1	4294967295	3.40282e+38	0	3.40282e+38	4294967295	4294967295	4294967295	4294967295	4294967295	0	4294967295	
136	2532142	168.29	0	-140.64	0	0	1	1	1	1	0	1	1	1	4294967295	3.40282e+38	0	3.40282e+38	4294967295	4294967295	4294967295	4294967295	4294967295	0	4294967295	
137	3184104	128.26	0.4	-44.95	-0.977802	0	0.209529	1	1	1	0	1	1	1	4294967295	3.40282e+38	0	3.40282e+38	4294967295	4294967295	4294967295	4294967295	4294967295	0	4294967295	
138	3242302	205.67	0.3	-137.55	-0.970728	0	0.24018	1	1	1	0	1	1	1	4294967295	3.40282e+38	0	3.40282e+38	4294967295	4294967295	4294967295	4294967295	4294967295	0	4294967295	
139	4153101	42.79	0	-12.48	0	0	1	1	1	1	0	1	1	1	4294967295	3.40282e+38	0	3.40282e+38	4294967295	4294967295	4294967295	4294967295	4294967295	0	4294967295	
140	4154101	46.56	0	-12.74	0	0	1	1	1	1	0	1	1	1	4294967295	3.40282e+38	0	3.40282e+38	4294967295	4294967295	4294967295	4294967295	4294967295	0	4294967295	
141	5533407	37.2	-0	-97.57	0	0	1	1	1	1	2	1	1	1	127	3.40282e+38	0	3.40282e+38	4294967295	4294967295	4294967295	4294967295	4294967295	0	4294967295	
142	5533405	90.62	0	-193.6	0	0	1	1	1	1	2	1	1	1	126	3.40282e+38	0	3.40282e+38	4294967295	4294967295	4294967295	4294967295	4294967295	0	4294967295	
143	7631101	172.19	0	-168.19	0.9998	0	0.019996	1	1	1	0	1	1	1	4294967295	3.40282e+38	0	3.40282e+38	4294967295	4294967295	4294967295	4294967295	4294967295	0	4294967295	
144	3031302	179.8	0	-168.56	-0.777941	0	0.628337	1	1	1	0	1	1	1	4294967295	3.40282e+38	0	3.40282e+38	4294967295	4294967295	4294967295	4294967295	4294967295	0	4294967295	
145	4151109	179.49	0	-166.54	-1	0	0	1	1	1	0	1	1	1	4294967295	3.40282e+38	0	3.40282e+38	4294967295	4294967295	4294967295	4294967295	4294967295	0	4294967295	
146	4501105	180.66	0	-169.79	-0.997559	0	-0.0698291	1	1	1	0	1	1	1	4294967295	3.40282e+38	0	3.40282e+38	4294967295	4294967295	4294967295	4294967295	4294967295	0	4294967295	
147	7632101	178.58	0	-171.85	-0.99955	0	-0.0299865	1	1	1	0	1	1	1	4294967295	3.40282e+38	0	3.40282e+38	4294967295	4294967295	4294967295	4294967295	4294967295	0	4294967295	
148	7633101	178.53	0	-164.7	-0.99955	0	-0.0299865	1	1	1	0	1	1	1	4294967295	3.40282e+38	0	3.40282e+38	4294967295	4294967295	4294967295	4294967295	4294967295	0	4294967295	
149	2981102	179.99	0	-173.27	-0.992734	0	0.120331	1	1	1	0	1	1	1	4294967295	3.40282e+38	0	3.40282e+38	4294967295	4294967295	4294967295	4294967295	4294967295	0	4294967295	
150	1655202	131.4	0.03	-95.92	-0.019996	0	-0.9998	1	1	1	0	1	1	1	4294967295	3.40282e+38	0	3.40282e+38	4294967295	4294967295	4294967295	4294967295	4294967295	0	4294967295	
151	5731105	101.25	6	-55.85	0	0	1	1	1	1	2	1	1	1	112	3.40282e+38	0	3.40282e+38	4294967295	4294967295	4294967295	4294967295	4294967295	0	4294967295	
152	7491201	127.88	-0.08	-226.3	-0.9998	0	-0.019996	1	1	1	2	1	1	1	134	3.40282e+38	0	3.40282e+38	7491201	1	4294967295	4294967295	4294967295	0	4294967295	
153	4072128	186.12	0.19	-19.74	0.995974	0	-0.0896377	1	1	1	2	1	1	1	111	3.40282e+38	0	3.40282e+38	4294967295	4294967295	4294967295	4294967295	4294967295	0	4294967295	
154	4071104	194.77	0.64	-233.81	0.45122	0	-0.892413	1	1	1	2	1	1	1	120	3.40282e+38	0	3.40282e+38	4294967295	4294967295	4294967295	4294967295	4294967295	0	4294967295	
155	1511602	193.78	0	-144.47	0	0	1	1	1	1	2	1	1	1	131	3.40282e+38	0	3.40282e+38	1511602	1	4294967295	4294967295	4294967295	0	4294967295	
156	1111121	36.34	0	-212.69	0	0	1	1	1	1	2	1	1	1	189	3.40282e+38	0	3.40282e+38	4294967295	4294967295	4294967295	4294967295	4294967295	0	4294967295	
157	2951307	101.22	0	-161.75	0	0	1	1	1	1	2	1	1	1	191	3.40282e+38	0	3.40282e+38	4294967295	4294967295	4294967295	4294967295	4294967295	0	4294967295	
158	3142220	135.65	0.02	-117.52	0	0	1	1	1	1	2	1	1	1	164	3.40282e+38	0	3.40282e+38	4294967295	4294967295	4294967295	4294967295	4294967295	0	4294967295	
159	3173205	206.99	0	-176.08	0	0	1	1	1	1	2	1	1	1	203	3.40282e+38	0	3.40282e+38	4294967295	4294967295	4294967295	4294967295	4294967295	0	4294967295	
160	3181106	164.81	-0	-212.94	0	0	1	1	1	1	2	1	1	1	197	3.40282e+38	0	3.40282e+38	4294967295	4294967295	4294967295	4294967295	4294967295	0	4294967295	
161	3181205	70.36	-0	-118.04	0	0	1	1	1	1	2	1	1	1	170	3.40282e+38	0	3.40282e+38	4294967295	4294967295	4294967295	4294967295	4294967295	0	4294967295	
162	3182106	75.93	0	-138.02	0	0	1	1	1	1	2	1	1	1	192	3.40282e+38	0	3.40282e+38	4294967295	4294967295	4294967295	4294967295	4294967295	0	4294967295	
163	3183114	122.36	-0	-171.24	0	0	1	1	1	1	2	1	1	1	195	3.40282e+38	0	3.40282e+38	4294967295	4294967295	4294967295	4294967295	4294967295	0	4294967295	
164	3332104	122.43	0.01	-68.71	0	0	1	1	1	1	2	1	1	1	165	3.40282e+38	0	3.40282e+38	4294967295	4294967295	4294967295	4294967295	4294967295	0	4294967295	
165	4141115	27.1	0	-117.28	0	0	1	1	1	1	2	1	1	1	169	3.40282e+38	0	3.40282e+38	4294967295	4294967295	4294967295	4294967295	4294967295	0	4294967295	
166	4372108	186.15	0	-90	0	0	1	1	1	1	2	1	1	1	162	3.40282e+38	0	3.40282e+38	4294967295	4294967295	4294967295	4294967295	4294967295	0	4294967295	
167	4511308	186.45	0	-158.76	0	0	1	1	1	1	2	1	1	1	196	3.40282e+38	0	3.40282e+38	4294967295	4294967295	4294967295	4294967295	4294967295	0	4294967295	
168	4651104	10.92	0	-62.78	0	0	1	1	1	1	2	1	1	1	168	3.40282e+38	0	3.40282e+38	4294967295	4294967295	4294967295	4294967295	4294967295	0	4294967295	
169	4651207	42.21	-0	-197.9	0	0	1	1	1	1	2	1	1	1	194	3.40282e+38	0	3.40282e+38	4294967295	4294967295	4294967295	4294967295	4294967295	0	4294967295	
170	7073109	66.77	-0	-10.24	0	0	1	1	1	1	2	1	1	1	166	3.40282e+38	0	3.40282e+38	4294967295	4294967295	4294967295	4294967295	4294967295	0	4294967295	
171	7633103	101.24	-0	-33.86	0	0	1	1	1	1	2	1	1	1	171	3.40282e+38	0	3.40282e+38	4294967295	4294967295	4294967295	4294967295	4294967295	0	4294967295	
172	8031504	82.57	0	-212.34	0	0	1	1	1	1	2	1	1	1	188	3.40282e+38	0	3.40282e+38	4294967295	4294967295	4294967295	4294967295	4294967295	0	4294967295	
173	5041205	10.45	0	-26.66	0	0	1	1	1	1	2	1	1	1	167	3.40282e+38	0	3.40282e+38	4294967295	4294967295	4294967295	4294967295	4294967295	0	4294967295	
174	7071111	149.88	0	-145.26	0	0	1	1	1	1	0	1	1	1	4294967295	3.40282e+38	0	3.40282e+38	4294967295	4294967295	4294967295	4294967295	4294967295	0	4294967295	
175	7072119	186.48	0	-187.56	0	0	1	1	1	1	2	1	1	1	198	3.40282e+38	0	3.40282e+38	4294967295	4294967295	4294967295	4294967295	4294967295	0	4294967295	
176	7072120	122.22	0	-201.49	0	0	1	1	1	1	2	1	1	1	199	3.40282e+38	0	3.40282e+38	4294967295	4294967295	4294967295	4294967295	4294967295	0	4294967295	
177	7134106	140.23	-0.04	-10.07	0	0	1	1	1	1	2	1	1	1	161	3.40282e+38	0	3.40282e+38	4294967295	4294967295	4294967295	4294967295	4294967295	0	4294967295	
178	7637101	99.97	0	-83.99	0	0	1	1	1	1	2	1	1	1	211	3.40282e+38	0	3.40282e+38	4294967295	4294967295	4294967295	4294967295	4294967295	0	4294967295	
179	6311106	27.92	1.7	-61.2	-0.995974	0	-0.0896377	1	1	15	0	1	1	1	4294967295	3.40282e+38	0	3.40282e+38	4294967295	4294967295	4294967295	4294967295	4294967295	0	4294967295	
180	1111124	145.67	0	-148.86	-0.100499	0	-0.994937	1	1	1	0	1	1	1	4294967295	3.40282e+38	0	3.40282e+38	4294967295	4294967295	4294967295	4294967295	4294967295	0	4294967295	
181	5041133	174.98	0	-148.55	-0.777941	0	-0.628337	1	1	1	0	1	1	1	4294967295	3.40282e+38	0	3.40282e+38	4294967295	4294967295	4294967295	4294967295	4294967295	0	4294967295	
182	8411122	163.89	0	-148.88	0.0499376	0	-0.998752	1	1	1	0	1	1	1	4294967295	3.40282e+38	0	3.40282e+38	4294967295	4294967295	4294967295	4294967295	4294967295	0	4294967295	
183	2532148	174.83	0	-140.5	-0.0299865	0	0.99955	1	1	15	0	1	1	1	4294967295	3.40282e+38	0	3.40282e+38	4294967295	4294967295	4294967295	4294967295	4294967295	0	4294967295	
184	1111130	139.41	0	-148.83	-0.0896377	0	-0.995974	1	1	15	0	1	1	1	4294967295	3.40282e+38	0	3.40282e+38	4294967295	4294967295	4294967295	4294967295	4294967295	0	4294967295	
185	7131130	175.83	0	-154.75	-0.998752	0	-0.0499376	1	1	15	0	1	1	1	4294967295	3.40282e+38	0	3.40282e+38	4294967295	4294967295	4294967295	4294967295	4294967295	0	4294967295	
186	6431103	96.19	0.24	-181.6	0.990149	0	-0.140021	1	1	1	0	1	1	1	4294967295	3.40282e+38	0	3.40282e+38	4294967295	4294967295	4294967295	4294967295	4294967295	0	4294967295	
187	1131105	140.24	0.24	-210.73	0	0	-1	1	1	1	0	1	1	1	4294967295	3.40282e+38	0	3.40282e+38	4294967295	4294967295	4294967295	4294967295	4294967295	0	4294967295	
188	7951201	96.22	0	-171.14	0.998752	0	0.0499376	1	1	1	0	1	1	1	4294967295	3.40282e+38	0	3.40282e+38	4294967295	4294967295	4294967295	4294967295	4294967295	0	4294967295	
189	7951202	96.22	0	-161.57	0.995974	0	0.0896377	1	1	1	0	1	1	1	4294967295	3.40282e+38	0	3.40282e+38	4294967295	4294967295	4294967295	4294967295	4294967295	0	4294967295	
190	7951203	96.27	0	-200.71	0.998752	0	-0.0499376	1	1	1	0	1	1	1	4294967295	3.40282e+38	0	3.40282e+38	4294967295	4294967295	4294967295	4294967295	4294967295	0	4294967295	
191	7951204	96.23	0	-191.08	0.9998	0	0.019996	1	1	1	0	1	1	1	4294967295	3.40282e+38	0	3.40282e+38	4294967295	4294967295	4294967295	4294967295	4294967295	0	4294967295	
192	7951205	96.03	0	-142.49	0.975232	0	-0.221187	1	1	1	0	1	1	1	4294967295	3.40282e+38	0	3.40282e+38	4294967295	4294967295	4294967295	4294967295	4294967295	0	4294967295	
193	7951206	96.04	0	-151.91	0.9998	0	-0.019996	1	1	1	0	1	1	1	4294967295	3.40282e+38	0	3.40282e+38	4294967295	4294967295	4294967295	4294967295	4294967295	0	4294967295	
194	2532150	181.34	0	-140.41	0	0	1	1	1	15	0	1	1	1	4294967295	3.40282e+38	0	3.40282e+38	4294967295	4294967295	4294967295	4294967295	4294967295	0	4294967295	
195	5041139	78.56	0	-14.63	0	0	1	1	1	1	0	1	1	1	4294967295	3.40282e+38	0	3.40282e+38	4294967295	4294967295	4294967295	4294967295	4294967295	0	4294967295	
196	2532183	135.98	-0.13	-237.99	0	0	1	1	1	15	0	1	1	1	4294967295	3.40282e+38	0	3.40282e+38	4294967295	4294967295	4294967295	4294967295	4294967295	0	4294967295	
197	2532187	128.22	0.24	-140.17	0	0	1	1	1	1	0	1	1	1	4294967295	3.40282e+38	0	3.40282e+38	4294967295	4294967295	4294967295	4294967295	4294967295	0	4294967295	
198	2532188	134.74	0	-140.31	0	0	1	1	1	1	0	1	1	1	4294967295	3.40282e+38	0	3.40282e+38	4294967295	4294967295	4294967295	4294967295	4294967295	0	4294967295	
199	2532189	141.38	0	-140.43	0	0	1	1	1	1	0	1	1	1	4294967295	3.40282e+38	0	3.40282e+38	4294967295	4294967295	4294967295	4294967295	4294967295	0	4294967295	
200	2532190	147.87	0	-140.37	0	0	1	1	1	1	0	1	1	1	4294967295	3.40282e+38	0	3.40282e+38	4294967295	4294967295	4294967295	4294967295	4294967295	0	4294967295	
201	2532191	161.63	0	-140.35	0	0	1	1	1	1	0	1	1	1	4294967295	3.40282e+38	0	3.40282e+38	4294967295	4294967295	4294967295	4294967295	4294967295	0	4294967295	
202	2532192	168.31	0	-140.41	0	0	1	1	1	1	0	1	1	1	4294967295	3.40282e+38	0	3.40282e+38	4294967295	4294967295	4294967295	4294967295	4294967295	0	4294967295	
203	2532198	174.78	0	-140.3	0	0	1	1	1	15	0	1	1	1	4294967295	3.40282e+38	0	3.40282e+38	4294967295	4294967295	4294967295	4294967295	4294967295	0	4294967295	
204	2532199	181.27	0	-140.19	0	0	1	1	1	15	0	1	1	1	4294967295	3.40282e+38	0	3.40282e+38	4294967295	4294967295	4294967295	4294967295	4294967295	0	4294967295	
205	6413111	17.1	0	-21.28	-0.691905	0	0.721988	1	1	15	0	1	1	1	4294967295	3.40282e+38	0	3.40282e+38	4294967295	4294967295	4294967295	4294967295	4294967295	0	4294967295	
206	5041106	312.06	10.24	-78.71	0.99955	0	0.0299865	1	1	1	0	1	1	1	4294967295	3.40282e+38	0	3.40282e+38	4294967295	4294967295	4294967295	4294967295	4294967295	0	4294967295	
207	8511108	351.19	10.02	-76.41	-0.965904	0	-0.258902	1	1	1	0	1	1	1	4294967295	3.40282e+38	0	3.40282e+38	4294967295	4294967295	4294967295	4294967295	4294967295	0	4294967295	
208	4371304	337.92	13.78	-131.12	-0.985286	0	-0.170917	1	1	1	0	1	1	1	4294967295	3.40282e+38	0	3.40282e+38	4294967295	4294967295	4294967295	4294967295	4294967295	0	4294967295	
209	4152107	297.38	2.91	-123.46	-0.769039	0	-0.639202	1	1	1	0	1	1	1	4294967295	3.40282e+38	0	3.40282e+38	4294967295	4294967295	4294967295	4294967295	4294967295	0	4294967295	
210	4152108	306.2	2.97	-143.05	-0.997559	0	-0.0698291	1	1	1	0	1	1	1	4294967295	3.40282e+38	0	3.40282e+38	4294967295	4294967295	4294967295	4294967295	4294967295	0	4294967295	
211	4141104	269.29	-0.11	-111.07	0.43921	0	-0.898384	1	1	1	0	1	1	1	4294967295	3.40282e+38	0	3.40282e+38	4294967295	4294967295	4294967295	4294967295	4294967295	0	4294967295	
212	4371306	279.84	-0.25	-143.73	0.159546	0	0.987191	1	1	1	0	1	1	1	4294967295	3.40282e+38	0	3.40282e+38	4294967295	4294967295	4294967295	4294967295	4294967295	0	4294967295	
213	7131116	345.58	10.01	-180.07	-0.995974	0	-0.0896377	1	1	1	0	1	1	1	4294967295	3.40282e+38	0	3.40282e+38	4294967295	4294967295	4294967295	4294967295	4294967295	0	4294967295	
214	2804105	345.73	10.02	-200.86	-0.691905	0	0.721988	1	1	1	0	1	1	1	4294967295	3.40282e+38	0	3.40282e+38	4294967295	4294967295	4294967295	4294967295	4294967295	0	4294967295	
215	8411110	291.74	9.57	-209.53	0.841178	0	0.540758	1	1	1	0	1	1	1	4294967295	3.40282e+38	0	3.40282e+38	4294967295	4294967295	4294967295	4294967295	4294967295	0	4294967295	
216	1781203	278.39	-0.18	-135.17	0	0	1	1	1	1	0	1	1	1	4294967295	3.40282e+38	0	3.40282e+38	4294967295	4294967295	4294967295	4294967295	4294967295	0	4294967295	
217	1781117	269.71	0.07	-119.85	0	0	1	1	1	1	2	1	1	1	124	3.40282e+38	0	3.40282e+38	4294967295	4294967295	4294967295	4294967295	4294967295	0	4294967295	
218	3813102	314.96	8.51	-123.95	0	0	1	1	1	1	2	1	1	1	125	3.40282e+38	0	3.40282e+38	4294967295	4294967295	4294967295	4294967295	4294967295	0	4294967295	
219	5041142	311.48	9.8	-77.21	0.898384	0	0.43921	1	1	1	0	1	1	1	4294967295	3.40282e+38	0	3.40282e+38	4294967295	4294967295	4294967295	4294967295	4294967295	0	4294967295	
220	4751203	-324.39	2.04	38.63	0.855732	0	0.517419	1	1	1	0	1	1	1	4294967295	3.40282e+38	0	3.40282e+38	4294967295	4294967295	4294967295	4294967295	4294967295	0	4294967295	
221	4511507	-329.22	0.52	72.71	0.987191	0	-0.159546	1	1	1	0	1	1	1	4294967295	3.40282e+38	0	3.40282e+38	4294967295	4294967295	4294967295	4294967295	4294967295	0	4294967295	
222	4511404	-300.05	0.29	139.28	0.019996	0	-0.9998	1	1	1	0	1	1	1	4294967295	3.40282e+38	0	3.40282e+38	4294967295	4294967295	4294967295	4294967295	4294967295	0	4294967295	
223	4511105	-281.5	0.41	138.09	-0.628337	0	-0.777941	1	1	1	0	1	1	1	4294967295	3.40282e+38	0	3.40282e+38	4294967295	4294967295	4294967295	4294967295	4294967295	0	4294967295	
224	5041104	-332.94	9.52	162.28	-0.0698291	0	-0.997559	1	1	1	0	1	1	1	4294967295	3.40282e+38	0	3.40282e+38	4294967295	4294967295	4294967295	4294967295	4294967295	0	4294967295	
225	8511106	-343.87	8.98	153.54	0.671176	0	-0.741298	1	1	1	0	1	1	1	4294967295	3.40282e+38	0	3.40282e+38	4294967295	4294967295	4294967295	4294967295	4294967295	0	4294967295	
226	4751402	-356.12	10.41	20.57	0.998752	0	0.0499376	1	1	1	0	1	1	1	4294967295	3.40282e+38	0	3.40282e+38	4294967295	4294967295	4294967295	4294967295	4294967295	0	4294967295	
227	4751304	-266.33	0.51	46.74	-0.808304	0	0.588765	1	1	1	0	1	1	1	4294967295	3.40282e+38	0	3.40282e+38	4294967295	4294967295	4294967295	4294967295	4294967295	0	4294967295	
228	4651202	-291.5	8.61	69.99	-0.0698291	0	-0.997559	1	1	15	0	1	1	1	4294967295	3.40282e+38	0	3.40282e+38	4294967295	4294967295	4294967295	4294967295	4294967295	0	4294967295	
229	4651103	-310.69	0.94	128.09	0.570771	0	-0.821109	1	1	1	0	1	1	1	4294967295	3.40282e+38	0	3.40282e+38	4294967295	4294967295	4294967295	4294967295	4294967295	0	4294967295	
230	4651203	-324.13	0.95	113.69	0.911734	0	-0.410781	1	1	1	1	1	1	1	4294967295	3.40282e+38	0	3.40282e+38	4294967295	4294967295	4294967295	4294967295	4294967295	0	4294967295	
231	8411108	-352.62	8.43	143.95	0.997559	0	-0.0698291	1	1	1	0	1	1	1	4294967295	3.40282e+38	0	3.40282e+38	4294967295	4294967295	4294967295	4294967295	4294967295	0	4294967295	
232	5041140	-333.27	8.56	163.87	-0.170917	0	-0.985286	1	1	1	0	1	1	1	4294967295	3.40282e+38	0	3.40282e+38	4294967295	4294967295	4294967295	4294967295	4294967295	0	4294967295	
233	4072111	-142.15	0.5	178.98	-0.140021	0	0.990149	1	1	1	0	1	1	1	4294967295	3.40282e+38	0	3.40282e+38	4294967295	4294967295	4294967295	4294967295	4294967295	0	4294967295	
234	8411105	-146.35	0.9	16.43	0.0499376	0	-0.998752	1	1	1	0	1	1	1	4294967295	3.40282e+38	0	3.40282e+38	4294967295	4294967295	4294967295	4294967295	4294967295	0	4294967295	
235	1111106	-76.5	0.6	15.87	-0.209529	0	-0.977802	1	1	1	0	1	1	1	4294967295	3.40282e+38	0	3.40282e+38	4294967295	4294967295	4294967295	4294967295	4294967295	0	4294967295	
236	1111109	-241.84	8.82	146.61	-0.995974	0	-0.0896377	1	1	1	0	1	1	1	4294967295	3.40282e+38	0	3.40282e+38	4294967295	4294967295	4294967295	4294967295	4294967295	0	4294967295	
237	7131114	-252.53	8.98	169.6	0	0	-1	1	1	1	0	1	1	1	4294967295	3.40282e+38	0	3.40282e+38	4294967295	4294967295	4294967295	4294967295	4294967295	0	4294967295	
238	7951102	-177.35	0	173.54	-0.019996	0	0.9998	1	1	1	0	1	1	1	4294967295	3.40282e+38	0	3.40282e+38	4294967295	4294967295	4294967295	4294967295	4294967295	0	4294967295	
239	2804103	-232.55	8.82	69.22	-0.99955	0	0.0299865	1	1	1	0	1	1	1	4294967295	3.40282e+38	0	3.40282e+38	4294967295	4294967295	4294967295	4294967295	4294967295	0	4294967295	
240	1651108	-152.41	0.29	122.19	0.0499376	0	-0.998752	1	1	15	0	1	1	1	4294967295	3.40282e+38	0	3.40282e+38	4294967295	4294967295	4294967295	4294967295	4294967295	0	4294967295	
241	2801202	-34.1	0.27	198.93	0	0	1	1	1	1	0	1	1	1	4294967295	3.40282e+38	0	3.40282e+38	4294967295	4294967295	4294967295	4294967295	4294967295	0	4294967295	
242	3221204	-19.53	0.27	92.4	-0.0499376	0	0.998752	1	1	1	0	1	1	1	4294967295	3.40282e+38	0	3.40282e+38	4294967295	4294967295	4294967295	4294967295	4294967295	0	4294967295	
243	3142219	-77.19	0	92.66	0	0	1	1	1	1	0	1	1	1	4294967295	3.40282e+38	0	3.40282e+38	4294967295	4294967295	4294967295	4294967295	4294967295	0	4294967295	
244	5063107	-10.16	0.21	225.46	-0.0299865	0	-0.99955	1	1	15	0	1	1	1	4294967295	3.40282e+38	0	3.40282e+38	4294967295	4294967295	4294967295	4294967295	4294967295	0	4294967295	
245	5061305	-38.79	0.1	19.69	0.0896377	0	-0.995974	1	1	1	0	1	1	1	4294967295	3.40282e+38	0	3.40282e+38	4294967295	4294967295	4294967295	4294967295	4294967295	0	4294967295	
246	3611102	-26.17	0	18.67	0.617382	0	-0.786664	1	1	1	0	1	1	1	4294967295	3.40282e+38	0	3.40282e+38	4294967295	4294967295	4294967295	4294967295	4294967295	0	4294967295	
247	1353105	-68.03	0.02	123.33	-0.0499376	0	-0.998752	1	1	1	0	1	1	1	4294967295	3.40282e+38	0	3.40282e+38	4294967295	4294967295	4294967295	4294967295	4294967295	0	4294967295	
248	2792103	-71.24	0.01	123.78	-0.0299865	0	-0.99955	1	1	1	0	1	1	1	4294967295	3.40282e+38	0	3.40282e+38	4294967295	4294967295	4294967295	4294967295	4294967295	0	4294967295	
249	4481201	-224.74	9.08	114.6	0.997559	0	0.0698291	1	1	1	0	1	1	1	4294967295	3.40282e+38	0	3.40282e+38	4294967295	4294967295	4294967295	4294967295	4294967295	0	4294967295	
250	1591104	-248.35	0.23	108.77	0	0	1	1	1	1	2	1	1	1	123	3.40282e+38	0	3.40282e+38	4294967295	4294967295	4294967295	4294967295	4294967295	0	4294967295	
251	3251103	-175.37	0.36	42.24	-0.977802	0	0.209529	1	1	1	1	1	1	1	4294967295	3.40282e+38	0	3.40282e+38	4294967295	4294967295	4294967295	4294967295	4294967295	0	4294967295	
252	3252102	-174.51	0.4	45.33	-0.998752	0	-0.0499376	1	1	1	1	1	1	1	4294967295	3.40282e+38	0	3.40282e+38	4294967295	4294967295	4294967295	4294967295	4294967295	0	4294967295	
253	1851103	-148.02	1.13	155.36	0.221187	0	0.975232	1	1	1	0	1	1	1	4294967295	3.40282e+38	0	3.40282e+38	4294967295	4294967295	4294967295	4294967295	4294967295	0	4294967295	
254	1852104	-145.1	0.94	152.94	0.24018	0	0.970728	1	1	1	0	1	1	1	4294967295	3.40282e+38	0	3.40282e+38	4294967295	4294967295	4294967295	4294967295	4294967295	0	4294967295	
255	1853103	-141.45	0.85	154.89	0.0698291	0	0.997559	1	1	1	0	1	1	1	4294967295	3.40282e+38	0	3.40282e+38	4294967295	4294967295	4294967295	4294967295	4294967295	0	4294967295	
256	1311103	-144.95	0.56	164.76	-0.360994	0	-0.932568	1	1	1	0	1	1	1	4294967295	3.40282e+38	0	3.40282e+38	4294967295	4294967295	4294967295	4294967295	4294967295	0	4294967295	
257	1652202	-146.87	0.58	164.11	0.0896377	0	-0.995974	1	1	1	0	1	1	1	4294967295	3.40282e+38	0	3.40282e+38	4294967295	4294967295	4294967295	4294967295	4294967295	0	4294967295	
258	4111203	-143.38	0.63	163.98	-0	0	-1	1	1	1	0	1	1	1	4294967295	3.40282e+38	0	3.40282e+38	4294967295	4294967295	4294967295	4294967295	4294967295	0	4294967295	
259	7632102	-148.71	0.62	163.39	0.570771	0	-0.821109	1	1	1	0	1	1	1	4294967295	3.40282e+38	0	3.40282e+38	4294967295	4294967295	4294967295	4294967295	4294967295	0	4294967295	
260	7633102	-141.35	0.66	164.55	-0.340136	0	-0.940376	1	1	1	0	1	1	1	4294967295	3.40282e+38	0	3.40282e+38	4294967295	4294967295	4294967295	4294967295	4294967295	0	4294967295	
261	7635102	-145.85	0.53	165.05	-0.24018	0	-0.970728	1	1	1	0	1	1	1	4294967295	3.40282e+38	0	3.40282e+38	4294967295	4294967295	4294967295	4294967295	4294967295	0	4294967295	
262	2971109	-147.62	0.49	165.57	-0.0698291	0	-0.997559	1	1	1	0	1	1	1	4294967295	3.40282e+38	0	3.40282e+38	4294967295	4294967295	4294967295	4294967295	4294967295	0	4294967295	
263	2972110	-144.21	0.54	165.65	-0.120331	0	-0.992734	1	1	1	0	1	1	1	4294967295	3.40282e+38	0	3.40282e+38	4294967295	4294967295	4294967295	4294967295	4294967295	0	4294967295	
264	1431112	-67.93	0.04	53.47	0.209529	0	-0.977802	1	1	1	0	1	1	1	4294967295	3.40282e+38	0	3.40282e+38	4294967295	4294967295	4294967295	4294967295	4294967295	0	4294967295	
265	2951204	-185.6	0	124.65	0	0	1	1	1	1	2	1	1	1	103	3.40282e+38	0	3.40282e+38	4294967295	4294967295	4294967295	4294967295	4294967295	0	4294967295	
266	4192104	-117.38	9.6	34.19	0	0	1	1	1	1	0	1	1	1	4294967295	3.40282e+38	0	3.40282e+38	4294967295	4294967295	4294967295	4294967295	4294967295	0	4294967295	
267	4261112	-100.64	0.3	61.71	0	0	1	1	1	1	2	1	1	1	108	3.40282e+38	0	3.40282e+38	4294967295	4294967295	4294967295	4294967295	4294967295	0	4294967295	
268	7634101	-53.24	0.3	96.74	-0.9998	0	-0.019996	1	1	1	2	1	1	1	107	3.40282e+38	0	3.40282e+38	4294967295	4294967295	4294967295	4294967295	4294967295	0	4294967295	
269	4072125	-122.42	0.3	59.3	0	0	1	1	1	1	2	1	1	1	110	3.40282e+38	0	3.40282e+38	4294967295	4294967295	4294967295	4294967295	4294967295	0	4294967295	
270	5731104	-101.84	7.1	80.63	0	0	1	1	1	1	2	1	1	1	109	3.40282e+38	0	3.40282e+38	4294967295	4294967295	4294967295	4294967295	4294967295	0	4294967295	
271	1511501	-117.94	0	75.88	0.019996	0	0.9998	1	1	1	2	1	1	1	132	3.40282e+38	0	3.40282e+38	1511501	1	4294967295	4294967295	4294967295	0	4294967295	
272	3031214	-34.43	-0	118.32	0	0	1	1	1	1	2	1	1	1	139	3.40282e+38	0	3.40282e+38	4294967295	4294967295	4294967295	4294967295	4294967295	0	4294967295	
273	3331210	-106.66	-0	118.49	0	0	1	1	1	1	2	1	1	1	138	3.40282e+38	0	3.40282e+38	4294967295	4294967295	4294967295	4294967295	4294967295	0	4294967295	
274	3811103	-139.44	0	10.42	0	0	1	1	1	1	2	1	1	1	207	3.40282e+38	0	3.40282e+38	4294967295	4294967295	4294967295	4294967295	4294967295	0	4294967295	
275	3813103	-135.39	0.3	10.43	0	0	1	1	1	1	2	1	1	1	157	3.40282e+38	0	3.40282e+38	4294967295	4294967295	4294967295	4294967295	4294967295	0	4294967295	
276	4142108	-55.78	-0	178.51	0	0	1	1	1	1	2	1	1	1	136	3.40282e+38	0	3.40282e+38	4294967295	4294967295	4294967295	4294967295	4294967295	0	4294967295	
277	4151210	-186.5	0	59.68	0	0	1	1	1	1	2	1	1	1	158	3.40282e+38	0	3.40282e+38	4294967295	4294967295	4294967295	4294967295	4294967295	0	4294967295	
278	4511110	-175.28	-0	97.24	0	0	1	1	1	1	2	1	1	1	159	3.40282e+38	0	3.40282e+38	4294967295	4294967295	4294967295	4294967295	4294967295	0	4294967295	
279	4511412	-10.2	0	145.28	0	0	1	1	1	1	2	1	1	1	140	3.40282e+38	0	3.40282e+38	4294967295	4294967295	4294967295	4294967295	4294967295	0	4294967295	
280	4511610	-206.61	-0	125.7	0	0	1	1	1	1	2	1	1	1	200	3.40282e+38	0	3.40282e+38	4294967295	4294967295	4294967295	4294967295	4294967295	0	4294967295	
281	4752108	-10.51	-0	49.73	0	0	1	1	1	1	2	1	1	1	153	3.40282e+38	0	3.40282e+38	4294967295	4294967295	4294967295	4294967295	4294967295	0	4294967295	
282	5312106	-29.66	-0	10.16	0	0	1	1	1	1	2	1	1	1	154	3.40282e+38	0	3.40282e+38	4294967295	4294967295	4294967295	4294967295	4294967295	0	4294967295	
283	5591107	-185.81	-0	156.48	0	0	1	1	1	1	2	1	1	1	137	3.40282e+38	0	3.40282e+38	4294967295	4294967295	4294967295	4294967295	4294967295	0	4294967295	
284	7131126	-118.85	0	179.1	0	0	1	1	1	1	2	1	1	1	135	3.40282e+38	0	3.40282e+38	4294967295	4294967295	4294967295	4294967295	4294967295	0	4294967295	
285	7133102	-138.1	0	96.69	0	0	1	1	1	1	2	1	1	1	160	3.40282e+38	0	3.40282e+38	4294967295	4294967295	4294967295	4294967295	4294967295	0	4294967295	
286	7635103	-87.44	-0	10.14	0	0	1	1	1	1	2	1	1	1	155	3.40282e+38	0	3.40282e+38	4294967295	4294967295	4294967295	4294967295	4294967295	0	4294967295	
287	8032140	-56.4	0	31.75	0	0	1	1	1	1	2	1	1	1	156	3.40282e+38	0	3.40282e+38	4294967295	4294967295	4294967295	4294967295	4294967295	0	4294967295	
288	4511302	-206.66	0.66	4.71	0.9998	0	-0.019996	1	1	1	0	1	1	1	4294967295	3.40282e+38	0	3.40282e+38	4294967295	4294967295	4294967295	4294967295	4294967295	0	4294967295	
289	3242116	-145.46	0.27	196.67	0	0	1	1	1	1	2	1	1	1	206	3.40282e+38	0	3.40282e+38	4294967295	4294967295	4294967295	4294967295	4294967295	0	4294967295	
290	7636101	-88.14	-0	96.79	0	0	1	1	1	1	2	1	1	1	209	3.40282e+38	0	3.40282e+38	4294967295	4294967295	4294967295	4294967295	4294967295	0	4294967295	
291	7636102	-11.24	-0	168.09	0	0	1	1	1	1	2	1	1	1	208	3.40282e+38	0	3.40282e+38	4294967295	4294967295	4294967295	4294967295	4294967295	0	4294967295	
292	7571112	-139.28	1	16.57	0.019996	0	-0.9998	1	1	1	0	1	1	1	4294967295	3.40282e+38	0	3.40282e+38	4294967295	4294967295	4294967295	4294967295	4294967295	0	4294967295	
293	4072101	10.38	0.35	196.13	-0.617382	0	-0.786664	1	1	1	0	1	1	1	4294967295	3.40282e+38	0	3.40282e+38	4294967295	4294967295	4294967295	4294967295	4294967295	0	4294967295	
294	7611102	10.74	0.48	178.72	-0.99955	0	0.0299865	1	1	1	0	1	1	1	4294967295	3.40282e+38	0	3.40282e+38	4294967295	4294967295	4294967295	4294967295	4294967295	0	4294967295	
295	4372205	121.24	0.53	98.2	-0.660628	0	0.750713	1	1	1	0	1	1	1	4294967295	3.40282e+38	0	3.40282e+38	4294967295	4294967295	4294967295	4294967295	4294967295	0	4294967295	
296	4072112	151.87	0.29	118.35	-0.975232	0	-0.221187	1	1	1	2	1	1	1	102	3.40282e+38	0	3.40282e+38	4294967295	4294967295	4294967295	4294967295	4294967295	0	4294967295	
297	3183105	148.37	0.4	17.37	-0.369667	0	-0.929164	1	1	1	0	1	1	1	4294967295	3.40282e+38	0	3.40282e+38	4294967295	4294967295	4294967295	4294967295	4294967295	0	4294967295	
298	8512116	16.48	0.2	172.62	-0.920691	0	0.390293	1	1	1	0	1	1	1	4294967295	3.40282e+38	0	3.40282e+38	4294967295	4294967295	4294967295	4294967295	4294967295	0	4294967295	
299	7951101	126.41	0	72.65	-0.998752	0	-0.0499376	1	1	1	0	1	1	1	4294967295	3.40282e+38	0	3.40282e+38	4294967295	4294967295	4294967295	4294967295	4294967295	0	4294967295	
300	4072114	87.4	0.62	168.8	-0.995974	0	0.0896377	1	1	1	0	1	1	1	4294967295	3.40282e+38	0	3.40282e+38	4294967295	4294967295	4294967295	4294967295	4294967295	0	4294967295	
301	2532132	23.8	0.14	173.84	0	0	1	1	1	15	0	1	1	1	4294967295	3.40282e+38	0	3.40282e+38	4294967295	4294967295	4294967295	4294967295	4294967295	0	4294967295	
302	3143119	179.25	0.18	157.35	0.99955	0	-0.0299865	1	1	1	0	1	1	1	4294967295	3.40282e+38	0	3.40282e+38	4294967295	4294967295	4294967295	4294967295	4294967295	0	4294967295	
303	3144106	52.05	0.11	77.61	-0.997559	0	0.0698291	1	1	1	0	1	1	1	4294967295	3.40282e+38	0	3.40282e+38	4294967295	4294967295	4294967295	4294967295	4294967295	0	4294967295	
304	3147105	58.27	0.01	78.32	0	0	1	1	1	1	0	1	1	1	4294967295	3.40282e+38	0	3.40282e+38	4294967295	4294967295	4294967295	4294967295	4294967295	0	4294967295	
305	2951103	9.93	0.41	117.61	-0.660628	0	-0.750713	1	1	1	0	1	1	1	4294967295	3.40282e+38	0	3.40282e+38	4294967295	4294967295	4294967295	4294967295	4294967295	0	4294967295	
306	8031503	34.14	0.53	22.81	0.0698291	0	-0.997559	1	1	1	0	1	1	1	4294967295	3.40282e+38	0	3.40282e+38	4294967295	4294967295	4294967295	4294967295	4294967295	0	4294967295	
307	5731102	65.96	6.28	196.66	-0.9998	0	-0.019996	1	1	1	2	1	1	1	101	3.40282e+38	0	3.40282e+38	4294967295	4294967295	4294967295	4294967295	4294967295	0	4294967295	
308	5533406	185.36	0	67.52	0	0	1	1	1	1	2	1	1	1	104	3.40282e+38	0	3.40282e+38	4294967295	4294967295	4294967295	4294967295	4294967295	0	4294967295	
309	4371204	60.22	0.52	201.33	0	0	1	1	1	1	0	1	1	1	4294967295	3.40282e+38	0	3.40282e+38	4294967295	4294967295	4294967295	4294967295	4294967295	0	4294967295	
310	3614102	162	0.09	44.14	0.997559	0	0.0698291	1	1	1	0	1	1	1	4294967295	3.40282e+38	0	3.40282e+38	4294967295	4294967295	4294967295	4294967295	4294967295	0	4294967295	
311	4072127	57.89	0.01	157.44	0	0	1	1	1	1	0	1	1	1	4294967295	3.40282e+38	0	3.40282e+38	4294967295	4294967295	4294967295	4294967295	4294967295	0	4294967295	
312	4072129	122.59	0.4	26.86	0	0	1	1	1	1	2	1	1	1	105	3.40282e+38	0	3.40282e+38	4294967295	4294967295	4294967295	4294967295	4294967295	0	4294967295	
313	4161101	55.08	0.01	74.4	0.209529	0	0.977802	1	1	1	0	1	1	1	4294967295	3.40282e+38	0	3.40282e+38	4294967295	4294967295	4294967295	4294967295	4294967295	0	4294967295	
314	5481101	71.78	0	183.91	-1	0	0	1	1	1	2	1	1	1	128	3.40282e+38	0	3.40282e+38	5481101	1	4294967295	4294967295	4294967295	0	4294967295	
315	5041204	172.66	0.01	45.95	0	0	1	1	1	1	1	5	3	1	4294967295	3.40282e+38	0	3.40282e+38	4294967295	4294967295	4294967295	4294967295	4294967295	0	4294967295	
316	6791101	118.13	0	20.22	-0	0	-1	1	1	1	2	1	1	1	129	3.40282e+38	0	3.40282e+38	6791101	1	4294967295	4294967295	4294967295	0	4294967295	
317	7711202	101.33	0.3	62.4	0	0	1	1	1	1	2	1	1	1	106	0	0	0	4294967295	4294967295	4294967295	4294967295	1	1	4294967295	
318	4752206	102.39	0.3	58.12	0.24018	0	0.970728	1	1	1	3	1	1	1	4294967295	1.07	0	4.28	4294967295	4294967295	4294967295	4294967295	1	0	4294967295	
319	3131212	99.89	0.3	59.64	0	0	1	1	1	1	3	1	1	1	4294967295	1.44	0	2.76	4294967295	4294967295	4294967295	4294967295	1	0	4294967295	
320	3812102	99.95	0.2	56.78	0	0	1	1	1	1	3	1	1	1	4294967295	1.38	0	5.63	4294967295	4294967295	4294967295	4294967295	1	0	4294967295	
321	5591207	102.17	0.2	55.32	0	0	1	1	1	1	3	1	1	1	4294967295	0.84	0	7.08	4294967295	4294967295	4294967295	4294967295	1	0	4294967295	
322	1311209	185.77	-0.03	135.31	0	0	1	1	1	1	2	1	1	1	143	3.40282e+38	0	3.40282e+38	4294967295	4294967295	4294967295	4294967295	4294967295	0	4294967295	
323	1653113	131.92	0.09	156.56	0	0	1	1	1	1	2	1	1	1	145	3.40282e+38	0	3.40282e+38	4294967295	4294967295	4294967295	4294967295	4294967295	0	4294967295	
324	3031303	160.86	0	9.72	0	0	1	1	1	1	2	1	1	1	149	3.40282e+38	0	3.40282e+38	4294967295	4294967295	4294967295	4294967295	4294967295	0	4294967295	
325	3173111	56.42	0	10.69	0	0	1	1	1	1	2	1	1	1	153	3.40282e+38	0	3.40282e+38	4294967295	4294967295	4294967295	4294967295	4294967295	0	4294967295	
326	3332206	10.28	0	40.97	0	0	1	1	1	1	2	1	1	1	151	3.40282e+38	0	3.40282e+38	4294967295	4294967295	4294967295	4294967295	4294967295	0	4294967295	
327	4111302	185.73	0	31.61	0	0	1	1	1	1	2	1	1	1	148	3.40282e+38	0	3.40282e+38	4294967295	4294967295	4294967295	4294967295	4294967295	0	4294967295	
328	4151111	139.47	0.04	178.71	0	0	1	1	1	1	2	1	1	1	142	3.40282e+38	0	3.40282e+38	4294967295	4294967295	4294967295	4294967295	4294967295	0	4294967295	
329	4511212	62.77	0.02	117.91	0	0	1	1	1	1	2	1	1	1	144	3.40282e+38	0	3.40282e+38	4294967295	4294967295	4294967295	4294967295	4294967295	0	4294967295	
330	4751110	122.05	0	68.34	0	0	1	1	1	1	2	1	1	1	147	3.40282e+38	0	3.40282e+38	4294967295	4294967295	4294967295	4294967295	4294967295	0	4294967295	
331	3812103	207.17	-0.03	1.77	0	0	1	1	1	1	2	1	1	1	204	3.40282e+38	0	3.40282e+38	4294967295	4294967295	4294967295	4294967295	4294967295	0	4294967295	
332	6313107	23.59	0.01	96.79	0	0	1	1	1	1	2	1	1	1	150	3.40282e+38	0	3.40282e+38	4294967295	4294967295	4294967295	4294967295	4294967295	0	4294967295	
333	7092107	153.62	-0	96.74	0	0	1	1	1	1	2	1	1	1	146	3.40282e+38	0	3.40282e+38	4294967295	4294967295	4294967295	4294967295	4294967295	0	4294967295	
334	8755302	33.16	-0.12	179.3	0	0	1	1	1	1	2	1	1	1	141	3.40282e+38	0	3.40282e+38	4294967295	4294967295	4294967295	4294967295	4294967295	0	4294967295	
335	4041112	165.05	0.17	52.69	0.517419	0	-0.855732	1	1	1	0	1	1	1	4294967295	3.40282e+38	0	3.40282e+38	4294967295	4294967295	4294967295	4294967295	4294967295	0	4294967295	
336	7637102	10.06	-0.06	152.91	0	0	1	1	1	1	2	1	1	1	210	3.40282e+38	0	3.40282e+38	4294967295	4294967295	4294967295	4294967295	4294967295	0	4294967295	
337	2973104	15.64	-0.03	127.21	-1	0	0	1	1	15	0	1	1	1	4294967295	3.40282e+38	0	3.40282e+38	4294967295	4294967295	4294967295	4294967295	4294967295	0	4294967295	
338	2531106	15.75	0.01	132.07	-1	0	0	1	1	15	0	1	1	1	4294967295	3.40282e+38	0	3.40282e+38	4294967295	4294967295	4294967295	4294967295	4294967295	0	4294967295	
339	2531111	15.74	0.01	132.09	-0.99955	0	-0.0299865	1	1	1	0	1	1	1	4294967295	3.40282e+38	0	3.40282e+38	4294967295	4294967295	4294967295	4294967295	4294967295	0	4294967295	
340	2973108	15.64	-0.03	127.17	-0.992734	0	0.120331	1	1	1	0	1	1	1	4294967295	3.40282e+38	0	3.40282e+38	4294967295	4294967295	4294967295	4294967295	4294967295	0	4294967295	
341	2532182	24.41	0.01	173.82	0	0	1	1	1	15	0	1	1	1	4294967295	3.40282e+38	0	3.40282e+38	4294967295	4294967295	4294967295	4294967295	4294967295	0	4294967295	
342	4371303	308.39	13.34	111.55	0.841178	0	0.540758	1	1	1	0	1	1	1	4294967295	3.40282e+38	0	3.40282e+38	4294967295	4294967295	4294967295	4294967295	4294967295	0	4294967295	
343	4152106	286.25	12.81	108.59	-0.808304	0	0.588765	1	1	1	0	1	1	1	4294967295	3.40282e+38	0	3.40282e+38	4294967295	4294967295	4294967295	4294967295	4294967295	0	4294967295	
344	4371302	287.61	13.13	87.08	-0.777941	0	-0.628337	1	1	1	0	1	1	1	4294967295	3.40282e+38	0	3.40282e+38	4294967295	4294967295	4294967295	4294967295	4294967295	0	4294967295	
345	4141103	309.38	12.91	89.16	0.498284	0	-0.867014	1	1	1	0	1	1	1	4294967295	3.40282e+38	0	3.40282e+38	4294967295	4294967295	4294967295	4294967295	4294967295	0	4294967295	
346	2801104	319.04	7.09	35.37	-0.221187	0	-0.975232	1	1	1	0	1	1	1	4294967295	3.40282e+38	0	3.40282e+38	4294967295	4294967295	4294967295	4294967295	4294967295	0	4294967295	
347	4072203	378.64	0.17	195.79	-0.483077	0	-0.875578	1	1	1	1	1	1	1	4294967295	3.40282e+38	0	3.40282e+38	4294967295	4294967295	4294967295	4294967295	4294967295	0	4294967295	
348	5592106	275.4	0.22	195.99	0	0	1	1	1	1	2	1	1	1	205	3.40282e+38	0	3.40282e+38	4294967295	4294967295	4294967295	4294967295	4294967295	0	4294967295	
349	7131151	313.65	13.02	99.87	0.997559	0	-0.0698291	1	1	1	0	1	1	1	4294967295	3.40282e+38	0	3.40282e+38	4294967295	4294967295	4294967295	4294967295	4294967295	0	4294967295	
350	4072110	-4.39	4.3	306.31	0.0299865	0	-0.99955	1	1	1	0	1	1	1	4294967295	3.40282e+38	0	3.40282e+38	4294967295	4294967295	4294967295	4294967295	4294967295	0	4294967295	
351	4072109	4.48	4.3	306.49	0.0698291	0	-0.997559	1	1	1	0	1	1	1	4294967295	3.40282e+38	0	3.40282e+38	4294967295	4294967295	4294967295	4294967295	4294967295	0	4294967295	
