1	27113501	677.16	14.51	-1037.44	0	0	1	1	1	7200	1	10	20	3	4294967295	3.40282e+38	0	3.40282e+38	4294967295	4294967295	4294967295	4294967295	76	0	303	
2	27114101	688.83	14.51	-1066.3	0.0896377	0	0.995974	1	1	7200	1	5	10	8	4294967295	3.40282e+38	0	3.40282e+38	4294967295	4294967295	4294967295	4294967295	76	0	303	
3	21821301	686.4	14.51	-1052.99	0	0	1	1	1	7200	1	15	20	3	4294967295	3.40282e+38	0	3.40282e+38	4294967295	4294967295	4294967295	4294967295	76	0	303	
4	21821301	688.06	14.51	-1035.66	0	0	1	1	1	7200	1	15	20	3	4294967295	3.40282e+38	0	3.40282e+38	4294967295	4294967295	4294967295	4294967295	76	0	303	
5	27114101	674.45	14.51	-1045.66	0	0	1	1	1	7200	1	5	10	8	4294967295	3.40282e+38	0	3.40282e+38	4294967295	4294967295	4294967295	4294967295	76	0	303	
6	22834101	754.48	14.51	-1050.79	0	0	1	1	1	7200	2	1	1	1	54	0	0	0	4294967295	4294967295	4294967295	4294967295	77	1	303	
7	22834101	758.58	14.51	-1048.12	0	0	1	1	1	7200	3	1	1	1	4294967295	4.11	0	2.67	4294967295	4294967295	4294967295	4294967295	77	0	303	
8	22834101	758.26	14.51	-1054.91	0	0	1	1	1	7200	3	1	1	1	4294967295	3.79	0	4.12	4294967295	4294967295	4294967295	4294967295	77	0	303	
9	27114101	736.32	14.51	-1080.29	0	0	1	1	1	7200	1	5	10	8	4294967295	3.40282e+38	0	3.40282e+38	4294967295	4294967295	4294967295	4294967295	78	0	303	
10	21821301	727.78	14.51	-1072.18	0.617382	0	0.786664	1	1	7200	1	15	20	1	4294967295	3.40282e+38	0	3.40282e+38	4294967295	4294967295	4294967295	4294967295	78	0	303	
11	21821301	747.83	14.51	-1074.37	0	0	1	1	1	7200	1	15	20	8	4294967295	3.40282e+38	0	3.40282e+38	4294967295	4294967295	4294967295	4294967295	78	0	303	
12	27114101	738.59	14.51	-1064.65	0	0	1	1	1	7200	1	10	20	3	4294967295	3.40282e+38	0	3.40282e+38	4294967295	4294967295	4294967295	4294967295	78	0	303	
13	22834101	758.33	14.51	-1085.63	0	0	1	1	1	7200	2	1	1	1	55	3.40282e+38	0	3.40282e+38	4294967295	4294967295	4294967295	4294967295	78	0	303	
14	27114101	706.04	14.51	-1065.87	0.28	0	0.96	1	1	7200	2	1	1	1	56	0	0	0	4294967295	4294967295	4294967295	4294967295	79	1	303	
15	21821301	704.63	14.51	-1070.15	0	0	1	1	1	7200	3	1	1	1	4294967295	1.41	0	4.28	4294967295	4294967295	4294967295	4294967295	79	0	303	
16	22834101	788.08	14.51	-1072.64	0	0	1	1	1	7200	2	1	1	1	49	0	0	0	4294967295	4294967295	4294967295	4294967295	70	1	304	
17	22834101	785.03	14.51	-1072.91	0	0	1	1	1	7200	3	1	1	1	4294967295	3.05	0	0.27	4294967295	4294967295	4294967295	4294967295	70	0	304	
18	22834101	833.18	14.51	-1067.39	0	0	1	1	1	7200	3	1	1	1	4294967295	3.49	0	0.89	4294967295	4294967295	4294967295	4294967295	71	0	304	
19	22834101	836.67	14.51	-1066.5	0	0	1	1	1	7200	2	1	1	1	50	0	0	0	4294967295	4294967295	4294967295	4294967295	71	1	304	
20	22834101	837.37	14.51	-1069.46	0	0	1	1	1	7200	3	1	1	1	4294967295	0.7	0	2.96	4294967295	4294967295	4294967295	4294967295	71	0	304	
21	22834101	883.84	14.51	-1049.33	0	0	1	1	1	7200	2	1	1	1	51	0	0	0	4294967295	4294967295	4294967295	4294967295	72	1	304	
22	22834101	878.87	14.51	-1052.2	0	0	1	1	1	7200	3	1	1	1	4294967295	4.97	0	2.87	4294967295	4294967295	4294967295	4294967295	72	0	304	
23	22834101	882.88	14.51	-1054.34	0	0	1	1	1	7200	3	1	1	1	4294967295	0.95	0	5.01	4294967295	4294967295	4294967295	4294967295	72	0	304	
24	22834101	924.76	14.51	-1025.92	0	0	1	1	1	7200	3	1	1	1	4294967295	0.95	0	3.25	4294967295	4294967295	4294967295	4294967295	73	0	304	
25	22834101	916.55	14.51	-1028.81	0	0	1	1	1	7200	3	1	1	1	4294967295	9.16	0	6.14	4294967295	4294967295	4294967295	4294967295	73	0	304	
26	27653101	834.97	14.51	-1047.9	0.907959	0	0.419058	1	1	7200	3	1	1	1	4294967295	5.23	0	2.33	4294967295	4294967295	4294967295	4294967295	82	0	305	
27	27653101	840.19	14.51	-1045.57	0.892413	0	0.45122	1	1	7200	2	1	1	1	59	0	0	0	4294967295	4294967295	4294967295	4294967295	82	1	305	
28	27653101	878.84	14.51	-1030.43	0.848559	0	0.529101	1	1	7200	2	1	1	1	58	0	0	0	4294967295	4294967295	4294967295	4294967295	81	1	305	
29	27653101	875.7	14.51	-1025.47	0.828964	0	0.559301	1	1	7200	3	1	1	1	4294967295	3.15	0	4.96	4294967295	4294967295	4294967295	4294967295	81	0	305	
30	22834101	871.36	14.51	-1031.31	0.882075	0	0.471108	1	1	7200	3	1	1	1	4294967295	7.48	0	0.88	4294967295	4294967295	4294967295	4294967295	81	0	305	
31	27653101	837.12	14.51	-1040.8	0.920691	0	0.390293	1	1	7200	3	1	1	1	4294967295	3.07	0	4.77	4294967295	4294967295	4294967295	4294967295	82	0	305	
32	27653101	832.29	14.51	-1042.49	0.920691	0	0.390293	1	1	7200	3	1	1	1	4294967295	7.9	0	3.09	4294967295	4294967295	4294967295	4294967295	82	0	305	
33	27114101	796.75	14.51	-1050.8	0	0	1	1	1	7200	1	3	3	8	4294967295	3.40282e+38	0	3.40282e+38	4294967295	4294967295	4294967295	4294967295	87	0	305	
34	27114101	808.39	14.51	-1049.99	0	0	1	1	1	7200	1	3	3	8	4294967295	3.40282e+38	0	3.40282e+38	4294967295	4294967295	4294967295	4294967295	87	0	305	
35	21821301	808.85	14.51	-1043.22	0	0	1	1	1	7200	1	10	20	7	4294967295	3.40282e+38	0	3.40282e+38	4294967295	4294967295	4294967295	4294967295	87	0	305	
36	27653101	796.32	14.51	-1044.81	0	0	1	1	1	7200	3	1	1	1	4294967295	3.40282e+38	0	3.40282e+38	4294967295	4294967295	4294967295	4294967295	87	0	305	
37	21821301	800.41	14.51	-1047.17	0	0	1	1	1	7200	1	10	20	7	4294967295	3.40282e+38	0	3.40282e+38	4294967295	4294967295	4294967295	4294967295	87	0	305	
38	27653101	780.03	14.51	-1044.62	0.310217	0	0.950666	1	1	7200	3	1	1	1	4294967295	3.40282e+38	0	3.40282e+38	4294967295	4294967295	4294967295	4294967295	88	0	305	
39	27653101	779.88	14.51	-1048.21	0.310217	0	0.950666	1	1	7200	3	1	1	1	4294967295	3.40282e+38	0	3.40282e+38	4294967295	4294967295	4294967295	4294967295	88	0	305	
40	27114101	784.92	14.51	-1046.79	0.310217	0	0.950666	1	1	7200	2	1	1	1	63	3.40282e+38	0	3.40282e+38	4294967295	4294967295	4294967295	4294967295	88	0	305	
41	21701101	499.9	12.33	-818.05	0	0	1	1	1	7200	1	5	1	8	4294967295	3.40282e+38	0	3.40282e+38	4294967295	4294967295	4294967295	4294967295	13	0	103	
42	21832401	511.81	12.33	-809.12	0	0	1	1	1	7200	1	10	5	6	4294967295	3.40282e+38	0	3.40282e+38	4294967295	4294967295	4294967295	4294967295	13	0	103	
43	21843401	505.59	12.33	-832.38	0	0	1	1	1	7200	1	10	15	0	4294967295	3.40282e+38	0	3.40282e+38	4294967295	4294967295	4294967295	4294967295	13	0	103	
44	21843401	631.73	12.33	-773.79	0	0	1	1	1	7200	1	8	4	8	4294967295	3.40282e+38	0	3.40282e+38	4294967295	4294967295	4294967295	4294967295	5	0	102	
45	21854101	628.7	44.53	-1007.86	0.671176	0	-0.741298	1	1	7200	1	1	1	1	4294967295	3.40282e+38	0	3.40282e+38	4294967295	4294967295	4294967295	4294967295	7	0	105	
46	26818101	632.37	44.01	-1013.71	0.628337	0	-0.777941	1	1	7200	1	1	1	1	4294967295	3.40282e+38	0	3.40282e+38	4294967295	4294967295	4294967295	4294967295	7	0	105	
47	26818101	625.3	44.53	-1001.77	0.639202	0	-0.769039	1	1	7200	1	1	1	1	4294967295	3.40282e+38	0	3.40282e+38	4294967295	4294967295	4294967295	4294967295	7	0	105	
48	26818101	632.27	44.53	-1001.85	-0.517419	0	-0.855732	1	1	7200	1	1	1	1	4294967295	3.40282e+38	0	3.40282e+38	4294967295	4294967295	4294967295	4294967295	7	0	105	
49	26818101	621.79	44.01	-1007.89	0.990149	0	-0.140021	1	1	7200	1	1	1	1	4294967295	3.40282e+38	0	3.40282e+38	4294967295	4294967295	4294967295	4294967295	7	0	105	
50	21832401	539.55	12.33	-806.71	0	0	1	1	1	7200	1	10	10	8	4294967295	3.40282e+38	0	3.40282e+38	4294967295	4294967295	4294967295	4294967295	12	0	103	
51	27251101	526.68	12.33	-799.39	0	0	1	1	1	7200	1	5	5	2	4294967295	3.40282e+38	0	3.40282e+38	4294967295	4294967295	4294967295	4294967295	12	0	103	
52	21843401	543.38	12.33	-788.32	0	0	1	1	1	7200	1	5	5	1	4294967295	3.40282e+38	0	3.40282e+38	4294967295	4294967295	4294967295	4294967295	12	0	103	
53	21832401	530.9	12.33	-794.98	0	0	1	1	1	7200	1	15	20	4	4294967295	3.40282e+38	0	3.40282e+38	4294967295	4294967295	4294967295	4294967295	12	0	103	
54	21832401	542.35	12.33	-829.34	0	0	1	1	1	7200	1	5	20	4	4294967295	3.40282e+38	0	3.40282e+38	4294967295	4294967295	4294967295	4294967295	11	0	103	
55	27251101	542.25	12.33	-838.99	0	0	1	1	1	7200	1	15	20	5	4294967295	3.40282e+38	0	3.40282e+38	4294967295	4294967295	4294967295	4294967295	11	0	103	
56	21843401	556.16	12.33	-831.21	0	0	1	1	1	7200	1	10	10	7	4294967295	3.40282e+38	0	3.40282e+38	4294967295	4294967295	4294967295	4294967295	11	0	103	
57	21832401	539.38	12.33	-846.4	0	0	1	1	1	7200	1	10	20	2	4294967295	3.40282e+38	0	3.40282e+38	4294967295	4294967295	4294967295	4294967295	11	0	103	
58	21701101	514.82	12.33	-849.22	0.920691	0	-0.390293	1	1	7200	2	1	1	1	5	3.40282e+38	0	3.40282e+38	4294967295	4294967295	4294967295	4294967295	11	0	103	
59	21832401	515.16	12.33	-838.83	0	0	1	1	1	7200	1	5	10	1	4294967295	3.40282e+38	0	3.40282e+38	4294967295	4294967295	4294967295	4294967295	13	0	103	
60	27251101	512.15	12.33	-823.98	0	0	1	1	1	7200	1	15	20	3	4294967295	3.40282e+38	0	3.40282e+38	4294967295	4294967295	4294967295	4294967295	13	0	103	
61	21701101	540.43	12.33	-785.16	-0.907959	0	0.419058	1	1	7200	2	1	1	1	4	3.40282e+38	0	3.40282e+38	4294967295	4294967295	4294967295	4294967295	12	0	103	
62	21832401	679.56	12.33	-837.56	0	0	1	1	1	7200	1	10	3	4	4294967295	3.40282e+38	0	3.40282e+38	4294967295	4294967295	4294967295	4294967295	8	0	104	
63	27251101	670.38	12.33	-850.01	0	0	1	1	1	7200	1	5	5	3	4294967295	3.40282e+38	0	3.40282e+38	4294967295	4294967295	4294967295	4294967295	8	0	104	
64	27251101	675.68	12.33	-827.87	-0.628337	0	0.777941	1	1	7200	2	1	1	1	10	3.40282e+38	0	3.40282e+38	4294967295	4294967295	4294967295	4294967295	8	0	104	
65	21832401	679.14	12.33	-860.61	0	0	1	1	1	7200	1	5	3	0	4294967295	3.40282e+38	0	3.40282e+38	4294967295	4294967295	4294967295	4294967295	8	0	104	
66	21701101	677.58	12.33	-844.58	0	0	1	1	1	7200	1	15	15	5	4294967295	3.40282e+38	0	3.40282e+38	4294967295	4294967295	4294967295	4294967295	8	0	104	
67	21832401	671.07	12.33	-875.42	0	0	1	1	1	7200	1	5	20	7	4294967295	3.40282e+38	0	3.40282e+38	4294967295	4294967295	4294967295	4294967295	10	0	104	
68	21701101	659.31	12.33	-878.94	0	0	1	1	1	7200	1	10	5	8	4294967295	3.40282e+38	0	3.40282e+38	4294967295	4294967295	4294967295	4294967295	10	0	104	
69	27251101	664.92	12.33	-869.63	0.777941	0	0.628337	1	1	7200	2	1	1	1	7	3.40282e+38	0	3.40282e+38	4294967295	4294967295	4294967295	4294967295	10	0	104	
70	27251101	645.58	12.33	-882.09	-0.828964	0	0.559301	1	1	7200	2	1	1	1	6	3.40282e+38	0	3.40282e+38	4294967295	4294967295	4294967295	4294967295	10	0	104	
71	21832401	647.11	12.33	-861.84	0	0	1	1	1	7200	1	5	20	2	4294967295	3.40282e+38	0	3.40282e+38	4294967295	4294967295	4294967295	4294967295	10	0	104	
72	27251101	644.09	12.33	-840.63	0	0	1	1	1	7200	2	1	1	1	8	3.40282e+38	0	3.40282e+38	4294967295	4294967295	4294967295	4294967295	9	0	104	
73	27251101	626.18	12.33	-842.84	0	0	1	1	1	7200	2	1	1	1	9	3.40282e+38	0	3.40282e+38	4294967295	4294967295	4294967295	4294967295	9	0	104	
74	21701101	636.12	12.33	-830.9	0	0	1	1	1	7200	1	8	5	3	4294967295	3.40282e+38	0	3.40282e+38	4294967295	4294967295	4294967295	4294967295	9	0	104	
75	21832401	649.16	12.27	-819.34	0	0	1	1	1	7200	1	5	3	2	4294967295	3.40282e+38	0	3.40282e+38	4294967295	4294967295	4294967295	4294967295	9	0	104	
76	21832401	658.76	12.33	-833.35	0	0	1	1	1	7200	1	10	20	6	4294967295	3.40282e+38	0	3.40282e+38	4294967295	4294967295	4294967295	4294967295	9	0	104	
77	26818101	612.68	43.8	-1004.43	0	0	1	1	1	7200	1	5	5	3	4294967295	3.40282e+38	0	3.40282e+38	4294967295	4294967295	4294967295	4294967295	4294967295	0	105	
78	26818101	627.14	43.8	-992.69	0	0	1	1	1	7200	1	5	5	5	4294967295	3.40282e+38	0	3.40282e+38	4294967295	4294967295	4294967295	4294967295	4294967295	0	105	
79	26818101	642.83	43.8	-1001.4	0	0	1	1	1	7200	1	5	5	4	4294967295	3.40282e+38	0	3.40282e+38	4294967295	4294967295	4294967295	4294967295	4294967295	0	105	
80	26818101	614.52	43.8	-1014.26	0	0	1	1	1	7200	1	5	5	1	4294967295	3.40282e+38	0	3.40282e+38	4294967295	4294967295	4294967295	4294967295	4294967295	0	105	
81	21843401	584	14.51	-843.05	-0.750713	0	-0.660628	1	1	7200	2	1	1	1	13	0	0	0	4294967295	4294967295	4294967295	4294967295	16	1	4294967295	
82	21843401	580.78	14.51	-953.37	0.6	0	0.8	1	1	7200	3	1	1	1	4294967295	0.91	0	3.1	4294967295	4294967295	4294967295	4294967295	17	0	4294967295	
83	26011201	584.97	14.51	-841.66	-0.28	0	-0.96	1	1	7200	3	1	1	1	4294967295	0.97	0	1.39	4294967295	4294967295	4294967295	4294967295	16	0	4294967295	
84	26011201	581.69	14.51	-950.27	0	0	1	1	1	7200	2	1	1	1	14	0	0	0	4294967295	4294967295	4294967295	4294967295	17	1	4294967295	
85	22834101	735.59	14.51	-944.53	0	0	1	1	1	7200	3	1	1	1	4294967295	1.7	0	0.83	4294967295	4294967295	4294967295	4294967295	65	0	302	
86	22834101	737.29	14.51	-945.36	0	0	1	1	1	7200	2	1	1	1	47	0	0	0	4294967295	4294967295	4294967295	4294967295	65	1	302	
87	22834101	733.54	14.51	-860.54	0	0	1	1	1	7200	3	1	1	1	4294967295	2.47	0	0.97	4294967295	4294967295	4294967295	4294967295	67	0	302	
88	22834101	736.01	14.51	-861.52	0	0	1	1	1	7200	2	1	1	1	48	0	0	0	4294967295	4294967295	4294967295	4294967295	67	1	302	
89	27113501	746.13	14.51	-881.07	0	0	1	1	1	7200	1	10	20	3	4294967295	3.40282e+38	0	3.40282e+38	4294967295	4294967295	4294967295	4294967295	69	0	302	
90	27117101	738.76	14.51	-885.93	0	0	1	1	1	7200	1	5	20	2	4294967295	3.40282e+38	0	3.40282e+38	4294967295	4294967295	4294967295	4294967295	69	0	302	
91	27117101	742.64	14.51	-875.29	0	0	1	1	1	7200	1	5	20	6	4294967295	3.40282e+38	0	3.40282e+38	4294967295	4294967295	4294967295	4294967295	69	0	302	
92	27113501	754.99	14.51	-922.75	0	0	1	1	1	7200	1	10	20	3	4294967295	3.40282e+38	0	3.40282e+38	4294967295	4294967295	4294967295	4294967295	74	0	302	
93	22834101	762.77	14.51	-916.26	0	0	1	1	1	7200	1	15	100	5	4294967295	3.40282e+38	0	3.40282e+38	4294967295	4294967295	4294967295	4294967295	74	0	302	
94	27113501	763.7	14.51	-925.51	0	0	1	1	1	7200	1	10	20	3	4294967295	3.40282e+38	0	3.40282e+38	4294967295	4294967295	4294967295	4294967295	74	0	302	
95	27117101	752.49	14.51	-876.83	0	0	1	1	1	7200	1	5	20	8	4294967295	3.40282e+38	0	3.40282e+38	4294967295	4294967295	4294967295	4294967295	69	0	302	
96	27113501	754.57	14.51	-935.36	0	0	1	1	1	7200	1	10	20	3	4294967295	3.40282e+38	0	3.40282e+38	4294967295	4294967295	4294967295	4294967295	74	0	302	
97	27113501	687.86	14.51	-995.01	0	0	1	1	1	7200	1	6	20	3	4294967295	3.40282e+38	0	3.40282e+38	4294967295	4294967295	4294967295	4294967295	75	0	303	
98	21821301	697.44	14.51	-998.9	0	0	1	1	1	7200	1	13	20	3	4294967295	3.40282e+38	0	3.40282e+38	4294967295	4294967295	4294967295	4294967295	75	0	303	
99	27114101	709.29	14.51	-1001.04	-0.786664	0	0.617382	1	1	7200	1	5	10	8	4294967295	3.40282e+38	0	3.40282e+38	4294967295	4294967295	4294967295	4294967295	75	0	303	
100	27113501	702.26	14.51	-1006.79	-0.898384	0	0.43921	1	1	7200	2	1	1	1	53	3.40282e+38	0	3.40282e+38	4294967295	4294967295	4294967295	4294967295	75	0	303	
101	21821301	689.19	14.51	-1006.32	0	0	1	1	1	7200	1	5	5	4	4294967295	3.40282e+38	0	3.40282e+38	4294967295	4294967295	4294967295	4294967295	75	0	303	
102	27117101	748.29	14.51	-889.75	0	0	1	1	1	7200	1	5	20	5	4294967295	3.40282e+38	0	3.40282e+38	4294967295	4294967295	4294967295	4294967295	69	0	302	
103	22834101	860.3	14.51	-854.88	0	0	1	1	1	7200	1	15	100	5	4294967295	3.40282e+38	0	3.40282e+38	4294967295	4294967295	4294967295	4294967295	57	0	301	
104	27117101	865.64	14.51	-877.63	-0.570771	0	0.821109	1	1	7200	2	1	1	1	39	3.40282e+38	0	3.40282e+38	4294967295	4294967295	4294967295	4294967295	57	0	301	
105	27117101	882.7	14.51	-861.58	-0.848559	0	0.529101	1	1	7200	2	1	1	1	40	3.40282e+38	0	3.40282e+38	4294967295	4294967295	4294967295	4294967295	57	0	301	
106	27113501	858.29	14.51	-853.13	-0.769039	0	0.639202	1	1	7200	1	5	20	3	4294967295	3.40282e+38	0	3.40282e+38	4294967295	4294967295	4294967295	4294967295	57	0	301	
107	22834101	888.53	14.51	-865.16	-0.848559	0	-0.529101	1	1	7200	2	1	1	1	41	0	0	0	4294967295	4294967295	4294967295	4294967295	58	1	301	
108	27113501	860.72	14.51	-860.71	-0.6	0	0.8	1	1	7200	1	10	20	3	4294967295	3.40282e+38	0	3.40282e+38	4294967295	4294967295	4294967295	4294967295	57	0	301	
109	22834101	889.32	14.51	-863.46	0	0	1	1	1	7200	3	1	1	1	4294967295	0.79	0	1.71	4294967295	4294967295	4294967295	4294967295	58	0	301	
110	22834101	838.23	14.51	-937.39	0	0	1	1	1	7200	2	1	1	1	42	0	0	0	4294967295	4294967295	4294967295	4294967295	59	1	301	
111	22834101	838.17	14.51	-939.25	0	0	1	1	1	7200	3	1	1	1	4294967295	0.07	0	1.86	4294967295	4294967295	4294967295	4294967295	59	0	301	
112	27113501	871.9	14.51	-919.5	0.190333	0	0.98172	1	1	7200	1	5	20	3	4294967295	3.40282e+38	0	3.40282e+38	4294967295	4294967295	4294967295	4294967295	60	0	301	
113	27113501	861.26	14.51	-911.09	0.100499	0	0.994937	1	1	7200	1	10	20	3	4294967295	3.40282e+38	0	3.40282e+38	4294967295	4294967295	4294967295	4294967295	60	0	301	
114	27113501	881.93	14.51	-912.27	-0.019996	0	0.9998	1	1	7200	1	5	20	4	4294967295	3.40282e+38	0	3.40282e+38	4294967295	4294967295	4294967295	4294967295	60	0	301	
115	27117101	867.5	14.51	-902.45	-0.289177	0	0.957276	1	1	7200	1	5	20	8	4294967295	3.40282e+38	0	3.40282e+38	4294967295	4294967295	4294967295	4294967295	60	0	301	
116	27117101	874.86	14.51	-902.81	-0.100499	0	0.994937	1	1	7200	1	5	20	2	4294967295	3.40282e+38	0	3.40282e+38	4294967295	4294967295	4294967295	4294967295	60	0	301	
117	22834101	797.22	14.51	-939.66	0	0	1	1	1	7200	2	1	1	1	43	0	0	0	4294967295	4294967295	4294967295	4294967295	61	1	302	
118	22834101	797.84	14.51	-941.57	0	0	1	1	1	7200	3	1	1	1	4294967295	0.62	0	1.91	4294967295	4294967295	4294967295	4294967295	61	0	302	
119	27113501	821.83	14.51	-878.15	0	0	1	1	1	7200	1	10	20	3	4294967295	3.40282e+38	0	3.40282e+38	4294967295	4294967295	4294967295	4294967295	63	0	301	
120	22834101	827.19	14.51	-910.28	0	0	1	1	1	7200	2	1	1	1	44	3.40282e+38	0	3.40282e+38	4294967295	4294967295	4294967295	4294967295	63	0	301	
121	22834101	809.1	14.51	-859.02	0	0	1	1	1	7200	2	1	1	1	45	3.40282e+38	0	3.40282e+38	4294967295	4294967295	4294967295	4294967295	63	0	301	
122	27113501	830.11	14.51	-891.04	0	0	1	1	1	7200	1	10	20	3	4294967295	3.40282e+38	0	3.40282e+38	4294967295	4294967295	4294967295	4294967295	63	0	301	
123	27113501	825.83	14.51	-884.58	0	0	1	1	1	7200	1	3	20	7	4294967295	3.40282e+38	0	3.40282e+38	4294967295	4294967295	4294967295	4294967295	63	0	301	
124	22834101	777.48	14.51	-957.09	0	0	1	1	1	7200	3	1	1	1	4294967295	2.31	0	0.8	4294967295	4294967295	4294967295	4294967295	64	0	302	
125	22834101	775.17	14.51	-956.29	0	0	1	1	1	7200	2	1	1	1	46	0	0	0	4294967295	4294967295	4294967295	4294967295	64	1	302	
126	27113501	782.32	14.51	-930.44	0	0	1	1	1	7200	1	2	20	7	4294967295	3.40282e+38	0	3.40282e+38	4294967295	4294967295	4294967295	4294967295	66	0	302	
127	27113501	793.95	14.51	-920.34	-0.289177	0	0.957276	1	1	7200	1	5	20	4	4294967295	3.40282e+38	0	3.40282e+38	4294967295	4294967295	4294967295	4294967295	66	0	302	
128	27117101	786.52	14.51	-923.11	0	0	1	1	1	7200	1	8	20	8	4294967295	3.40282e+38	0	3.40282e+38	4294967295	4294967295	4294967295	4294967295	66	0	302	
129	27117101	795.25	14.51	-911.31	0	0	1	1	1	7200	1	2	1	8	4294967295	3.40282e+38	0	3.40282e+38	4294967295	4294967295	4294967295	4294967295	66	0	302	
130	27117101	784.05	14.51	-913.37	0	0	1	1	1	7200	1	5	20	6	4294967295	3.40282e+38	0	3.40282e+38	4294967295	4294967295	4294967295	4294967295	66	0	302	
131	27113501	780.8	14.51	-888.42	0	0	1	1	1	7200	1	10	20	3	4294967295	3.40282e+38	0	3.40282e+38	4294967295	4294967295	4294967295	4294967295	68	0	302	
132	27117101	774.16	14.51	-886.91	0	0	1	1	1	7200	1	3	20	7	4294967295	3.40282e+38	0	3.40282e+38	4294967295	4294967295	4294967295	4294967295	68	0	302	
133	27117101	783.63	14.51	-887.2	0	0	1	1	1	7200	1	3	20	6	4294967295	3.40282e+38	0	3.40282e+38	4294967295	4294967295	4294967295	4294967295	68	0	302	
134	22834101	779.69	14.51	-884.91	-0.24018	0	0.970728	1	1	7200	1	20	30	5	4294967295	3.40282e+38	0	3.40282e+38	4294967295	4294967295	4294967295	4294967295	68	0	302	
135	27117101	770.84	14.51	-881.57	0	0	1	1	1	7200	1	8	20	4	4294967295	3.40282e+38	0	3.40282e+38	4294967295	4294967295	4294967295	4294967295	68	0	302	
136	27117101	769.81	14.51	-910.4	0	0	1	1	1	7200	1	5	20	5	4294967295	3.40282e+38	0	3.40282e+38	4294967295	4294967295	4294967295	4294967295	74	0	302	
137	22834101	925.71	14.51	-1022.67	0	0	1	1	1	7200	2	1	1	1	52	0	0	0	4294967295	4294967295	4294967295	4294967295	73	1	304	
138	22834101	922.66	14.51	-1023.2	0	0	1	1	1	7200	3	1	1	1	4294967295	3.06	0	0.54	4294967295	4294967295	4294967295	4294967295	73	0	304	
139	21821301	990.9	14.51	-972.14	-0.855732	0	-0.517419	1	1	7200	1	10	20	7	4294967295	3.40282e+38	0	3.40282e+38	4294967295	4294967295	4294967295	4294967295	83	0	304	
140	21821301	984.42	14.51	-975.74	0	0	1	1	1	7200	1	15	20	5	4294967295	3.40282e+38	0	3.40282e+38	4294967295	4294967295	4294967295	4294967295	83	0	304	
141	27114101	988.09	14.51	-962.58	-0.628337	0	-0.777941	1	1	7200	1	3	3	8	4294967295	3.40282e+38	0	3.40282e+38	4294967295	4294967295	4294967295	4294967295	83	0	304	
142	27653101	923.88	14.51	-1000.42	0.875578	0	0.483077	1	1	7200	2	1	1	1	57	3.40282e+38	0	3.40282e+38	4294967295	4294967295	4294967295	4294967295	80	0	305	
143	27653101	917.34	14.51	-1005.03	0.875578	0	0.483077	1	1	7200	3	1	1	1	4294967295	3.40282e+38	0	3.40282e+38	4294967295	4294967295	4294967295	4294967295	80	0	305	
144	22834101	920.82	14.51	-1002.63	0.875578	0	0.483077	1	1	7200	3	1	1	1	4294967295	3.40282e+38	0	3.40282e+38	4294967295	4294967295	4294967295	4294967295	80	0	305	
145	27653101	975.37	14.51	-935.46	0.0499376	0	-0.998752	1	1	7200	3	1	1	1	4294967295	0.35	0	4.33	4294967295	4294967295	4294967295	4294967295	84	0	304	
146	27653101	999.25	14.51	-976.52	-0.628337	0	-0.777941	1	1	7200	2	1	1	1	60	3.40282e+38	0	3.40282e+38	4294967295	4294967295	4294967295	4294967295	83	0	304	
147	27653101	975.02	14.51	-939.8	-0.019996	0	-0.9998	1	1	7200	2	1	1	1	61	0	0	0	4294967295	4294967295	4294967295	4294967295	84	1	304	
148	27653101	983.2	14.51	-960.08	0.731722	0	-0.681604	1	1	7200	1	3	20	1	4294967295	3.40282e+38	0	3.40282e+38	4294967295	4294967295	4294967295	4294967295	83	0	304	
149	21821301	908.04	14.51	-945.9	-0.848559	0	-0.529101	1	1	7200	2	1	1	1	62	0	0	0	4294967295	4294967295	4294967295	4294967295	86	1	306	
150	21821301	910.84	14.51	-943.29	-0.920691	0	-0.390293	1	1	7200	3	1	1	1	4294967295	2.8	0	2.61	4294967295	4294967295	4294967295	4294967295	86	0	306	
151	21821301	913.58	14.51	-940.15	-0.920691	0	-0.390293	1	1	7200	3	1	1	1	4294967295	5.54	0	5.75	4294967295	4294967295	4294967295	4294967295	86	0	306	
152	27114101	914.43	14.51	-946.93	-0.721988	0	-0.691905	1	1	7200	3	1	1	1	4294967295	6.39	0	1.03	4294967295	4294967295	4294967295	4294967295	86	0	306	
153	27114101	788.27	14.51	-1006.42	0.99955	0	0.0299865	1	1	7200	1	3	3	8	4294967295	3.40282e+38	0	3.40282e+38	4294967295	4294967295	4294967295	4294967295	89	0	305	
154	27114101	795.5	14.51	-1016.52	0.997559	0	0.0698291	1	1	7200	1	3	3	8	4294967295	3.40282e+38	0	3.40282e+38	4294967295	4294967295	4294967295	4294967295	89	0	305	
155	21821301	800.99	14.51	-1007.19	0	0	1	1	1	7200	1	10	20	7	4294967295	3.40282e+38	0	3.40282e+38	4294967295	4294967295	4294967295	4294967295	89	0	305	
156	27653101	803.35	14.51	-1016.63	0.99955	0	-0.0299865	1	1	7200	1	5	5	0	4294967295	3.40282e+38	0	3.40282e+38	4294967295	4294967295	4294967295	4294967295	89	0	305	
157	27653101	793.88	14.51	-1003.45	0	0	1	1	1	7200	1	3	20	1	4294967295	3.40282e+38	0	3.40282e+38	4294967295	4294967295	4294967295	4294967295	89	0	305	
158	27653101	893.45	14.51	-972.45	-0.628337	0	0.777941	1	1	7200	0	1	1	1	4294967295	3.40282e+38	0	3.40282e+38	4294967295	4294967295	4294967295	4294967295	90	0	306	
159	27113501	891.53	14.51	-974.47	0.671176	0	0.741298	1	1	7200	0	1	1	1	4294967295	3.40282e+38	0	3.40282e+38	4294967295	4294967295	4294967295	4294967295	90	0	306	
160	27114101	990.48	14.51	-908.8	-0.777941	0	0.628337	1	1	7200	1	3	20	1	4294967295	3.40282e+38	0	3.40282e+38	4294967295	4294967295	4294967295	4294967295	92	0	307	
161	25803101	982.71	14.51	-910.89	-0.43921	0	0.898384	1	1	7200	1	10	10	2	4294967295	3.40282e+38	0	3.40282e+38	4294967295	4294967295	4294967295	4294967295	92	0	307	
162	27653101	936.22	14.51	-931.88	0.907959	0	0.419058	1	1	7200	2	1	1	1	65	3.40282e+38	0	3.40282e+38	4294967295	4294967295	4294967295	4294967295	93	0	307	
163	21821301	970.5	14.51	-906.26	0	0	1	1	1	7200	1	15	20	5	4294967295	3.40282e+38	0	3.40282e+38	4294967295	4294967295	4294967295	4294967295	92	0	307	
164	27114101	923.69	14.51	-955.34	-0.617382	0	-0.786664	1	1	7200	2	1	1	1	64	0	0	0	4294967295	4294967295	4294967295	4294967295	91	1	306	
165	21821301	926.12	14.51	-952.95	-0.660628	0	-0.750713	1	1	7200	3	1	1	1	4294967295	2.44	0	2.4	4294967295	4294967295	4294967295	4294967295	91	0	306	
166	25803101	987.52	14.51	-899.33	0	0	1	1	1	7200	1	3	20	1	4294967295	3.40282e+38	0	3.40282e+38	4294967295	4294967295	4294967295	4294967295	92	0	307	
167	21821301	977.72	14.51	-896.17	0	0	1	1	1	7200	1	5	5	4	4294967295	3.40282e+38	0	3.40282e+38	4294967295	4294967295	4294967295	4294967295	92	0	307	
168	27653101	934.11	14.51	-933.89	0.777941	0	0.628337	1	1	7200	3	1	1	1	4294967295	3.40282e+38	0	3.40282e+38	4294967295	4294967295	4294967295	4294967295	93	0	307	
169	21821301	1023.69	14.66	-887.25	0	0	1	1	1	7200	2	1	1	1	66	3.40282e+38	0	3.40282e+38	4294967295	4294967295	4294967295	4294967295	94	0	307	
170	27114101	1013.68	14.51	-884.92	-0.975232	0	-0.221187	1	1	7200	2	1	1	1	68	0	0	0	4294967295	4294967295	4294967295	4294967295	96	1	307	
171	21821301	984.97	15.16	-866.49	0.0299865	0	-0.99955	1	1	7200	1	15	20	5	4294967295	24.67	0	11.07	4294967295	4294967295	4294967295	4294967295	95	0	307	
172	25803101	997.04	14.66	-872.67	0.0299865	0	-0.99955	1	1	7200	1	10	10	2	4294967295	36.74	0	4.89	4294967295	4294967295	4294967295	4294967295	95	0	307	
173	25803101	979.3	14.66	-877.56	0.0299865	0	-0.99955	1	1	7200	1	10	10	2	4294967295	18.99	0	0	4294967295	4294967295	4294967295	4294967295	95	0	307	
174	25803101	960.3	14.51	-877.56	-0.855732	0	-0.517419	1	1	7200	2	1	1	1	67	0	0	0	4294967295	4294967295	4294967295	4294967295	95	1	307	
175	25803101	961.82	14.51	-874.7	-0.882075	0	-0.471108	1	1	7200	3	1	1	1	4294967295	1.52	0	2.86	4294967295	4294967295	4294967295	4294967295	95	0	307	
176	27114101	1016.58	14.51	-884.08	-0.911734	0	-0.410781	1	1	7200	3	1	1	1	4294967295	2.9	0	0.84	4294967295	4294967295	4294967295	4294967295	96	0	307	
177	27113501	933.2	14.51	-814.38	0	0	1	1	1	7200	1	10	20	3	4294967295	3.40282e+38	0	3.40282e+38	4294967295	4294967295	4294967295	4294967295	102	0	308	
178	22834101	893.85	14.51	-828.93	0	0	1	1	1	7200	1	15	100	5	4294967295	3.40282e+38	0	3.40282e+38	4294967295	4294967295	4294967295	4294967295	101	0	308	
179	27117101	901.83	14.51	-817.08	0	0	1	1	1	7200	1	8	20	2	4294967295	3.40282e+38	0	3.40282e+38	4294967295	4294967295	4294967295	4294967295	101	0	308	
180	27653101	878.66	14.51	-823.06	0	0	1	1	1	7200	1	3	20	1	4294967295	3.40282e+38	0	3.40282e+38	4294967295	4294967295	4294967295	4294967295	101	0	308	
181	27114101	940.42	14.51	-807.35	0	0	1	1	1	7200	1	3	20	1	4294967295	3.40282e+38	0	3.40282e+38	4294967295	4294967295	4294967295	4294967295	102	0	308	
182	21821301	898.97	14.51	-807.96	0	0	1	1	1	7200	1	5	5	4	4294967295	3.40282e+38	0	3.40282e+38	4294967295	4294967295	4294967295	4294967295	101	0	308	
183	25803101	876.88	14.51	-812.18	0	0	1	1	1	7200	1	10	10	2	4294967295	3.40282e+38	0	3.40282e+38	4294967295	4294967295	4294967295	4294967295	101	0	308	
184	27653101	870.65	14.51	-795.1	0.994937	0	0.100499	1	1	7200	3	1	1	1	4294967295	4.71	0	0.62	4294967295	4294967295	4294967295	4294967295	98	0	308	
185	27653101	860.36	14.51	-795.22	0.997559	0	0.0698291	1	1	7200	3	1	1	1	4294967295	15	0	0.5	4294967295	4294967295	4294967295	4294967295	98	0	308	
186	22834101	865.59	14.51	-799.95	0	0	1	1	1	7200	3	1	1	1	4294967295	9.77	0	4.23	4294967295	4294967295	4294967295	4294967295	98	0	308	
187	22834101	865.57	14.51	-790.76	0	0	1	1	1	7200	3	1	1	1	4294967295	9.79	0	4.97	4294967295	4294967295	4294967295	4294967295	98	0	308	
188	21821301	875.36	14.51	-795.72	0.965904	0	-0.258902	1	1	7200	2	1	1	1	69	0	0	0	4294967295	4294967295	4294967295	4294967295	98	1	308	
189	27117101	1020.82	14.51	-825.73	-0.898384	0	0.43921	1	1	7200	2	1	1	1	70	3.40282e+38	0	3.40282e+38	4294967295	4294967295	4294967295	4294967295	99	0	308	
190	27117101	992.56	14.51	-809.37	0.987191	0	-0.159546	1	1	7200	2	1	1	1	71	3.40282e+38	0	3.40282e+38	4294967295	4294967295	4294967295	4294967295	99	0	308	
191	27114101	1008.25	14.51	-814.87	-0.529101	0	-0.848559	1	1	7200	1	3	20	1	4294967295	3.40282e+38	0	3.40282e+38	4294967295	4294967295	4294967295	4294967295	99	0	308	
192	25803101	1000.71	14.51	-823.76	0	0	1	1	1	7200	1	10	10	2	4294967295	3.40282e+38	0	3.40282e+38	4294967295	4294967295	4294967295	4294967295	99	0	308	
193	22834101	1004.66	14.51	-819.81	-0.808304	0	0.588765	1	1	7200	1	1	1	5	4294967295	3.40282e+38	0	3.40282e+38	4294967295	4294967295	4294967295	4294967295	99	0	308	
194	25803101	939.93	14.51	-802.47	0	0	1	1	1	7200	1	10	10	2	4294967295	3.40282e+38	0	3.40282e+38	4294967295	4294967295	4294967295	4294967295	102	0	308	
195	21821301	975.67	14.51	-823.47	0	0	1	1	1	7200	1	5	5	4	4294967295	3.40282e+38	0	3.40282e+38	4294967295	4294967295	4294967295	4294967295	102	0	308	
196	22834101	972.72	14.51	-818.13	0	0	1	1	1	7200	2	1	1	5	72	3.40282e+38	0	3.40282e+38	4294967295	4294967295	4294967295	4294967295	102	0	308	
197	27114101	1050.97	14.66	-877.46	0	0	1	1	1	7200	1	3	20	1	4294967295	3.40282e+38	0	3.40282e+38	4294967295	4294967295	4294967295	4294967295	94	0	307	
198	25803101	1044.89	14.66	-867.05	0	0	1	1	1	7200	1	10	15	4	4294967295	3.40282e+38	0	3.40282e+38	4294967295	4294967295	4294967295	4294967295	94	0	307	
199	25803101	1035.8	14.51	-880.15	0	0	1	1	1	7200	1	10	10	0	4294967295	3.40282e+38	0	3.40282e+38	4294967295	4294967295	4294967295	4294967295	94	0	307	
200	27114101	1028.63	14.66	-869.48	0	0	1	1	1	7200	1	10	5	8	4294967295	3.40282e+38	0	3.40282e+38	4294967295	4294967295	4294967295	4294967295	94	0	307	
201	27114101	1058.82	15.26	-830.47	-0.992734	0	0.120331	1	1	7200	1	3	20	1	4294967295	3.40282e+38	0	3.40282e+38	4294967295	4294967295	4294967295	4294967295	100	0	308	
202	25803101	1053.1	15.26	-837.28	-0.950666	0	0.310217	1	1	7200	1	10	10	2	4294967295	3.40282e+38	0	3.40282e+38	4294967295	4294967295	4294967295	4294967295	100	0	308	
203	25803101	1041.78	15.26	-828.67	-0.950666	0	-0.310217	1	1	7200	1	5	5	5	4294967295	3.40282e+38	0	3.40282e+38	4294967295	4294967295	4294967295	4294967295	100	0	308	
204	21821301	1036.23	14.51	-835.76	0	0	1	1	1	7200	1	5	5	4	4294967295	3.40282e+38	0	3.40282e+38	4294967295	4294967295	4294967295	4294967295	100	0	308	
205	27117101	1035.72	14.51	-841.68	0	0	1	1	1	7200	1	8	20	2	4294967295	3.40282e+38	0	3.40282e+38	4294967295	4294967295	4294967295	4294967295	100	0	308	
206	27116201	1039.81	44.5	-769.94	0	0	1	1	1	7200	1	10	10	2	4294967295	3.40282e+38	0	3.40282e+38	4294967295	4294967295	4294967295	4294967295	4294967295	0	309	
207	21843401	543.32	12.33	-678	0.848559	0	-0.529101	1	1	7200	1	5	20	8	4294967295	3.40282e+38	0	3.40282e+38	4294967295	4294967295	4294967295	4294967295	1	0	101	
208	21701101	534.32	12.33	-666.56	0.588765	0	0.808304	1	1	7200	0	1	1	1	4294967295	3.40282e+38	0	3.40282e+38	4294967295	4294967295	4294967295	4294967295	1	0	101	
209	21701101	571.07	12.33	-642.32	-0.159546	0	-0.987191	1	1	7200	1	5	5	1	4294967295	3.40282e+38	0	3.40282e+38	4294967295	4294967295	4294967295	4294967295	2	0	101	
210	21701101	528.06	12.33	-640.21	0	0	1	1	1	7200	1	20	50	7	4294967295	3.40282e+38	0	3.40282e+38	4294967295	4294967295	4294967295	4294967295	3	0	101	
211	26011201	531.39	12.33	-675.41	0	0	1	1	1	7200	1	10	20	4	4294967295	3.40282e+38	0	3.40282e+38	4294967295	4294967295	4294967295	4294967295	1	0	101	
212	21843401	517.52	12.33	-669.23	0.570771	0	-0.821109	1	1	7200	2	1	1	1	1	3.40282e+38	0	3.40282e+38	4294967295	4294967295	4294967295	4294967295	1	0	101	
213	21843401	542.65	12.33	-666.51	0	0	1	1	1	7200	1	10	50	3	4294967295	3.40282e+38	0	3.40282e+38	4294967295	4294967295	4294967295	4294967295	1	0	101	
214	26011201	561.41	12.33	-642.57	0	0	1	1	1	7200	1	10	20	4	4294967295	3.40282e+38	0	3.40282e+38	4294967295	4294967295	4294967295	4294967295	2	0	101	
215	21843401	557.58	12.33	-627.26	0	0	1	1	1	7200	1	5	10	8	4294967295	3.40282e+38	0	3.40282e+38	4294967295	4294967295	4294967295	4294967295	2	0	101	
216	21843401	564.65	12.33	-624	-0.950666	0	0.310217	1	1	7200	2	1	1	1	2	3.40282e+38	0	3.40282e+38	4294967295	4294967295	4294967295	4294967295	2	0	101	
217	21843401	571.22	12.33	-635.27	0	0	1	1	1	7200	1	10	20	4	4294967295	3.40282e+38	0	3.40282e+38	4294967295	4294967295	4294967295	4294967295	2	0	101	
218	21843401	534.32	12.33	-631.03	0	0	1	1	1	7200	1	3	5	8	4294967295	3.40282e+38	0	3.40282e+38	4294967295	4294967295	4294967295	4294967295	3	0	101	
219	21843401	518.15	12.33	-644.9	-0.0299865	0	-0.99955	1	1	7200	1	10	10	2	4294967295	3.40282e+38	0	3.40282e+38	4294967295	4294967295	4294967295	4294967295	3	0	101	
220	26011201	533.69	12.33	-653.95	0.957276	0	-0.289177	1	1	7200	1	5	10	6	4294967295	3.40282e+38	0	3.40282e+38	4294967295	4294967295	4294967295	4294967295	3	0	101	
221	21843401	540.02	12.33	-638.66	0.209529	0	-0.977802	1	1	7200	1	10	20	4	4294967295	3.40282e+38	0	3.40282e+38	4294967295	4294967295	4294967295	4294967295	3	0	101	
222	26011201	616.17	12.33	-767	0	0	1	1	1	7200	1	10	20	2	4294967295	3.40282e+38	0	3.40282e+38	4294967295	4294967295	4294967295	4294967295	5	0	102	
223	21843401	626.35	12.33	-753.93	0	0	1	1	1	7200	1	5	8	6	4294967295	3.40282e+38	0	3.40282e+38	4294967295	4294967295	4294967295	4294967295	5	0	102	
224	21701101	633.9	12.33	-763.4	0	0	1	1	1	7200	0	1	1	1	4294967295	3.40282e+38	0	3.40282e+38	4294967295	4294967295	4294967295	4294967295	5	0	102	
225	21701101	635.3	12.33	-724.82	0.0299865	0	-0.99955	1	1	7200	0	1	1	1	4294967295	3.40282e+38	0	3.40282e+38	4294967295	4294967295	4294967295	4294967295	6	0	102	
226	21843401	624.28	12.33	-727.2	0	0	1	1	1	7200	1	20	20	4	4294967295	3.40282e+38	0	3.40282e+38	4294967295	4294967295	4294967295	4294967295	6	0	102	
227	26011201	628.59	12.33	-715.53	0	0	1	1	1	7200	1	10	20	3	4294967295	3.40282e+38	0	3.40282e+38	4294967295	4294967295	4294967295	4294967295	6	0	102	
228	21843401	643.68	12.33	-711.59	0	0	1	1	1	7200	1	5	10	8	4294967295	3.40282e+38	0	3.40282e+38	4294967295	4294967295	4294967295	4294967295	6	0	102	
229	26011201	649.14	12.33	-726.9	0	0	1	1	1	7200	1	10	20	7	4294967295	3.40282e+38	0	3.40282e+38	4294967295	4294967295	4294967295	4294967295	6	0	102	
230	26011201	663.38	12.33	-739.64	0	0	1	1	1	7200	1	8	20	1	4294967295	7.92	0	3.61	4294967295	4294967295	4294967295	4294967295	4	0	102	
231	21843401	655.26	12.33	-747.19	0	0	1	1	1	7200	3	1	1	1	4294967295	0.2	0	3.94	4294967295	4294967295	4294967295	4294967295	4	0	102	
232	26011201	658.24	12.33	-758.03	0	0	1	1	1	7200	1	10	10	0	4294967295	2.78	0	14.78	4294967295	4294967295	4294967295	4294967295	4	0	102	
233	21701101	655.46	12.33	-743.25	0	0	1	1	1	7200	2	1	1	1	3	0	0	0	4294967295	4294967295	4294967295	4294967295	4	1	102	
234	26011201	624.53	12.33	-763.2	0	0	1	1	1	7200	1	15	20	5	4294967295	3.40282e+38	0	3.40282e+38	4294967295	4294967295	4294967295	4294967295	5	0	102	
235	21843401	645	12.33	-757.67	0	0	1	1	1	7200	1	5	3	5	4294967295	10.46	0	14.42	4294967295	4294967295	4294967295	4294967295	4	0	102	
236	26011201	543.68	14.51	-738.41	0	0	1	1	1	7200	2	1	1	1	11	0	0	0	4294967295	4294967295	4294967295	4294967295	14	1	4294967295	
237	21843401	543.5	14.51	-741.71	0	0	1	1	1	7200	3	1	1	1	4294967295	0.17	0	3.3	4294967295	4294967295	4294967295	4294967295	14	0	4294967295	
238	26011201	563.68	14.51	-748.03	0	0	1	1	1	7200	3	1	1	1	4294967295	0.01	0	2.66	4294967295	4294967295	4294967295	4294967295	15	0	4294967295	
239	21843401	563.69	14.51	-745.37	0	0	1	1	1	7200	2	1	1	1	12	0	0	0	4294967295	4294967295	4294967295	4294967295	15	1	4294967295	
240	25891101	715.31	39.99	-519.22	-0.019996	0	-0.9998	1	1	7200	1	7	20	1	4294967295	3.40282e+38	0	3.40282e+38	4294967295	4294967295	4294967295	4294967295	50	0	208	
241	26631301	708.79	40.35	-518.63	0.209529	0	-0.977802	1	1	7200	1	3	20	2	4294967295	3.40282e+38	0	3.40282e+38	4294967295	4294967295	4294967295	4294967295	50	0	208	
242	25891101	709.94	39.98	-526.97	0.170917	0	-0.985286	1	1	7200	1	7	20	1	4294967295	3.40282e+38	0	3.40282e+38	4294967295	4294967295	4294967295	4294967295	50	0	208	
243	25871101	716.76	39.04	-529.42	-0.221187	0	-0.975232	1	1	7200	2	1	1	1	34	3.40282e+38	0	3.40282e+38	4294967295	4294967295	4294967295	4294967295	4294967295	0	208	
244	26631301	714.85	39.49	-525.9	0.0698291	0	-0.997559	1	1	7200	1	3	20	1	4294967295	3.40282e+38	0	3.40282e+38	4294967295	4294967295	4294967295	4294967295	50	0	208	
245	21304201	743.59	23.06	-632.49	0	0	1	1	1	300	1	5	0	8	4294967295	3.40282e+38	0	3.40282e+38	4294967295	4294967295	4294967295	4294967295	45	0	208	
246	21304201	741.94	22.48	-622	0	0	1	1	1	300	1	5	0	8	4294967295	3.40282e+38	0	3.40282e+38	4294967295	4294967295	4294967295	4294967295	45	0	208	
247	21304201	703.13	39.26	-570.61	0	0	1	1	1	300	1	5	0	8	4294967295	3.40282e+38	0	3.40282e+38	4294967295	4294967295	4294967295	4294967295	46	0	208	
248	21304201	725.34	22.94	-628.27	0	0	1	1	1	300	1	5	0	8	4294967295	3.40282e+38	0	3.40282e+38	4294967295	4294967295	4294967295	4294967295	45	0	208	
249	25891101	743.98	23.27	-635.98	-0.671176	0	0.741298	1	1	7200	2	1	1	1	33	0	0	0	4294967295	4294967295	4294967295	4294967295	44	1	208	
250	26631301	746.82	23.28	-637.69	-0.992734	0	0.120331	1	1	7200	3	1	1	1	4294967295	2.84	0	1.72	4294967295	4294967295	4294967295	4294967295	44	0	208	
251	21304201	697.22	38.5	-560.59	0	0	1	1	1	300	1	5	0	8	4294967295	3.40282e+38	0	3.40282e+38	4294967295	4294967295	4294967295	4294967295	46	0	208	
252	21304201	703.61	39.39	-561.31	0	0	1	1	1	300	1	5	0	8	4294967295	3.40282e+38	0	3.40282e+38	4294967295	4294967295	4294967295	4294967295	46	0	208	
253	25872101	712.17	40.19	-522.94	0	0	1	1	1	7200	1	8	5	6	4294967295	3.40282e+38	0	3.40282e+38	4294967295	4294967295	4294967295	4294967295	50	0	208	
254	25862201	629.26	44.53	-532.95	0	0	1	1	1	7200	1	7	20	1	4294967295	3.40282e+38	0	3.40282e+38	4294967295	4294967295	4294967295	4294967295	4294967295	0	210	
255	25872101	925.28	22.48	-728.32	-0.777941	0	0.628337	1	1	7200	1	3	5	8	4294967295	3.40282e+38	0	3.40282e+38	4294967295	4294967295	4294967295	4294967295	19	0	201	
256	25852101	919.72	22.63	-733.11	0	0	1	1	1	7200	1	5	5	3	4294967295	3.40282e+38	0	3.40282e+38	4294967295	4294967295	4294967295	4294967295	19	0	201	
257	25852101	920.09	22.24	-719.09	-0.875578	0	0.483077	1	1	7200	1	5	5	5	4294967295	3.40282e+38	0	3.40282e+38	4294967295	4294967295	4294967295	4294967295	19	0	201	
258	25871101	916.77	21.88	-725.14	-0.741298	0	0.671176	1	1	7200	2	1	1	1	15	3.40282e+38	0	3.40282e+38	4294967295	4294967295	4294967295	4294967295	19	0	201	
259	25871101	927.62	21.96	-712.13	0	0	1	1	1	7200	1	8	10	1	4294967295	3.40282e+38	0	3.40282e+38	4294967295	4294967295	4294967295	4294967295	19	0	201	
260	25871101	903.59	23.51	-675.19	0.0698291	0	-0.997559	1	1	7200	2	1	1	1	16	0	0	0	4294967295	4294967295	4294967295	4294967295	18	1	202	
261	25871101	902.67	23.63	-673.79	0	0	1	1	1	7200	3	1	1	1	4294967295	0.92	0	1.4	4294967295	4294967295	4294967295	4294967295	18	0	202	
262	25872101	864.49	22.75	-680.9	0.950666	0	-0.310217	1	1	7200	1	3	5	8	4294967295	3.40282e+38	0	3.40282e+38	4294967295	4294967295	4294967295	4294967295	21	0	202	
263	25852101	878.42	23.47	-682.75	0.808304	0	-0.588765	1	1	7200	1	5	5	3	4294967295	3.40282e+38	0	3.40282e+38	4294967295	4294967295	4294967295	4294967295	21	0	202	
264	25852101	879.4	23.44	-674.46	0.691905	0	-0.721988	1	1	7200	1	5	5	5	4294967295	3.40282e+38	0	3.40282e+38	4294967295	4294967295	4294967295	4294967295	21	0	202	
265	25852101	920.8	22.98	-651.01	-0.848559	0	-0.529101	1	1	7200	1	2	5	5	4294967295	5.42	0	1.43	4294967295	4294967295	4294967295	4294967295	20	0	202	
266	25852101	915.49	22.81	-644.34	-0.932568	0	-0.360994	1	1	7200	1	2	5	3	4294967295	0.1	0	5.24	4294967295	4294967295	4294967295	4294967295	20	0	202	
267	25872101	915.39	23.09	-649.58	-0.99955	0	-0.0299865	1	1	7200	2	1	1	1	18	0	0	0	4294967295	4294967295	4294967295	4294967295	20	1	202	
268	25871101	870.89	23.13	-681.81	0.987191	0	0.159546	1	1	7200	1	8	10	1	4294967295	3.40282e+38	0	3.40282e+38	4294967295	4294967295	4294967295	4294967295	21	0	202	
269	25871101	918.34	23.16	-657.15	0	0	1	1	1	7200	1	8	10	1	4294967295	2.95	0	7.58	4294967295	4294967295	4294967295	4294967295	20	0	202	
270	25871101	917.02	22.93	-647.53	-0.987191	0	-0.159546	1	1	7200	3	1	1	1	4294967295	1.63	0	2.04	4294967295	4294967295	4294967295	4294967295	20	0	202	
271	25871101	866.38	23.19	-689.09	0.995974	0	-0.0896377	1	1	7200	2	1	1	1	17	3.40282e+38	0	3.40282e+38	4294967295	4294967295	4294967295	4294967295	21	0	202	
272	25872101	954.99	39.17	-589.81	-0.998752	0	-0.0499376	1	1	7200	1	3	5	8	4294967295	3.40282e+38	0	3.40282e+38	4294967295	4294967295	4294967295	4294967295	24	0	203	
273	25871101	941.64	39.64	-571.34	0.660628	0	0.750713	1	1	7200	2	1	1	1	19	3.40282e+38	0	3.40282e+38	4294967295	4294967295	4294967295	4294967295	24	0	203	
274	25871101	957.03	38.76	-596.71	0	0	1	1	1	7200	1	8	10	1	4294967295	3.40282e+38	0	3.40282e+38	4294967295	4294967295	4294967295	4294967295	24	0	203	
275	25852101	948.41	38.94	-618.99	0.221187	0	0.975232	1	1	7200	0	1	1	1	4294967295	3.40282e+38	0	3.40282e+38	4294967295	4294967295	4294967295	4294967295	22	0	203	
276	25852101	925.15	39.28	-607.91	-0.998752	0	-0.0499376	1	1	7200	1	1	1	5	4294967295	3.40282e+38	0	3.40282e+38	4294967295	4294967295	4294967295	4294967295	23	0	203	
277	25852101	944.8	39.18	-621.72	0	0	1	1	1	7200	0	1	1	1	4294967295	3.40282e+38	0	3.40282e+38	4294967295	4294967295	4294967295	4294967295	22	0	203	
278	25871101	944.23	39.08	-616.99	-0.360994	0	0.932568	1	1	7200	1	5	10	1	4294967295	3.40282e+38	0	3.40282e+38	4294967295	4294967295	4294967295	4294967295	22	0	203	
279	25852101	948.17	38.75	-591.77	-0.997559	0	0.0698291	1	1	7200	1	5	5	5	4294967295	3.40282e+38	0	3.40282e+38	4294967295	4294967295	4294967295	4294967295	24	0	203	
280	25852101	954.87	39.86	-611.75	-0.140021	0	0.990149	1	1	7200	2	1	1	1	20	3.40282e+38	0	3.40282e+38	4294967295	4294967295	4294967295	4294967295	24	0	203	
281	25852101	928.16	39.31	-610.73	-1	0	0	1	1	7200	1	1	1	5	4294967295	3.40282e+38	0	3.40282e+38	4294967295	4294967295	4294967295	4294967295	23	0	203	
282	25872101	967.07	46.58	-651.8	0.99955	0	0.0299865	1	1	7200	2	1	1	1	21	0	0	0	4294967295	4294967295	4294967295	4294967295	25	1	203	
283	25871101	964.88	46.49	-653.04	0.987191	0	0.159546	1	1	7200	3	1	1	1	4294967295	2.19	0	1.24	4294967295	4294967295	4294967295	4294967295	25	0	203	
284	25872101	972.73	47.55	-679.12	-0.828964	0	0.559301	1	1	7200	2	1	1	1	22	0	0	0	4294967295	4294967295	4294967295	4294967295	26	1	203	
285	25871101	974.24	46.23	-679.43	-0.867014	0	0.498284	1	1	7200	3	1	1	1	4294967295	1.51	0	0.31	4294967295	4294967295	4294967295	4294967295	26	0	203	
286	21304201	964.53	39.06	-724.01	0	0	1	1	1	300	1	5	0	8	4294967295	3.40282e+38	0	3.40282e+38	4294967295	4294967295	4294967295	4294967295	29	0	203	
287	21304201	977.38	39.55	-723.79	0	0	1	1	1	300	1	5	0	8	4294967295	3.40282e+38	0	3.40282e+38	4294967295	4294967295	4294967295	4294967295	29	0	203	
288	21304201	990.28	39.81	-716.21	0	0	1	1	1	300	1	5	0	8	4294967295	3.40282e+38	0	3.40282e+38	4294967295	4294967295	4294967295	4294967295	4294967295	0	203	
289	21304201	954.69	39.79	-707.47	0	0	1	1	1	300	1	5	0	8	4294967295	3.40282e+38	0	3.40282e+38	4294967295	4294967295	4294967295	4294967295	4294967295	0	203	
290	27515101	953.51	39.72	-709.01	0.559301	0	-0.828964	1	1	300	2	1	1	1	26	3.40282e+38	0	3.40282e+38	4294967295	4294967295	4294967295	4294967295	4294967295	0	203	
291	25852101	1020.53	67.52	-583.05	-0.639202	0	0.769039	1	1	7200	1	5	20	4	4294967295	3.40282e+38	0	3.40282e+38	4294967295	4294967295	4294967295	4294967295	33	0	204	
292	25872101	991.31	64.41	-529.6	-0.498284	0	0.867014	1	1	7200	1	3	5	8	4294967295	3.40282e+38	0	3.40282e+38	4294967295	4294967295	4294967295	4294967295	34	0	204	
293	25872101	995.1	63.51	-543.32	0	0	1	1	1	7200	1	15	5	6	4294967295	3.40282e+38	0	3.40282e+38	4294967295	4294967295	4294967295	4294967295	34	0	204	
294	25852101	1000.93	64.05	-535.8	0	0	1	1	1	7200	1	5	20	4	4294967295	3.40282e+38	0	3.40282e+38	4294967295	4294967295	4294967295	4294967295	34	0	204	
295	25852101	981.54	64.48	-540.96	0	0	1	1	1	7200	1	5	20	5	4294967295	3.40282e+38	0	3.40282e+38	4294967295	4294967295	4294967295	4294967295	34	0	204	
296	25852101	994.42	64.04	-553.31	0	0	1	1	1	7200	1	5	20	3	4294967295	3.40282e+38	0	3.40282e+38	4294967295	4294967295	4294967295	4294967295	34	0	204	
297	25872101	979.85	64.31	-551.61	-0.892413	0	-0.45122	1	1	7200	2	1	1	1	28	0	0	0	4294967295	4294967295	4294967295	4294967295	35	1	204	
298	27515101	1007.32	65.55	-601.15	0	0	1	1	1	300	2	1	1	1	29	3.40282e+38	0	3.40282e+38	4294967295	4294967295	4294967295	4294967295	36	0	204	
299	25852101	984.52	64.43	-551.6	-0.932568	0	0.360994	1	1	7200	3	1	1	1	4294967295	4.66	0	0	4294967295	4294967295	4294967295	4294967295	35	0	204	
300	25852101	979.75	64.49	-547.14	-0.98172	0	0.190333	1	1	7200	3	1	1	1	4294967295	0.1	0	4.46	4294967295	4294967295	4294967295	4294967295	35	0	204	
301	27515101	999.34	64.57	-587.43	0	0	1	1	1	300	1	5	100	7	4294967295	3.40282e+38	0	3.40282e+38	4294967295	4294967295	4294967295	4294967295	36	0	204	
302	27515101	1002.94	64.29	-573.12	0	0	1	1	1	300	1	15	100	8	4294967295	3.40282e+38	0	3.40282e+38	4294967295	4294967295	4294967295	4294967295	36	0	204	
303	25891101	797.86	23.14	-624.94	0.140021	0	-0.990149	1	1	7200	2	1	1	1	32	0	0	0	4294967295	4294967295	4294967295	4294967295	42	1	207	
304	25891101	859.16	41.63	-523.46	-0.808304	0	0.588765	1	1	7200	1	5	20	5	4294967295	3.40282e+38	0	3.40282e+38	4294967295	4294967295	4294967295	4294967295	47	0	206	
305	26631301	857.94	41.45	-519.81	-0.99955	0	0.0299865	1	1	7200	1	10	10	8	4294967295	3.40282e+38	0	3.40282e+38	4294967295	4294967295	4294967295	4294967295	47	0	206	
306	26631301	797.8	23.1	-621.58	-0.159546	0	-0.987191	1	1	7200	3	1	1	1	4294967295	0.06	0	3.36	4294967295	4294967295	4294967295	4294967295	42	0	207	
307	25871101	863.71	41.14	-532.61	-0.24018	0	-0.970728	1	1	7200	1	3	10	3	4294967295	3.40282e+38	0	3.40282e+38	4294967295	4294967295	4294967295	4294967295	47	0	206	
308	25853101	792.16	23.23	-621.29	-0.498284	0	-0.867014	1	1	7200	1	3	10	3	4294967295	3.40282e+38	0	3.40282e+38	4294967295	4294967295	4294967295	4294967295	43	0	207	
309	25871101	784.38	23.45	-620.41	0	0	1	1	1	7200	1	3	10	3	4294967295	3.40282e+38	0	3.40282e+38	4294967295	4294967295	4294967295	4294967295	43	0	207	
310	25852101	800.22	23.41	-635.86	0.559301	0	-0.828964	1	1	7200	1	5	20	5	4294967295	3.40282e+38	0	3.40282e+38	4294967295	4294967295	4294967295	4294967295	43	0	207	
311	25891101	782.23	21.9	-638.04	0.985286	0	-0.170917	1	1	7200	1	3	20	2	4294967295	3.40282e+38	0	3.40282e+38	4294967295	4294967295	4294967295	4294967295	43	0	207	
312	25853101	866.46	41.09	-522.71	-0.875578	0	0.483077	1	1	7200	1	3	10	3	4294967295	3.40282e+38	0	3.40282e+38	4294967295	4294967295	4294967295	4294967295	47	0	206	
313	21304201	791.37	22.91	-635.84	0	0	1	1	1	300	1	5	0	8	4294967295	3.40282e+38	0	3.40282e+38	4294967295	4294967295	4294967295	4294967295	4294967295	0	207	
314	25852101	772.07	39.47	-516.2	0.628337	0	0.777941	1	1	7200	0	1	1	1	4294967295	3.40282e+38	0	3.40282e+38	4294967295	4294967295	4294967295	4294967295	133	0	206	
315	25852101	768.23	39.39	-516.14	0.540758	0	0.841178	1	1	7200	0	1	1	1	4294967295	3.40282e+38	0	3.40282e+38	4294967295	4294967295	4294967295	4294967295	133	0	206	
316	25891101	848.22	40.84	-519.8	-1	0	0	1	1	7200	1	5	20	5	4294967295	3.40282e+38	0	3.40282e+38	4294967295	4294967295	4294967295	4294967295	47	0	206	
317	25891101	866.19	33.37	-621.7	0	0	1	1	1	7200	2	1	1	1	36	3.40282e+38	0	3.40282e+38	4294967295	4294967295	4294967295	4294967295	4294967295	0	207	
318	25891101	838.47	33.37	-617.97	-0.483077	0	-0.875578	1	1	7200	2	1	1	1	35	3.40282e+38	0	3.40282e+38	4294967295	4294967295	4294967295	4294967295	4294967295	0	207	
319	25891101	798.84	39.89	-544.03	0.975232	0	0.221187	1	1	7200	1	5	20	2	4294967295	3.40282e+38	0	3.40282e+38	4294967295	4294967295	4294967295	4294967295	131	0	206	
320	26631301	792.69	39.75	-533.52	0	0	1	1	1	7200	1	10	10	7	4294967295	3.40282e+38	0	3.40282e+38	4294967295	4294967295	4294967295	4294967295	131	0	206	
321	25891101	802.2	40.21	-552.56	0.882075	0	-0.471108	1	1	7200	1	5	20	5	4294967295	3.40282e+38	0	3.40282e+38	4294967295	4294967295	4294967295	4294967295	131	0	206	
322	26631301	808.02	40	-558.24	0	0	1	1	1	7200	1	10	10	6	4294967295	3.40282e+38	0	3.40282e+38	4294967295	4294967295	4294967295	4294967295	131	0	206	
323	25853101	812.81	40.21	-547.76	0	0	1	1	1	7200	1	3	10	3	4294967295	3.40282e+38	0	3.40282e+38	4294967295	4294967295	4294967295	4294967295	131	0	206	
324	25891101	823.47	40.57	-551.98	0	0	1	1	1	7200	2	1	1	1	94	0	0	0	4294967295	4294967295	4294967295	4294967295	132	1	206	
325	26631301	825.1	40.56	-554.21	0	0	1	1	1	7200	3	1	1	1	4294967295	1.63	0	2.22	4294967295	4294967295	4294967295	4294967295	132	0	206	
326	25871101	771.93	38.91	-524.21	0	0	1	1	1	7200	1	8	15	4	4294967295	3.40282e+38	0	3.40282e+38	4294967295	4294967295	4294967295	4294967295	133	0	206	
327	25852101	852.56	40.13	-548.13	-0.419058	0	0.907959	1	1	7200	3	1	1	1	4294967295	3.67	0	0.05	4294967295	4294967295	4294967295	4294967295	134	0	206	
328	25852101	848.89	40.04	-548.09	-0.6	0	0.8	1	1	7200	2	1	1	1	95	0	0	0	4294967295	4294967295	4294967295	4294967295	134	1	206	
329	25891101	818.47	39.98	-521.19	0	0	1	1	1	7200	1	5	20	5	4294967295	3.40282e+38	0	3.40282e+38	4294967295	4294967295	4294967295	4294967295	135	0	206	
330	26631301	808.07	40.77	-519.48	0	0	1	1	1	7200	1	10	10	8	4294967295	3.40282e+38	0	3.40282e+38	4294967295	4294967295	4294967295	4294967295	135	0	206	
331	25872101	1105.9	70.52	-717.29	0	0	1	1	1	7200	1	3	5	8	4294967295	3.40282e+38	0	3.40282e+38	4294967295	4294967295	4294967295	4294967295	27	0	204	
332	25872101	1105.3	69.31	-713.75	-0.019996	0	0.9998	1	1	7200	2	1	1	1	25	3.40282e+38	0	3.40282e+38	4294967295	4294967295	4294967295	4294967295	27	0	204	
333	25852101	1054.18	64.22	-686.89	0.898384	0	0.43921	1	1	7200	2	1	1	5	23	3.40282e+38	0	3.40282e+38	4294967295	4294967295	4294967295	4294967295	4294967295	0	204	
334	25852101	1054.14	63.71	-657.9	-0.0698291	0	-0.997559	1	1	7200	2	1	1	5	24	3.40282e+38	0	3.40282e+38	4294967295	4294967295	4294967295	4294967295	4294967295	0	204	
335	25852101	1102.46	66.25	-707.63	0	0	1	1	1	7200	1	3	6	8	4294967295	3.40282e+38	0	3.40282e+38	4294967295	4294967295	4294967295	4294967295	27	0	204	
336	25852101	1103.71	63.74	-685.22	0.721988	0	-0.691905	1	1	7200	1	5	5	7	4294967295	3.40282e+38	0	3.40282e+38	4294967295	4294967295	4294967295	4294967295	27	0	204	
337	25871101	1098.08	63.56	-696.67	0	0	1	1	1	7200	1	10	10	2	4294967295	3.40282e+38	0	3.40282e+38	4294967295	4294967295	4294967295	4294967295	27	0	204	
338	25872101	1083.8	63.67	-660.58	-0.987191	0	-0.159546	1	1	7200	1	10	5	7	4294967295	3.40282e+38	0	3.40282e+38	4294967295	4294967295	4294967295	4294967295	28	0	204	
339	25872101	1074.71	63.59	-649.78	0	0	1	1	1	7200	1	10	20	3	4294967295	3.40282e+38	0	3.40282e+38	4294967295	4294967295	4294967295	4294967295	28	0	204	
340	25852101	1075.62	63.44	-659.86	0	0	1	1	1	7200	1	5	20	2	4294967295	3.40282e+38	0	3.40282e+38	4294967295	4294967295	4294967295	4294967295	28	0	204	
341	25871101	1078.19	64.01	-671.93	0	0	1	1	1	7200	1	10	10	2	4294967295	3.40282e+38	0	3.40282e+38	4294967295	4294967295	4294967295	4294967295	28	0	204	
342	25852101	1068.04	64.81	-642.76	-0.929164	0	0.369667	1	1	7200	1	5	20	4	4294967295	3.40282e+38	0	3.40282e+38	4294967295	4294967295	4294967295	4294967295	28	0	204	
343	27515101	1053.45	64.12	-625.01	-0.660628	0	-0.750713	1	1	300	1	15	100	8	4294967295	3.40282e+38	0	3.40282e+38	4294967295	4294967295	4294967295	4294967295	31	0	204	
344	27515101	1053.36	64.6	-614.65	0	0	1	1	1	300	1	15	100	8	4294967295	3.40282e+38	0	3.40282e+38	4294967295	4294967295	4294967295	4294967295	31	0	204	
345	21304201	1050.07	64.18	-619.79	0	0	1	1	1	300	1	15	100	8	4294967295	3.40282e+38	0	3.40282e+38	4294967295	4294967295	4294967295	4294967295	30	0	204	
346	21304201	1049.9	64.81	-612.82	0	0	1	1	1	300	1	15	100	8	4294967295	3.40282e+38	0	3.40282e+38	4294967295	4294967295	4294967295	4294967295	30	0	204	
347	21304201	1061.44	64.59	-628.41	0	0	1	1	1	300	1	15	100	8	4294967295	3.40282e+38	0	3.40282e+38	4294967295	4294967295	4294967295	4294967295	30	0	204	
348	25872101	1041.48	70.46	-593.14	-0.98172	0	-0.190333	1	1	7200	1	3	5	8	4294967295	3.40282e+38	0	3.40282e+38	4294967295	4294967295	4294967295	4294967295	33	0	204	
349	25872101	1038.36	69.51	-594.95	-0.28	0	0.96	1	1	7200	2	1	1	1	27	0	0	0	4294967295	4294967295	4294967295	4294967295	32	1	204	
350	25871101	1039.77	69.43	-597.08	-0.360994	0	0.932568	1	1	7200	3	1	1	1	4294967295	1.41	0	2.14	4294967295	4294967295	4294967295	4294967295	32	0	204	
351	25852101	1028.34	66.94	-601.98	-0.019996	0	-0.9998	1	1	7200	1	5	20	4	4294967295	3.40282e+38	0	3.40282e+38	4294967295	4294967295	4294967295	4294967295	33	0	204	
352	25872101	1026.68	67.1	-592.17	0	0	1	1	1	7200	1	15	5	6	4294967295	3.40282e+38	0	3.40282e+38	4294967295	4294967295	4294967295	4294967295	33	0	204	
353	25871101	1039.37	70.29	-589.04	-0.995974	0	0.0896377	1	1	7200	1	3	10	3	4294967295	3.40282e+38	0	3.40282e+38	4294967295	4294967295	4294967295	4294967295	33	0	204	
354	25891101	699.93	63.68	-480.22	0.140021	0	-0.990149	1	1	7200	1	5	10	8	4294967295	3.40282e+38	0	3.40282e+38	4294967295	4294967295	4294967295	4294967295	40	0	209	
355	26631301	702.98	63.19	-478.53	0.190333	0	-0.98172	1	1	7200	1	3	20	5	4294967295	3.40282e+38	0	3.40282e+38	4294967295	4294967295	4294967295	4294967295	40	0	209	
356	25891101	709.6	63.98	-462.26	0	0	1	1	1	7200	1	5	5	4	4294967295	3.40282e+38	0	3.40282e+38	4294967295	4294967295	4294967295	4294967295	40	0	209	
357	25871101	703.68	64.57	-466.57	0.0698291	0	-0.997559	1	1	7200	1	10	10	3	4294967295	3.40282e+38	0	3.40282e+38	4294967295	4294967295	4294967295	4294967295	40	0	209	
358	25853101	695.52	64.08	-471.67	-0.483077	0	-0.875578	1	1	7200	1	3	3	3	4294967295	3.40282e+38	0	3.40282e+38	4294967295	4294967295	4294967295	4294967295	40	0	209	
359	25852101	767.65	65.03	-468.71	0.731722	0	0.681604	1	1	7200	0	1	1	1	4294967295	3.40282e+38	0	3.40282e+38	4294967295	4294967295	4294967295	4294967295	49	0	205	
360	25891101	905.74	64.52	-467.82	0.892413	0	-0.45122	1	1	7200	2	1	1	1	30	0	0	0	4294967295	4294967295	4294967295	4294967295	37	1	205	
361	26631301	833.59	69.98	-450.73	-0.0896377	0	-0.995974	1	1	7200	1	10	5	4	4294967295	3.40282e+38	0	3.40282e+38	4294967295	4294967295	4294967295	4294967295	55	0	205	
362	26631301	901.65	64.29	-467.22	0.987191	0	-0.159546	1	1	7200	3	1	1	1	4294967295	4.1	0	0.6	4294967295	4294967295	4294967295	4294967295	37	0	205	
363	25891101	831.98	69.69	-448.12	0	0	1	1	1	7200	1	5	5	3	4294967295	3.40282e+38	0	3.40282e+38	4294967295	4294967295	4294967295	4294967295	55	0	205	
364	25891101	875.43	65.77	-450.96	0.170917	0	-0.985286	1	1	7200	1	3	5	6	4294967295	3.40282e+38	0	3.40282e+38	4294967295	4294967295	4294967295	4294967295	39	0	205	
365	26631301	872.51	65.89	-455.25	0.100499	0	-0.994937	1	1	7200	1	5	5	8	4294967295	3.40282e+38	0	3.40282e+38	4294967295	4294967295	4294967295	4294967295	39	0	205	
366	25871101	895.94	65.02	-496.5	-0.310217	0	-0.950666	1	1	7200	1	5	10	5	4294967295	3.40282e+38	0	3.40282e+38	4294967295	4294967295	4294967295	4294967295	38	0	205	
367	25872101	879.23	65.38	-454.8	-0.159546	0	-0.987191	1	1	7200	1	3	5	8	4294967295	3.40282e+38	0	3.40282e+38	4294967295	4294967295	4294967295	4294967295	39	0	205	
368	25871101	901.88	64.47	-491.1	0.997559	0	0.0698291	1	1	7200	1	3	10	3	4294967295	3.40282e+38	0	3.40282e+38	4294967295	4294967295	4294967295	4294967295	38	0	205	
369	25871101	889.01	63.93	-492.34	-0.977802	0	-0.209529	1	1	7200	1	3	10	2	4294967295	3.40282e+38	0	3.40282e+38	4294967295	4294967295	4294967295	4294967295	38	0	205	
370	25852101	895.29	63.31	-487.39	0.8	0	0.6	1	1	7200	1	5	20	5	4294967295	3.40282e+38	0	3.40282e+38	4294967295	4294967295	4294967295	4294967295	38	0	205	
371	25891101	893.06	63.77	-481.52	-0.289177	0	0.957276	1	1	7200	2	1	1	1	31	3.40282e+38	0	3.40282e+38	4294967295	4294967295	4294967295	4294967295	4294967295	0	205	
372	25852101	882.69	63.9	-462.93	-0.517419	0	-0.855732	1	1	7200	1	3	20	4	4294967295	3.40282e+38	0	3.40282e+38	4294967295	4294967295	4294967295	4294967295	39	0	205	
373	25852101	875.54	65.22	-461.15	-0.848559	0	-0.529101	1	1	7200	1	3	20	4	4294967295	3.40282e+38	0	3.40282e+38	4294967295	4294967295	4294967295	4294967295	39	0	205	
374	25891101	786.5	67.41	-463	0	0	1	1	1	7200	1	3	3	2	4294967295	3.40282e+38	0	3.40282e+38	4294967295	4294967295	4294967295	4294967295	51	0	205	
375	26631301	778.2	66.74	-458.47	0.987191	0	-0.159546	1	1	7200	1	10	5	2	4294967295	3.40282e+38	0	3.40282e+38	4294967295	4294967295	4294967295	4294967295	51	0	205	
376	25871101	793.62	67.51	-468.75	0.977802	0	-0.209529	1	1	7200	1	3	10	3	4294967295	3.40282e+38	0	3.40282e+38	4294967295	4294967295	4294967295	4294967295	51	0	205	
377	25891101	901.29	64.04	-476.92	-0.929164	0	0.369667	1	1	7200	2	1	1	1	37	3.40282e+38	0	3.40282e+38	4294967295	4294967295	4294967295	4294967295	4294967295	0	205	
378	25852101	773.13	65.61	-468.71	0.617382	0	0.786664	1	1	7200	0	1	1	1	4294967295	3.40282e+38	0	3.40282e+38	4294967295	4294967295	4294967295	4294967295	49	0	205	
379	25872101	791.92	66.89	-456.44	0	0	1	1	1	7200	1	8	5	6	4294967295	3.40282e+38	0	3.40282e+38	4294967295	4294967295	4294967295	4294967295	51	0	205	
380	25852101	796.43	67.9	-464.2	0.8	0	-0.6	1	1	7200	1	3	3	8	4294967295	3.40282e+38	0	3.40282e+38	4294967295	4294967295	4294967295	4294967295	51	0	205	
381	26631301	835.68	73.03	-472.06	0	0	1	1	1	7200	1	10	5	4	4294967295	3.40282e+38	0	3.40282e+38	4294967295	4294967295	4294967295	4294967295	55	0	205	
382	25891101	832.63	73.05	-471.93	0	0	1	1	1	7200	1	5	5	3	4294967295	3.40282e+38	0	3.40282e+38	4294967295	4294967295	4294967295	4294967295	55	0	205	
383	25872101	834.66	70.39	-461.25	0	0	1	1	1	7200	1	3	5	8	4294967295	3.40282e+38	0	3.40282e+38	4294967295	4294967295	4294967295	4294967295	55	0	205	
384	25891101	858.63	67.46	-477.72	0	0	1	1	1	7200	2	1	1	1	38	0	0	0	4294967295	4294967295	4294967295	4294967295	56	1	205	
385	26631301	857.88	67.81	-480.96	0	0	1	1	1	7200	3	1	1	1	4294967295	0.75	0	3.24	4294967295	4294967295	4294967295	4294967295	56	0	205	
386	25901101	-821.89	88.4	762.5	0	0	1	1	1	7200	1	10	10	4	4294967295	3.40282e+38	0	3.40282e+38	4294967295	4294967295	4294967295	4294967295	103	0	401	
387	25691201	-815.9	88.41	758.57	0	0	1	1	1	7200	1	1	1	1	4294967295	3.40282e+38	0	3.40282e+38	4294967295	4294967295	4294967295	4294967295	103	0	401	
388	25691201	-827.17	88.4	754.62	0	0	1	1	1	7200	1	1	1	1	4294967295	3.40282e+38	0	3.40282e+38	4294967295	4294967295	4294967295	4294967295	103	0	401	
389	25691201	-817.66	88.4	764.85	-0.882075	0	-0.471108	1	1	7200	1	1	1	1	4294967295	3.40282e+38	0	3.40282e+38	4294967295	4294967295	4294967295	4294967295	103	0	401	
390	25691201	-838.92	84.27	750.6	0.985286	0	0.170917	1	1	7200	1	1	1	1	4294967295	3.40282e+38	0	3.40282e+38	4294967295	4294967295	4294967295	4294967295	136	0	402	
391	25691201	-843.18	84.27	754.56	-1	0	0	1	1	7200	1	1	1	1	4294967295	3.40282e+38	0	3.40282e+38	4294967295	4294967295	4294967295	4294967295	136	0	402	
392	25901101	-855.99	85.69	757.95	0	0	1	1	1	7200	2	1	1	1	73	3.40282e+38	0	3.40282e+38	4294967295	4294967295	4294967295	4294967295	136	0	402	
393	25691201	-879.29	78.23	737.44	0.410781	0	-0.911734	1	1	7200	1	1	1	1	4294967295	3.40282e+38	0	3.40282e+38	4294967295	4294967295	4294967295	4294967295	138	0	404	
394	25691201	-875.84	78.23	763.04	0	0	1	1	1	7200	1	1	1	1	4294967295	3.40282e+38	0	3.40282e+38	4294967295	4294967295	4294967295	4294967295	138	0	404	
395	25691201	-875.2	78.23	755.63	0	0	1	1	1	7200	1	1	1	1	4294967295	3.40282e+38	0	3.40282e+38	4294967295	4294967295	4294967295	4294967295	138	0	404	
396	25901101	-899	79.43	728.69	-0.360994	0	0.932568	1	1	7200	2	8	10	8	77	3.40282e+38	0	3.40282e+38	4294967295	4294967295	4294967295	4294967295	138	0	404	
397	25691201	-908.48	79.43	749.64	-0.570771	0	0.821109	1	1	7200	1	1	1	1	4294967295	3.40282e+38	0	3.40282e+38	4294967295	4294967295	4294967295	4294967295	111	0	404	
398	25691201	-911.6	79.43	759.7	0.588765	0	-0.808304	1	1	7200	1	1	1	1	4294967295	3.40282e+38	0	3.40282e+38	4294967295	4294967295	4294967295	4294967295	111	0	404	
399	25691201	-903.78	79.43	764	-0.390293	0	-0.920691	1	1	7200	1	1	1	1	4294967295	3.40282e+38	0	3.40282e+38	4294967295	4294967295	4294967295	4294967295	111	0	404	
400	25691201	-918.14	79.43	746.83	0.892413	0	0.45122	1	1	7200	1	1	1	1	4294967295	3.40282e+38	0	3.40282e+38	4294967295	4294967295	4294967295	4294967295	111	0	404	
401	25901101	-914.61	79.43	735.77	0	0	1	1	1	7200	2	1	1	1	78	3.40282e+38	0	3.40282e+38	4294967295	4294967295	4294967295	4294967295	4294967295	0	404	
402	25901101	-907.32	79.43	755.56	0	0	1	1	1	7200	1	10	10	8	4294967295	3.40282e+38	0	3.40282e+38	4294967295	4294967295	4294967295	4294967295	111	0	404	
403	21951101	-916.3	79.43	726.43	0	0	1	1	1	7200	2	1	1	1	79	3.40282e+38	0	3.40282e+38	4294967295	4294967295	4294967295	4294967295	4294967295	0	404	
404	25691201	-898.73	78.23	707.02	0	0	1	1	1	7200	1	1	1	1	4294967295	3.40282e+38	0	3.40282e+38	4294967295	4294967295	4294967295	4294967295	114	0	405	
405	25691201	-895.94	78.23	694.17	0	0	1	1	1	7200	1	1	1	1	4294967295	3.40282e+38	0	3.40282e+38	4294967295	4294967295	4294967295	4294967295	114	0	405	
406	25691201	-911.91	78.23	705.8	0	0	1	1	1	7200	1	1	1	1	4294967295	3.40282e+38	0	3.40282e+38	4294967295	4294967295	4294967295	4294967295	113	0	405	
407	25691201	-903.92	78.23	698.44	-0.660628	0	-0.750713	1	1	7200	1	1	1	1	4294967295	3.40282e+38	0	3.40282e+38	4294967295	4294967295	4294967295	4294967295	113	0	405	
408	25691201	-894.63	78.23	699.95	0	0	1	1	1	7200	1	1	1	1	4294967295	3.40282e+38	0	3.40282e+38	4294967295	4294967295	4294967295	4294967295	114	0	405	
409	24881101	-817.97	79.43	680.7	0	0	1	1	1	7200	0	1	1	1	4294967295	3.40282e+38	0	3.40282e+38	4294967295	4294967295	4294967295	4294967295	147	0	414	
410	24881101	-825.44	79.43	679.22	0	0	1	1	1	7200	0	1	1	1	4294967295	3.40282e+38	0	3.40282e+38	4294967295	4294967295	4294967295	4294967295	147	0	414	
411	24881101	-816.33	79.43	674.72	0	0	1	1	1	7200	0	1	1	1	4294967295	3.40282e+38	0	3.40282e+38	4294967295	4294967295	4294967295	4294967295	147	0	414	
412	24881101	-823.18	79.43	672.65	0	0	1	1	1	7200	0	1	1	1	4294967295	3.40282e+38	0	3.40282e+38	4294967295	4294967295	4294967295	4294967295	147	0	414	
413	24881101	-836.11	79.43	679.7	0	0	1	1	1	7200	0	1	1	1	4294967295	3.40282e+38	0	3.40282e+38	4294967295	4294967295	4294967295	4294967295	148	0	414	
414	24881101	-832.25	79.43	700.54	0	0	1	1	1	7200	0	1	1	1	4294967295	3.40282e+38	0	3.40282e+38	4294967295	4294967295	4294967295	4294967295	146	0	414	
415	24881101	-828.07	79.43	694.84	0	0	1	1	1	7200	0	1	1	1	4294967295	3.40282e+38	0	3.40282e+38	4294967295	4294967295	4294967295	4294967295	146	0	414	
416	24881101	-836.36	79.43	675.6	0	0	1	1	1	7200	0	1	1	1	4294967295	3.40282e+38	0	3.40282e+38	4294967295	4294967295	4294967295	4294967295	148	0	414	
417	24881101	-834.18	79.43	684.04	0	0	1	1	1	7200	0	1	1	1	4294967295	3.40282e+38	0	3.40282e+38	4294967295	4294967295	4294967295	4294967295	148	0	414	
418	21951101	-814.63	79.43	671.48	-0.944631	0	0.328135	1	1	7200	2	1	1	1	81	3.40282e+38	0	3.40282e+38	4294967295	4294967295	4294967295	4294967295	147	0	414	
419	21951101	-828.33	79.43	700.06	-0.777941	0	-0.628337	1	1	7200	2	1	1	1	80	3.40282e+38	0	3.40282e+38	4294967295	4294967295	4294967295	4294967295	146	0	414	
420	24881101	-869.77	82.45	708.29	0	0	1	1	1	7200	0	1	1	1	4294967295	3.40282e+38	0	3.40282e+38	4294967295	4294967295	4294967295	4294967295	149	0	406	
421	25691201	-879.86	82.45	706.61	-0.96	0	-0.28	1	1	7200	1	1	1	1	4294967295	3.40282e+38	0	3.40282e+38	4294967295	4294967295	4294967295	4294967295	149	0	406	
422	25691201	-907.43	78.23	710.14	0	0	1	1	1	7200	1	1	1	1	4294967295	3.40282e+38	0	3.40282e+38	4294967295	4294967295	4294967295	4294967295	113	0	405	
423	25901101	-889.7	79.38	700.12	0	0	1	1	1	7200	1	8	10	8	4294967295	3.40282e+38	0	3.40282e+38	4294967295	4294967295	4294967295	4294967295	114	0	405	
424	25901101	-902.42	79.38	689.11	0	0	1	1	1	7200	1	8	10	8	4294967295	3.40282e+38	0	3.40282e+38	4294967295	4294967295	4294967295	4294967295	114	0	405	
425	25901101	-917.36	79.38	708.28	0	0	1	1	1	7200	1	8	10	8	4294967295	3.40282e+38	0	3.40282e+38	4294967295	4294967295	4294967295	4294967295	113	0	405	
426	25901101	-904.17	79.38	716.7	0	0	1	1	1	7200	1	8	10	8	4294967295	3.40282e+38	0	3.40282e+38	4294967295	4294967295	4294967295	4294967295	113	0	405	
427	25691201	-860.01	85.61	686.55	0.617382	0	0.786664	1	1	7200	1	1	1	1	4294967295	3.40282e+38	0	3.40282e+38	4294967295	4294967295	4294967295	4294967295	115	0	413	
428	25901101	-871.25	85.42	686.13	0.985286	0	0.170917	1	1	7200	1	8	10	8	4294967295	3.40282e+38	0	3.40282e+38	4294967295	4294967295	4294967295	4294967295	115	0	413	
429	25901101	-854.63	86.28	691.47	0	0	1	1	1	7200	1	8	10	8	4294967295	3.40282e+38	0	3.40282e+38	4294967295	4294967295	4294967295	4294967295	115	0	413	
430	25701101	-855.69	85.38	669.21	-0.777941	0	0.628337	1	1	7200	2	1	1	1	83	3.40282e+38	0	3.40282e+38	4294967295	4294967295	4294967295	4294967295	115	0	413	
431	25861101	-856.68	85.38	679.36	0	0	1	1	1	7200	1	8	10	8	4294967295	3.40282e+38	0	3.40282e+38	4294967295	4294967295	4294967295	4294967295	115	0	413	
432	21951101	-840.85	85.38	691.12	-0.867014	0	-0.498284	1	1	7200	2	1	1	1	84	3.40282e+38	0	3.40282e+38	4294967295	4294967295	4294967295	4294967295	4294967295	0	413	
433	22651107	-782.84	88.38	721.29	0	0	1	1	1	7200	0	1	1	1	4294967295	3.40282e+38	0	3.40282e+38	4294967295	4294967295	4294967295	4294967295	154	0	407	
434	24881101	-782.1	88.38	725.36	0	0	1	1	1	7200	0	1	1	1	4294967295	3.40282e+38	0	3.40282e+38	4294967295	4294967295	4294967295	4294967295	153	0	407	
435	25851101	-792.11	88.38	722.64	0	0	1	1	1	7200	1	5	20	4	4294967295	3.40282e+38	0	3.40282e+38	4294967295	4294967295	4294967295	4294967295	153	0	407	
436	25861101	-777.89	88.38	713.2	0	0	1	1	1	7200	1	8	15	5	4294967295	3.40282e+38	0	3.40282e+38	4294967295	4294967295	4294967295	4294967295	153	0	407	
437	25701101	-778.92	88.38	722.49	0	0	1	1	1	7200	1	5	3	8	4294967295	3.40282e+38	0	3.40282e+38	4294967295	4294967295	4294967295	4294967295	153	0	407	
438	21951101	-772.62	88.38	734.66	0.140021	0	-0.990149	1	1	7200	2	1	1	1	85	3.40282e+38	0	3.40282e+38	4294967295	4294967295	4294967295	4294967295	4294967295	0	407	
439	25701101	-801.74	88.38	691.1	0	0	1	1	1	7200	1	5	3	8	4294967295	3.40282e+38	0	3.40282e+38	4294967295	4294967295	4294967295	4294967295	117	0	408	
440	25701101	-785.24	88.38	691.8	0	0	1	1	1	7200	1	5	3	7	4294967295	3.40282e+38	0	3.40282e+38	4294967295	4294967295	4294967295	4294967295	117	0	408	
441	25851101	-793.56	88.38	693.94	0	0	1	1	1	7200	1	5	20	4	4294967295	3.40282e+38	0	3.40282e+38	4294967295	4294967295	4294967295	4294967295	117	0	408	
442	25851101	-800.43	88.38	679.93	0	0	1	1	1	7200	1	5	20	4	4294967295	3.40282e+38	0	3.40282e+38	4294967295	4294967295	4294967295	4294967295	117	0	408	
443	25861101	-793.21	88.38	684.67	0	0	1	1	1	7200	1	8	15	5	4294967295	3.40282e+38	0	3.40282e+38	4294967295	4294967295	4294967295	4294967295	117	0	408	
444	25701101	-839.18	83.08	657.36	0	0	1	1	1	7200	1	5	3	8	4294967295	3.40282e+38	0	3.40282e+38	4294967295	4294967295	4294967295	4294967295	118	0	409	
445	25701101	-813.61	82.81	657.77	0	0	1	1	1	7200	1	8	5	5	4294967295	3.40282e+38	0	3.40282e+38	4294967295	4294967295	4294967295	4294967295	119	0	409	
446	25691201	-846.27	82.02	642.17	0	0	1	1	1	7200	1	1	1	1	4294967295	3.40282e+38	0	3.40282e+38	4294967295	4294967295	4294967295	4294967295	118	0	409	
447	25701101	-815.68	82.81	640.6	-0.997559	0	-0.0698291	1	1	7200	1	5	3	8	4294967295	3.40282e+38	0	3.40282e+38	4294967295	4294967295	4294967295	4294967295	119	0	409	
448	25851101	-818.67	82.81	652.65	0	0	1	1	1	7200	1	5	20	4	4294967295	3.40282e+38	0	3.40282e+38	4294967295	4294967295	4294967295	4294967295	119	0	409	
449	25851101	-850.61	82.81	660.29	0.920691	0	-0.390293	1	1	7200	2	1	1	1	86	3.40282e+38	0	3.40282e+38	4294967295	4294967295	4294967295	4294967295	118	0	409	
450	25861101	-824.57	82.81	657.77	0	0	1	1	1	7200	1	8	15	5	4294967295	3.40282e+38	0	3.40282e+38	4294967295	4294967295	4294967295	4294967295	119	0	409	
451	25861101	-822.99	85.21	643.61	0	0	1	1	1	7200	1	8	15	5	4294967295	3.40282e+38	0	3.40282e+38	4294967295	4294967295	4294967295	4294967295	119	0	409	
452	25861101	-842.52	83.01	650.28	0	0	1	1	1	7200	1	8	15	5	4294967295	3.40282e+38	0	3.40282e+38	4294967295	4294967295	4294967295	4294967295	118	0	409	
453	25701101	-832.62	82.93	649.76	0	0	1	1	1	7200	1	5	3	6	4294967295	3.40282e+38	0	3.40282e+38	4294967295	4294967295	4294967295	4294967295	118	0	409	
454	22651110	-784.62	88.38	667.82	0	0	1	1	1	7200	0	1	1	1	4294967295	3.40282e+38	0	3.40282e+38	4294967295	4294967295	4294967295	4294967295	156	0	410	
455	24881101	-788.41	88.38	662.95	0	0	1	1	1	7200	0	1	1	1	4294967295	3.40282e+38	0	3.40282e+38	4294967295	4294967295	4294967295	4294967295	120	0	410	
456	25861101	-787.86	88.38	653.82	0	0	1	1	1	7200	1	8	15	5	4294967295	3.40282e+38	0	3.40282e+38	4294967295	4294967295	4294967295	4294967295	120	0	410	
457	25701101	-781.87	88.38	665.33	-0.639202	0	0.769039	1	1	7200	1	3	3	7	4294967295	3.40282e+38	0	3.40282e+38	4294967295	4294967295	4294967295	4294967295	120	0	410	
458	25701101	-776.44	88.38	656.22	0	0	1	1	1	7200	1	5	3	6	4294967295	3.40282e+38	0	3.40282e+38	4294967295	4294967295	4294967295	4294967295	120	0	410	
459	25701101	-769.2	88.38	683.7	0.100499	0	-0.994937	1	1	7200	1	3	3	7	4294967295	3.40282e+38	0	3.40282e+38	4294967295	4294967295	4294967295	4294967295	121	0	410	
460	25861101	-770.92	88.38	673.68	0	0	1	1	1	7200	1	8	15	3	4294967295	3.40282e+38	0	3.40282e+38	4294967295	4294967295	4294967295	4294967295	121	0	410	
461	21952101	-771.41	88.38	765.59	0.559301	0	-0.828964	1	1	7200	1	5	50	5	4294967295	3.40282e+38	0	3.40282e+38	4294967295	4294967295	4294967295	4294967295	4294967295	0	412	
462	28432101	-780.5	88.38	754.05	0.529101	0	0.848559	1	1	60	1	1	1	1	4294967295	3.40282e+38	0	3.40282e+38	4294967295	4294967295	4294967295	4294967295	4294967295	0	412	
463	25691201	-851	84.27	766.13	0	0	1	1	1	7200	1	1	1	1	4294967295	3.40282e+38	0	3.40282e+38	4294967295	4294967295	4294967295	4294967295	136	0	402	
464	25901101	-878.82	82.45	715.35	0.750713	0	0.660628	1	1	7200	2	8	10	8	82	3.40282e+38	0	3.40282e+38	4294967295	4294967295	4294967295	4294967295	149	0	406	
465	22651104	-872.48	82.45	712.27	0	0	1	1	1	7200	0	1	1	1	4294967295	3.40282e+38	0	3.40282e+38	4294967295	4294967295	4294967295	4294967295	150	0	406	
466	25901101	-883.76	78.23	763.92	0.159546	0	-0.987191	1	1	7200	2	8	10	8	76	3.40282e+38	0	3.40282e+38	4294967295	4294967295	4294967295	4294967295	138	0	404	
467	25901101	-874.37	82.45	710.11	0	0	1	1	1	7200	1	8	10	8	4294967295	3.40282e+38	0	3.40282e+38	4294967295	4294967295	4294967295	4294967295	149	0	406	
468	24881101	-877.79	82.06	712.31	0	0	1	1	1	7200	0	1	1	1	4294967295	3.40282e+38	0	3.40282e+38	4294967295	4294967295	4294967295	4294967295	150	0	406	
469	24881101	-869.79	82.06	717.42	0	0	1	1	1	7200	0	1	1	1	4294967295	3.40282e+38	0	3.40282e+38	4294967295	4294967295	4294967295	4294967295	150	0	406	
470	24881101	-787.44	88.32	720.84	0	0	1	1	1	7200	0	1	1	1	4294967295	3.40282e+38	0	3.40282e+38	4294967295	4294967295	4294967295	4294967295	154	0	407	
471	24881101	-780.53	88.32	716.49	0	0	1	1	1	7200	0	1	1	1	4294967295	3.40282e+38	0	3.40282e+38	4294967295	4294967295	4294967295	4294967295	154	0	407	
472	24881101	-783.56	88.32	672.71	0	0	1	1	1	7200	0	1	1	1	4294967295	3.40282e+38	0	3.40282e+38	4294967295	4294967295	4294967295	4294967295	156	0	410	
473	24881101	-779.56	88.32	663.64	0	0	1	1	1	7200	0	1	1	1	4294967295	3.40282e+38	0	3.40282e+38	4294967295	4294967295	4294967295	4294967295	156	0	410	
474	25701101	-750.97	88.38	681.57	-0.6	0	-0.8	1	1	7200	2	1	1	1	87	3.40282e+38	0	3.40282e+38	4294967295	4294967295	4294967295	4294967295	121	0	410	
475	25861101	-759.19	88.38	678.74	0	0	1	1	1	7200	1	8	15	5	4294967295	3.40282e+38	0	3.40282e+38	4294967295	4294967295	4294967295	4294967295	121	0	410	
476	25851101	-761.42	88.38	689.37	-0.9998	0	-0.019996	1	1	7200	1	3	1	8	4294967295	3.40282e+38	0	3.40282e+38	4294967295	4294967295	4294967295	4294967295	121	0	410	
477	21951101	-761.05	88.38	673.84	0	0	1	1	1	7200	2	1	1	1	88	3.40282e+38	0	3.40282e+38	4294967295	4294967295	4294967295	4294967295	4294967295	0	410	
478	25701101	-762.63	88.38	702.96	0	0	1	1	1	7200	1	3	3	7	4294967295	3.40282e+38	0	3.40282e+38	4294967295	4294967295	4294967295	4294967295	122	0	411	
479	25701101	-749.82	88.38	705.12	0	0	1	1	1	7200	1	3	3	7	4294967295	3.40282e+38	0	3.40282e+38	4294967295	4294967295	4294967295	4294967295	122	0	411	
480	25701101	-759.32	88.38	734.88	0	0	1	1	1	7200	1	3	3	7	4294967295	3.40282e+38	0	3.40282e+38	4294967295	4294967295	4294967295	4294967295	123	0	411	
481	25691201	-744.44	88.61	734.22	0	0	1	1	1	7200	1	1	1	1	4294967295	3.40282e+38	0	3.40282e+38	4294967295	4294967295	4294967295	4294967295	123	0	411	
482	25861101	-758.66	88.38	697.98	0	0	1	1	1	7200	1	3	15	8	4294967295	3.40282e+38	0	3.40282e+38	4294967295	4294967295	4294967295	4294967295	122	0	411	
483	25861101	-749.4	88.38	742.23	0	0	1	1	1	7200	1	8	15	3	4294967295	3.40282e+38	0	3.40282e+38	4294967295	4294967295	4294967295	4294967295	123	0	411	
484	25851101	-748.29	88.38	695.81	0	0	1	1	1	7200	1	3	1	8	4294967295	3.40282e+38	0	3.40282e+38	4294967295	4294967295	4294967295	4294967295	122	0	411	
485	25851101	-753.66	88.38	709.76	0	0	1	1	1	7200	1	8	10	5	4294967295	3.40282e+38	0	3.40282e+38	4294967295	4294967295	4294967295	4294967295	122	0	411	
486	25851101	-751.37	88.38	723.39	0	0	1	1	1	7200	1	3	1	8	4294967295	3.40282e+38	0	3.40282e+38	4294967295	4294967295	4294967295	4294967295	123	0	411	
487	25701101	-748.16	88.38	729.75	0	0	1	1	1	7200	1	3	3	7	4294967295	3.40282e+38	0	3.40282e+38	4294967295	4294967295	4294967295	4294967295	123	0	411	
488	26632201	-508.26	140.73	711.72	-0.990149	0	0.140021	1	1	7200	0	1	1	1	4294967295	3.40282e+38	0	3.40282e+38	4294967295	4294967295	4294967295	4294967295	4294967295	0	602	
489	25802101	-474.27	151.27	625.14	-0.777941	0	-0.628337	1	1	7200	0	1	1	1	4294967295	3.40282e+38	0	3.40282e+38	4294967295	4294967295	4294967295	4294967295	4294967295	0	603	
490	25702101	-384.5	140.73	599.87	0.120331	0	-0.992734	1	1	7200	0	1	1	1	4294967295	3.40282e+38	0	3.40282e+38	4294967295	4294967295	4294967295	4294967295	4294967295	0	604	
491	26652301	-318.4	151.27	647.56	-0.209529	0	-0.977802	1	1	7200	0	1	1	1	4294967295	3.40282e+38	0	3.40282e+38	4294967295	4294967295	4294967295	4294967295	4294967295	0	605	
492	25862101	-302.59	140.73	745.82	0.892413	0	0.45122	1	1	7200	0	1	1	1	4294967295	3.40282e+38	0	3.40282e+38	4294967295	4294967295	4294967295	4294967295	4294967295	0	606	
493	25721101	-367.61	144.86	713.8	0	0	1	1	1	300	1	10	5	1	4294967295	3.40282e+38	0	3.40282e+38	4294967295	4294967295	4294967295	4294967295	4294967295	0	701	
494	25721101	-427.37	144.86	730	0	0	1	1	1	300	1	10	10	2	4294967295	3.40282e+38	0	3.40282e+38	4294967295	4294967295	4294967295	4294967295	4294967295	0	701	
495	25721101	-432.93	144.86	689.57	0	0	1	1	1	300	1	10	15	3	4294967295	3.40282e+38	0	3.40282e+38	4294967295	4294967295	4294967295	4294967295	4294967295	0	701	
496	25721101	-409.71	144.86	672.05	0	0	1	1	1	300	1	10	20	4	4294967295	3.40282e+38	0	3.40282e+38	4294967295	4294967295	4294967295	4294967295	4294967295	0	701	
497	25721101	-370.38	144.86	690.43	0	0	1	1	1	300	1	10	25	5	4294967295	3.40282e+38	0	3.40282e+38	4294967295	4294967295	4294967295	4294967295	4294967295	0	701	
498	25721101	-438.13	144.86	711.85	0	0	1	1	1	300	1	10	30	6	4294967295	3.40282e+38	0	3.40282e+38	4294967295	4294967295	4294967295	4294967295	4294967295	0	701	
499	25721101	-382.83	144.86	673.88	0	0	1	1	1	300	1	10	1	7	4294967295	3.40282e+38	0	3.40282e+38	4294967295	4294967295	4294967295	4294967295	4294967295	0	701	
500	25721101	-412.05	144.86	738.78	-0.99955	0	-0.0299865	1	1	300	2	1	1	1	103	3.40282e+38	0	3.40282e+38	4294967295	4294967295	4294967295	4294967295	4294967295	0	701	
501	25721101	-376.44	144.86	731.28	0.0698291	0	-0.997559	1	1	300	2	1	1	1	102	3.40282e+38	0	3.40282e+38	4294967295	4294967295	4294967295	4294967295	4294967295	0	701	
502	25721101	-426.33	144.86	682.22	-0.911734	0	-0.410781	1	1	300	2	1	1	1	104	3.40282e+38	0	3.40282e+38	4294967295	4294967295	4294967295	4294967295	4294967295	0	701	
503	25721101	-367.27	144.86	699.83	0.660628	0	-0.750713	1	1	300	2	1	1	1	105	3.40282e+38	0	3.40282e+38	4294967295	4294967295	4294967295	4294967295	4294967295	0	701	
504	25691201	-829.82	88.4	772.13	0.975232	0	-0.221187	1	1	7200	1	1	1	1	4294967295	3.40282e+38	0	3.40282e+38	4294967295	4294967295	4294967295	4294967295	103	0	401	
505	25691201	-836.74	84.27	772.01	0	0	1	1	1	7200	1	1	1	1	4294967295	3.40282e+38	0	3.40282e+38	4294967295	4294967295	4294967295	4294967295	136	0	402	
506	22651101	-843.98	81.92	805.68	0	0	1	1	1	7200	0	1	1	1	4294967295	3.40282e+38	0	3.40282e+38	4294967295	4294967295	4294967295	4294967295	152	0	403	
507	25691201	-840.03	81.92	804.49	0	0	1	1	1	7200	1	1	1	1	4294967295	3.40282e+38	0	3.40282e+38	4294967295	4294967295	4294967295	4294967295	151	0	403	
508	24881101	-845.57	81.92	809	0	0	1	1	1	7200	0	1	1	1	4294967295	3.40282e+38	0	3.40282e+38	4294967295	4294967295	4294967295	4294967295	151	0	403	
509	25901101	-846.25	82.62	799.95	0	0	1	1	1	7200	1	10	10	4	4294967295	3.40282e+38	0	3.40282e+38	4294967295	4294967295	4294967295	4294967295	151	0	403	
510	25901101	-839.13	82.37	812.07	-0.8	0	0.6	1	1	7200	2	1	1	1	74	3.40282e+38	0	3.40282e+38	4294967295	4294967295	4294967295	4294967295	151	0	403	
511	25691201	-876.95	81.92	802.05	0	0	1	1	1	7200	1	1	1	1	4294967295	3.40282e+38	0	3.40282e+38	4294967295	4294967295	4294967295	4294967295	107	0	403	
512	25691201	-878.48	81.92	799.36	-0.9998	0	-0.019996	1	1	7200	1	1	1	1	4294967295	3.40282e+38	0	3.40282e+38	4294967295	4294967295	4294967295	4294967295	107	0	403	
513	25691201	-872.67	81.92	800.55	0.98172	0	-0.190333	1	1	7200	1	1	1	1	4294967295	3.40282e+38	0	3.40282e+38	4294967295	4294967295	4294967295	4294967295	107	0	403	
514	25901101	-881.43	82.37	792.7	0.6	0	0.8	1	1	7200	1	3	10	8	4294967295	3.40282e+38	0	3.40282e+38	4294967295	4294967295	4294967295	4294967295	107	0	403	
515	25901101	-871.99	82.37	792.48	0	0	1	1	1	7200	1	10	10	4	4294967295	3.40282e+38	0	3.40282e+38	4294967295	4294967295	4294967295	4294967295	107	0	403	
516	25901101	-848.81	82.92	804.12	-0.994937	0	0.100499	1	1	7200	2	1	1	1	75	3.40282e+38	0	3.40282e+38	4294967295	4294967295	4294967295	4294967295	4294967295	0	403	
517	28432101	-786.1	88.38	768.48	0.995974	0	-0.0896377	1	1	60	1	1	1	1	4294967295	3.40282e+38	0	3.40282e+38	4294967295	4294967295	4294967295	4294967295	4294967295	0	412	
518	28432101	-776.22	88.38	782.24	-0.0499376	0	-0.998752	4	1	60	1	1	1	1	4294967295	3.40282e+38	0	3.40282e+38	4294967295	4294967295	4294967295	4294967295	4294967295	0	412	
519	24881101	-842.85	82.31	801.4	0	0	1	1	1	7200	0	1	1	1	4294967295	3.40282e+38	0	3.40282e+38	4294967295	4294967295	4294967295	4294967295	152	0	403	
520	24881101	-838.06	81.86	807.12	0	0	1	1	1	7200	0	1	1	1	4294967295	3.40282e+38	0	3.40282e+38	4294967295	4294967295	4294967295	4294967295	152	0	403	
521	28432101	-762.94	88.38	775.82	-0.741298	0	-0.671176	1	1	60	1	1	1	1	4294967295	3.40282e+38	0	3.40282e+38	4294967295	4294967295	4294967295	4294967295	4294967295	0	412	
522	26651201	-604.64	125.21	938.26	0.997559	0	-0.0698291	1	1	7200	2	1	1	1	89	3.40282e+38	0	3.40282e+38	4294967295	4294967295	4294967295	4294967295	124	0	501	
523	26651201	-603.29	125.21	918.2	-0.929164	0	0.369667	1	1	7200	2	1	1	1	90	3.40282e+38	0	3.40282e+38	4294967295	4294967295	4294967295	4294967295	124	0	501	
524	25891204	-605.47	125.21	928.16	0	0	1	1	1	7200	1	5	10	8	4294967295	3.40282e+38	0	3.40282e+38	4294967295	4294967295	4294967295	4294967295	124	0	501	
525	25891204	-636.6	125.21	926.91	0	0	1	1	1	7200	1	5	10	8	4294967295	3.40282e+38	0	3.40282e+38	4294967295	4294967295	4294967295	4294967295	4294967295	0	501	
526	26651201	-637.4	124.36	937.82	0.994937	0	-0.100499	1	1	7200	2	1	1	1	91	3.40282e+38	0	3.40282e+38	4294967295	4294967295	4294967295	4294967295	4294967295	0	501	
527	26651201	-636.97	124.98	912.94	-0.9998	0	-0.019996	1	1	7200	2	1	1	1	92	3.40282e+38	0	3.40282e+38	4294967295	4294967295	4294967295	4294967295	4294967295	0	501	
528	26633101	-621.51	125.21	926.71	0	0	1	1	1	7200	1	1	1	1	4294967295	3.40282e+38	0	3.40282e+38	4294967295	4294967295	4294967295	4294967295	4294967295	0	506	
529	21252101	-574.47	97.99	950.5	0	0	1	1	1	7200	1	5	10	4	4294967295	3.40282e+38	0	3.40282e+38	4294967295	4294967295	4294967295	4294967295	125	0	503	
530	21252101	-564.72	97.99	952.94	0	0	1	1	1	7200	1	10	30	5	4294967295	3.40282e+38	0	3.40282e+38	4294967295	4294967295	4294967295	4294967295	125	0	503	
531	21252101	-564.63	97.99	931.64	0	0	1	1	1	7200	1	8	10	3	4294967295	3.40282e+38	0	3.40282e+38	4294967295	4294967295	4294967295	4294967295	125	0	503	
532	27142101	-573.48	97.99	938.53	0	0	1	1	1	7200	1	5	10	8	4294967295	3.40282e+38	0	3.40282e+38	4294967295	4294967295	4294967295	4294967295	125	0	503	
533	27142101	-566.27	97.99	947.29	0	0	1	1	1	7200	1	3	10	7	4294967295	3.40282e+38	0	3.40282e+38	4294967295	4294967295	4294967295	4294967295	125	0	503	
534	21252101	-577.81	97.99	905.78	0	0	1	1	1	7200	1	8	10	3	4294967295	3.40282e+38	0	3.40282e+38	4294967295	4294967295	4294967295	4294967295	126	0	503	
535	21252101	-568.7	97.99	901.85	0	0	1	1	1	7200	1	8	10	5	4294967295	3.40282e+38	0	3.40282e+38	4294967295	4294967295	4294967295	4294967295	126	0	503	
536	21252101	-561.76	97.99	917.05	0	0	1	1	1	7200	1	8	10	4	4294967295	3.40282e+38	0	3.40282e+38	4294967295	4294967295	4294967295	4294967295	126	0	503	
537	27142101	-574.62	97.99	901.91	0	0	1	1	1	7200	1	5	10	8	4294967295	3.40282e+38	0	3.40282e+38	4294967295	4294967295	4294967295	4294967295	126	0	503	
538	27142101	-571.16	97.99	913.03	0	0	1	1	1	7200	1	5	10	8	4294967295	3.40282e+38	0	3.40282e+38	4294967295	4294967295	4294967295	4294967295	126	0	503	
539	21252101	-594.19	97.99	988.7	0	0	1	1	1	7200	1	10	30	5	4294967295	3.40282e+38	0	3.40282e+38	4294967295	4294967295	4294967295	4294967295	127	0	504	
540	21252101	-603.46	97.99	966.95	0	0	1	1	1	7200	1	10	30	5	4294967295	3.40282e+38	0	3.40282e+38	4294967295	4294967295	4294967295	4294967295	127	0	504	
541	21252101	-634.48	97.99	991.09	0	0	1	1	1	7200	1	10	30	5	4294967295	3.40282e+38	0	3.40282e+38	4294967295	4294967295	4294967295	4294967295	128	0	504	
542	21252101	-634.56	97.99	971.35	0	0	1	1	1	7200	1	10	30	5	4294967295	3.40282e+38	0	3.40282e+38	4294967295	4294967295	4294967295	4294967295	128	0	504	
543	21252101	-604.5	97.99	979.08	0	0	1	1	1	7200	1	10	30	5	4294967295	3.40282e+38	0	3.40282e+38	4294967295	4294967295	4294967295	4294967295	127	0	504	
544	21252101	-647.47	97.99	979.61	0	0	1	1	1	7200	1	10	30	5	4294967295	3.40282e+38	0	3.40282e+38	4294967295	4294967295	4294967295	4294967295	128	0	504	
545	27142101	-613.53	97.99	971.59	0	0	1	1	1	7200	1	3	10	7	4294967295	3.40282e+38	0	3.40282e+38	4294967295	4294967295	4294967295	4294967295	127	0	504	
546	27142101	-640.05	97.99	978.37	0	0	1	1	1	7200	1	5	10	8	4294967295	3.40282e+38	0	3.40282e+38	4294967295	4294967295	4294967295	4294967295	128	0	504	
547	25871104	-587.15	97.99	977.75	-0.987191	0	0.159546	1	1	7200	2	1	1	1	93	3.40282e+38	0	3.40282e+38	4294967295	4294967295	4294967295	4294967295	127	0	504	
548	25871104	-633.71	97.99	983.49	0	0	1	1	1	7200	1	3	10	7	4294967295	3.40282e+38	0	3.40282e+38	4294967295	4294967295	4294967295	4294967295	128	0	504	
549	27142101	-674.44	97.99	903.95	0	0	1	1	1	7200	1	5	10	8	4294967295	3.40282e+38	0	3.40282e+38	4294967295	4294967295	4294967295	4294967295	130	0	505	
550	27142101	-673.11	97.99	932.57	0	0	1	1	1	7200	1	5	10	8	4294967295	3.40282e+38	0	3.40282e+38	4294967295	4294967295	4294967295	4294967295	129	0	505	
551	21252101	-674.19	97.99	945.36	0	0	1	1	1	7200	1	10	30	5	4294967295	3.40282e+38	0	3.40282e+38	4294967295	4294967295	4294967295	4294967295	129	0	505	
552	21252101	-664.69	97.99	934.71	0	0	1	1	1	7200	1	10	30	5	4294967295	3.40282e+38	0	3.40282e+38	4294967295	4294967295	4294967295	4294967295	129	0	505	
553	21252101	-663.07	97.99	906.19	0	0	1	1	1	7200	1	10	30	5	4294967295	3.40282e+38	0	3.40282e+38	4294967295	4294967295	4294967295	4294967295	130	0	505	
554	21252101	-677.14	97.99	908.77	0	0	1	1	1	7200	1	10	30	5	4294967295	3.40282e+38	0	3.40282e+38	4294967295	4294967295	4294967295	4294967295	130	0	505	
555	25871104	-663.55	97.99	945.3	0	0	1	1	1	7200	1	3	10	7	4294967295	3.40282e+38	0	3.40282e+38	4294967295	4294967295	4294967295	4294967295	129	0	505	
556	25871104	-669.97	97.99	896.76	0	0	1	1	1	7200	1	3	10	7	4294967295	3.40282e+38	0	3.40282e+38	4294967295	4294967295	4294967295	4294967295	130	0	505	
557	21252101	-688.89	97.99	912.24	0	0	1	1	1	7200	1	10	30	5	4294967295	3.40282e+38	0	3.40282e+38	4294967295	4294967295	4294967295	4294967295	130	0	505	
558	25801201	-663.05	97.99	923.63	0	0	1	1	1	7200	1	10	30	5	4294967295	3.40282e+38	0	3.40282e+38	4294967295	4294967295	4294967295	4294967295	4294967295	0	505	
559	21252101	-676.75	97.99	955.35	0	0	1	1	1	7200	1	10	30	5	4294967295	3.40282e+38	0	3.40282e+38	4294967295	4294967295	4294967295	4294967295	129	0	505	
560	25801201	-682.39	97.99	925.75	0	0	1	1	1	7200	1	10	30	5	4294967295	3.40282e+38	0	3.40282e+38	4294967295	4294967295	4294967295	4294967295	4294967295	0	505	
561	21252101	-693.52	97.99	936.71	0	0	1	1	1	7200	1	10	30	5	4294967295	3.40282e+38	0	3.40282e+38	4294967295	4294967295	4294967295	4294967295	4294967295	0	505	
562	21252101	-670.97	97.99	919.75	0	0	1	1	1	7200	1	10	30	5	4294967295	3.40282e+38	0	3.40282e+38	4294967295	4294967295	4294967295	4294967295	4294967295	0	505	
563	25801201	-533.66	97.99	957.32	0.0499376	0	-0.998752	1	1	7200	3	1	1	1	4294967295	0.79	0	1.84	4294967295	4294967295	4294967295	4294967295	140	0	502	
564	25801201	-532.88	97.99	955.48	0.0499376	0	-0.998752	1	1	7200	2	1	1	1	96	0	0	0	4294967295	4294967295	4294967295	4294967295	140	1	502	
565	25801201	-565.35	97.99	856.24	0.970728	0	0.24018	1	1	7200	3	1	1	1	4294967295	1.24	0	1.27	4294967295	4294967295	4294967295	4294967295	141	0	502	
566	25801201	-564.11	97.99	857.51	0.970728	0	0.24018	1	1	7200	2	1	1	1	97	0	0	0	4294967295	4294967295	4294967295	4294967295	141	1	502	
567	25801201	-576.51	97.99	1003.22	-0.707107	0	0.707107	1	1	7200	3	1	1	1	4294967295	2.26	0	0.91	4294967295	4294967295	4294967295	4294967295	142	0	502	
568	25801201	-578.77	97.99	1004.13	-0.707107	0	0.707107	1	1	7200	2	1	1	1	98	0	0	0	4294967295	4294967295	4294967295	4294967295	142	1	502	
569	25801201	-654.73	97.99	1012.27	0.990149	0	0.140021	1	1	7200	3	1	1	1	4294967295	1.82	0	0.74	4294967295	4294967295	4294967295	4294967295	143	0	502	
570	25801201	-652.91	97.99	1013.01	0.990149	0	0.140021	1	1	7200	2	1	1	1	99	0	0	0	4294967295	4294967295	4294967295	4294967295	143	1	502	
571	25801201	-658.72	97.99	1008.21	-0.99955	0	-0.0299865	1	1	7200	3	1	1	1	4294967295	2.34	0	0.99	4294967295	4294967295	4294967295	4294967295	144	0	502	
572	25801201	-661.06	97.99	1007.22	-0.99955	0	-0.0299865	1	1	7200	2	1	1	1	100	0	0	0	4294967295	4294967295	4294967295	4294967295	144	1	502	
573	25801201	-714.55	97.99	937	0	0	1	1	1	7200	3	1	1	1	4294967295	0.05	0	2.27	4294967295	4294967295	4294967295	4294967295	145	0	502	
574	25801201	-714.49	97.99	939.27	0	0	1	1	1	7200	2	1	1	1	101	0	0	0	4294967295	4294967295	4294967295	4294967295	145	1	502	
575	25781101	-463.53	151.13	793.48	0.221187	0	0.975232	1	1	7200	0	1	1	1	4294967295	3.40282e+38	0	3.40282e+38	4294967295	4294967295	4294967295	4294967295	4294967295	0	601	
