1	7251104	-112.1	7.45	-269.1	0.0299865	0	-0.99955	1	1	120	0	1	1	2	4294967295	3.40282e+38	0	3.40282e+38	4294967295	4294967295	4294967295	4294967295	4294967295	0	4294967295	
2	2613113	-56.34	7.6	-276.63	0	0	1	1	1	120	1	3	2	1	4294967295	3.40282e+38	0	3.40282e+38	4294967295	4294967295	4294967295	4294967295	4294967295	0	4294967295	
3	2613113	-161.38	8.33	-279.47	0	0	1	1	1	120	1	1	1	1	4294967295	3.40282e+38	0	3.40282e+38	4294967295	4294967295	4294967295	4294967295	4294967295	0	4294967295	
4	6013122	-64.46	7.83	-284.83	0	0	1	3	1	120	1	7	5	1	4294967295	3.40282e+38	0	3.40282e+38	4294967295	4294967295	4294967295	4294967295	4294967295	0	4294967295	
5	6013122	-43.58	7.53	-267.79	0	0	1	3	1	120	1	6	4	1	4294967295	3.40282e+38	0	3.40282e+38	4294967295	4294967295	4294967295	4294967295	4294967295	0	4294967295	
6	6013122	-152.83	7.45	-289.86	0	0	1	1	1	120	1	1	1	1	4294967295	3.40282e+38	0	3.40282e+38	4294967295	4294967295	4294967295	4294967295	4294967295	0	4294967295	
7	6013122	-166.97	7.45	-271.5	0	0	1	1	1	120	1	1	1	1	4294967295	3.40282e+38	0	3.40282e+38	4294967295	4294967295	4294967295	4294967295	4294967295	0	4294967295	
8	6013122	-136.93	7.45	-290.73	0	0	1	1	1	120	2	1	1	1	37	3.40282e+38	0	3.40282e+38	4294967295	4294967295	4294967295	4294967295	4294967295	0	4294967295	
9	6013122	-81.86	8.2	-273.77	0	0	1	1	1	120	2	1	1	1	38	3.40282e+38	0	3.40282e+38	4294967295	4294967295	4294967295	4294967295	4294967295	0	4294967295	
10	6013122	-39.5	7.22	-256.55	0	0	1	1	1	120	2	1	1	1	36	3.40282e+38	0	3.40282e+38	4294967295	4294967295	4294967295	4294967295	4294967295	0	4294967295	
11	1754114	-169.34	7.45	-274.83	0	0	1	1	1	120	0	1	1	1	4294967295	3.40282e+38	0	3.40282e+38	4294967295	4294967295	4294967295	4294967295	4294967295	0	4294967295	
12	2613113	-40.4	5.18	-204.79	0	0	1	1	1	120	1	3	2	1	4294967295	3.40282e+38	0	3.40282e+38	4294967295	4294967295	4294967295	4294967295	4294967295	0	4294967295	
13	6013122	-10.34	5.18	-164.74	0	0	1	1	1	120	2	1	1	1	35	3.40282e+38	0	3.40282e+38	4294967295	4294967295	4294967295	4294967295	4294967295	0	4294967295	
14	6013122	-38.25	5.18	-194.54	0	0	1	3	1	120	1	6	4	1	4294967295	3.40282e+38	0	3.40282e+38	4294967295	4294967295	4294967295	4294967295	4294967295	0	4294967295	
15	6013122	-42.73	5.41	-216.37	0	0	1	3	1	120	1	6	5	1	4294967295	3.40282e+38	0	3.40282e+38	4294967295	4294967295	4294967295	4294967295	4294967295	0	4294967295	
16	6013122	-5.13	6.17	-182.08	0	0	1	3	1	120	1	8	6	1	4294967295	3.40282e+38	0	3.40282e+38	4294967295	4294967295	4294967295	4294967295	4294967295	0	4294967295	
17	2133107	51.77	5.47	-52.47	0.540758	0	0.841178	3	1	120	1	6	3	1	4294967295	3.40282e+38	0	3.40282e+38	4294967295	4294967295	4294967295	4294967295	4294967295	0	4294967295	
18	2133107	43.12	5.2	-113.38	0	0	1	4	1	120	1	7	5	1	4294967295	3.40282e+38	0	3.40282e+38	4294967295	4294967295	4294967295	4294967295	4294967295	0	4294967295	
19	2133107	58.56	6.85	-111.79	-0.45122	0	0.892413	3	1	120	2	1	1	1	29	3.40282e+38	0	3.40282e+38	4294967295	4294967295	4294967295	4294967295	4294967295	0	4294967295	
20	9614201	148.33	4.98	-121.83	-0.691905	0	0.721988	1	1	120	1	3	2	2	4294967295	3.40282e+38	0	3.40282e+38	4294967295	4294967295	4294967295	4294967295	4294967295	0	4294967295	
21	3212131	144.4	5.07	-106.45	0	0	1	1	1	120	1	5	4	2	4294967295	3.40282e+38	0	3.40282e+38	4294967295	4294967295	4294967295	4294967295	4294967295	0	4294967295	
22	3212131	145.13	5.35	-87.83	-0.987191	0	-0.159546	1	1	120	1	8	5	2	4294967295	3.40282e+38	0	3.40282e+38	4294967295	4294967295	4294967295	4294967295	4294967295	0	4294967295	
23	3212131	141.45	5.12	-127.45	-0.957276	0	0.289177	1	1	120	1	6	3	2	4294967295	3.40282e+38	0	3.40282e+38	4294967295	4294967295	4294967295	4294967295	4294967295	0	4294967295	
24	3212131	103.84	5.26	-137.55	0.483077	0	-0.875578	3	1	120	1	9	6	2	4294967295	3.40282e+38	0	3.40282e+38	4294967295	4294967295	4294967295	4294967295	4294967295	0	4294967295	
25	2133107	49.77	5.14	-40.85	0	0	1	3	1	120	1	6	4	1	4294967295	3.40282e+38	0	3.40282e+38	4294967295	4294967295	4294967295	4294967295	4294967295	0	4294967295	
26	2133107	93.2	5.31	-53.53	0.410781	0	-0.911734	3	1	120	1	6	4	1	4294967295	3.40282e+38	0	3.40282e+38	4294967295	4294967295	4294967295	4294967295	4294967295	0	4294967295	
27	2133107	109.1	7.86	-170.65	-0.977802	0	0.209529	3	1	120	1	7	5	2	4294967295	3.40282e+38	0	3.40282e+38	4294967295	4294967295	4294967295	4294967295	4294967295	0	4294967295	
28	2133107	95.39	7.84	-172.31	-0.977802	0	0.209529	3	1	120	1	7	5	2	4294967295	3.40282e+38	0	3.40282e+38	4294967295	4294967295	4294967295	4294967295	4294967295	0	4294967295	
29	2133107	49.63	5.29	-151.03	-0.841178	0	-0.540758	4	1	120	1	10	7	2	4294967295	3.40282e+38	0	3.40282e+38	4294967295	4294967295	4294967295	4294967295	4294967295	0	4294967295	
30	2133107	58.96	5.15	-175.4	-0.929164	0	-0.369667	3	1	120	1	8	6	2	4294967295	3.40282e+38	0	3.40282e+38	4294967295	4294967295	4294967295	4294967295	4294967295	0	4294967295	
31	2133107	33.97	5.45	-127.04	0	0	1	4	1	120	1	7	4	2	4294967295	3.40282e+38	0	3.40282e+38	4294967295	4294967295	4294967295	4294967295	4294967295	0	4294967295	
32	2133107	35.88	5.28	-140.2	-0.932568	0	-0.360994	3	1	120	1	8	5	2	4294967295	3.40282e+38	0	3.40282e+38	4294967295	4294967295	4294967295	4294967295	4294967295	0	4294967295	
33	2133107	59.94	5.46	-138.8	-0.6	0	-0.8	3	1	120	1	8	5	2	4294967295	3.40282e+38	0	3.40282e+38	4294967295	4294967295	4294967295	4294967295	4294967295	0	4294967295	
34	2133107	42.13	5.47	-99.99	-0.6	0	-0.8	3	1	120	1	7	4	2	4294967295	3.40282e+38	0	3.40282e+38	4294967295	4294967295	4294967295	4294967295	4294967295	0	4294967295	
35	2133107	98.02	5.45	-117.63	0	0	1	3	1	120	2	1	1	2	30	3.40282e+38	0	3.40282e+38	4294967295	4294967295	4294967295	4294967295	4294967295	0	4294967295	
36	2133107	77.06	5.43	-31.25	0	0	1	3	1	120	1	4	3	2	4294967295	3.40282e+38	0	3.40282e+38	4294967295	4294967295	4294967295	4294967295	4294967295	0	4294967295	
37	2133107	100.71	5.33	-42.92	0.419058	0	0.907959	3	1	120	1	7	5	1	4294967295	3.40282e+38	0	3.40282e+38	4294967295	4294967295	4294967295	4294967295	4294967295	0	4294967295	
38	2133107	128.18	5.36	-114.58	0	0	1	5	1	120	1	7	5	1	4294967295	3.40282e+38	0	3.40282e+38	4294967295	4294967295	4294967295	4294967295	4294967295	0	4294967295	
39	1713164	67.14	5.2	-9.77	0	0	1	3	1	120	1	7	5	1	4294967295	3.40282e+38	0	3.40282e+38	4294967295	4294967295	4294967295	4294967295	4294967295	0	4294967295	
40	1713164	53.46	5.26	-17.41	0	0	1	3	1	120	1	7	5	1	4294967295	3.40282e+38	0	3.40282e+38	4294967295	4294967295	4294967295	4294967295	4294967295	0	4294967295	
41	1713164	60.81	5.18	-61.5	0	0	1	5	1	120	1	7	4	1	4294967295	3.40282e+38	0	3.40282e+38	4294967295	4294967295	4294967295	4294967295	4294967295	0	4294967295	
42	1713164	38.94	5.94	-52.6	0	0	1	3	1	120	1	7	3	1	4294967295	3.40282e+38	0	3.40282e+38	4294967295	4294967295	4294967295	4294967295	4294967295	0	4294967295	
43	1713164	97.75	5.1	-64.91	0	0	1	5	1	120	1	8	5	1	4294967295	3.40282e+38	0	3.40282e+38	4294967295	4294967295	4294967295	4294967295	4294967295	0	4294967295	
44	1713164	109.6	5.09	-56.35	0	0	1	3	1	120	1	7	4	1	4294967295	3.40282e+38	0	3.40282e+38	4294967295	4294967295	4294967295	4294967295	4294967295	0	4294967295	
45	1713164	47.06	5.52	-128.19	0	0	1	5	1	120	1	8	6	1	4294967295	3.40282e+38	0	3.40282e+38	4294967295	4294967295	4294967295	4294967295	4294967295	0	4294967295	
46	1713164	28.16	5.19	-100.71	0	0	1	3	1	120	1	7	4	1	4294967295	3.40282e+38	0	3.40282e+38	4294967295	4294967295	4294967295	4294967295	4294967295	0	4294967295	
47	1713164	112.63	5.22	-124.02	0	0	1	3	1	120	1	8	5	1	4294967295	3.40282e+38	0	3.40282e+38	4294967295	4294967295	4294967295	4294967295	4294967295	0	4294967295	
48	1713164	134.12	5.13	-104.04	0	0	1	5	1	120	1	7	6	1	4294967295	3.40282e+38	0	3.40282e+38	4294967295	4294967295	4294967295	4294967295	4294967295	0	4294967295	
49	9612125	56.93	5.34	-7.5	0	0	1	1	1	120	1	3	2	1	4294967295	3.40282e+38	0	3.40282e+38	4294967295	4294967295	4294967295	4294967295	4294967295	0	4294967295	
50	9612125	40.64	5.6	-41.89	0	0	1	1	1	120	1	3	2	1	4294967295	3.40282e+38	0	3.40282e+38	4294967295	4294967295	4294967295	4294967295	4294967295	0	4294967295	
51	9612125	110.43	5.14	-46.48	0	0	1	1	1	120	1	3	2	1	4294967295	3.40282e+38	0	3.40282e+38	4294967295	4294967295	4294967295	4294967295	4294967295	0	4294967295	
52	9612125	30.2	5.33	-114.67	0	0	1	1	1	120	1	3	2	1	4294967295	3.40282e+38	0	3.40282e+38	4294967295	4294967295	4294967295	4294967295	4294967295	0	4294967295	
53	1713164	70.47	5.65	-125.8	0	0	1	5	1	120	1	10	6	1	4294967295	3.40282e+38	0	3.40282e+38	4294967295	4294967295	4294967295	4294967295	4294967295	0	4294967295	
54	9612125	57.74	5.24	-128.4	0	0	1	1	1	120	1	3	1	1	4294967295	3.40282e+38	0	3.40282e+38	4294967295	4294967295	4294967295	4294967295	4294967295	0	4294967295	
55	2133107	123.53	5.23	-100.6	0	0	1	5	1	120	1	7	4	1	4294967295	3.40282e+38	0	3.40282e+38	4294967295	4294967295	4294967295	4294967295	4294967295	0	4294967295	
56	3212131	115.85	5.42	-110.69	0	0	1	5	1	120	1	7	4	1	4294967295	3.40282e+38	0	3.40282e+38	4294967295	4294967295	4294967295	4294967295	4294967295	0	4294967295	
57	1713164	112.78	5.1	-93.03	0	0	1	1	1	120	2	1	1	1	31	3.40282e+38	0	3.40282e+38	4294967295	4294967295	4294967295	4294967295	4294967295	0	4294967295	
58	1713164	69.85	5.01	-170.41	0	0	1	3	1	120	1	7	6	1	4294967295	3.40282e+38	0	3.40282e+38	4294967295	4294967295	4294967295	4294967295	4294967295	0	4294967295	
59	2133107	79.58	5.17	-10.9	0	0	1	1	1	120	2	1	1	1	32	3.40282e+38	0	3.40282e+38	4294967295	4294967295	4294967295	4294967295	4294967295	0	4294967295	
60	2133107	66.03	5.22	-69.7	0	0	1	1	1	120	2	1	1	1	33	3.40282e+38	0	3.40282e+38	4294967295	4294967295	4294967295	4294967295	4294967295	0	4294967295	
61	2133107	27.47	5.8	-148.79	-0.660628	0	-0.750713	1	1	120	2	1	1	1	34	3.40282e+38	0	3.40282e+38	4294967295	4294967295	4294967295	4294967295	4294967295	0	4294967295	
62	2613113	3.27	5.21	-173.05	0	0	1	1	1	120	1	3	2	1	4294967295	3.40282e+38	0	3.40282e+38	4294967295	4294967295	4294967295	4294967295	4294967295	0	4294967295	
63	6013122	11.03	5.7	-165.16	0	0	1	5	1	120	1	7	5	1	4294967295	3.40282e+38	0	3.40282e+38	4294967295	4294967295	4294967295	4294967295	4294967295	0	4294967295	
64	1760402	122.76	5.1	-123.69	0	0	1	1	1	120	0	1	1	1	4294967295	3.40282e+38	0	3.40282e+38	4294967295	4294967295	4294967295	4294967295	4294967295	0	4294967295	
65	1760207	50.59	5.1	-60.93	0	0	1	1	1	120	0	1	1	1	4294967295	3.40282e+38	0	3.40282e+38	4294967295	4294967295	4294967295	4294967295	4294967295	0	4294967295	
66	2611128	-289.53	5.43	108.07	0.977802	0	0.209529	5	1	120	1	9	7	2	4294967295	3.40282e+38	0	3.40282e+38	4294967295	4294967295	4294967295	4294967295	4294967295	0	4294967295	
67	2612128	-289.06	4.62	95.14	0.998752	0	0.0499376	1	1	310	1	3	2	2	4294967295	3.40282e+38	0	3.40282e+38	4294967295	4294967295	4294967295	4294967295	4294967295	0	4294967295	
68	2611128	-282.81	4.98	85.54	0.987191	0	0.159546	5	1	120	1	8	5	2	4294967295	3.40282e+38	0	3.40282e+38	4294967295	4294967295	4294967295	4294967295	4294967295	0	4294967295	
69	1413116	-279.44	4.81	134.65	0	0	1	5	1	120	1	10	7	1	4294967295	3.40282e+38	0	3.40282e+38	4294967295	4294967295	4294967295	4294967295	4294967295	0	4294967295	
70	1413116	-264.66	5.01	32.85	0	0	1	5	1	120	1	10	8	1	4294967295	3.40282e+38	0	3.40282e+38	4294967295	4294967295	4294967295	4294967295	4294967295	0	4294967295	
71	1413116	-256.4	5.34	129.15	0	0	1	5	1	120	1	11	8	1	4294967295	3.40282e+38	0	3.40282e+38	4294967295	4294967295	4294967295	4294967295	4294967295	0	4294967295	
72	6011258	-276.74	5.82	97.26	0	0	1	1	1	120	2	1	1	1	39	3.40282e+38	0	3.40282e+38	4294967295	4294967295	4294967295	4294967295	4294967295	0	4294967295	
73	2611128	-299.34	5.9	137.25	0	0	1	1	1	120	1	1	1	1	4294967295	3.40282e+38	0	3.40282e+38	4294967295	4294967295	4294967295	4294967295	4294967295	0	4294967295	
74	2611128	-274.76	5.45	57.51	0	0	1	1	1	120	1	1	1	1	4294967295	3.40282e+38	0	3.40282e+38	4294967295	4294967295	4294967295	4294967295	4294967295	0	4294967295	
75	2611128	-171.73	5.08	184.56	-0.019996	0	0.9998	5	1	120	1	8	5	2	4294967295	3.40282e+38	0	3.40282e+38	4294967295	4294967295	4294967295	4294967295	4294967295	0	4294967295	
76	2611128	-152.53	5	171.64	-0.994937	0	-0.100499	3	1	120	1	7	6	2	4294967295	3.40282e+38	0	3.40282e+38	4294967295	4294967295	4294967295	4294967295	4294967295	0	4294967295	
77	2611128	-226.63	5.33	60.74	0.0896377	0	-0.995974	3	1	120	1	9	7	2	4294967295	3.40282e+38	0	3.40282e+38	4294967295	4294967295	4294967295	4294967295	4294967295	0	4294967295	
78	2611128	-192.88	4.09	29.03	0	0	1	4	1	120	1	9	7	2	4294967295	3.40282e+38	0	3.40282e+38	4294967295	4294967295	4294967295	4294967295	4294967295	0	4294967295	
79	2611128	-162.2	5.04	177.48	0.932568	0	-0.360994	4	1	120	1	7	6	2	4294967295	3.40282e+38	0	3.40282e+38	4294967295	4294967295	4294967295	4294967295	4294967295	0	4294967295	
80	2611128	-121.35	3.71	150.53	-0.992734	0	-0.120331	5	1	120	1	7	5	2	4294967295	3.40282e+38	0	3.40282e+38	4294967295	4294967295	4294967295	4294967295	4294967295	0	4294967295	
81	2611128	-254.03	5.06	57.57	0	0	1	4	1	120	1	9	6	2	4294967295	3.40282e+38	0	3.40282e+38	4294967295	4294967295	4294967295	4294967295	4294967295	0	4294967295	
82	2611128	-219.96	5	177	0.848559	0	0.529101	4	1	120	1	10	7	2	4294967295	3.40282e+38	0	3.40282e+38	4294967295	4294967295	4294967295	4294967295	4294967295	0	4294967295	
83	2611128	-161.07	4.89	36.9	0	0	1	3	1	120	1	7	5	2	4294967295	3.40282e+38	0	3.40282e+38	4294967295	4294967295	4294967295	4294967295	4294967295	0	4294967295	
84	2611128	-241.13	4.2	162.07	0.691905	0	0.721988	3	1	120	1	8	5	2	4294967295	3.40282e+38	0	3.40282e+38	4294967295	4294967295	4294967295	4294967295	4294967295	0	4294967295	
85	2611128	-255.93	5.81	162.21	0	0	1	6	1	120	1	7	4	2	4294967295	3.40282e+38	0	3.40282e+38	4294967295	4294967295	4294967295	4294967295	4294967295	0	4294967295	
86	2611128	-134.91	5	151.69	0	0	1	5	1	120	1	8	5	1	4294967295	3.40282e+38	0	3.40282e+38	4294967295	4294967295	4294967295	4294967295	4294967295	0	4294967295	
87	2611128	-121.12	6.61	92.45	0	0	1	7	1	120	1	10	7	1	4294967295	3.40282e+38	0	3.40282e+38	4294967295	4294967295	4294967295	4294967295	4294967295	0	4294967295	
88	2611128	-110.64	9.57	115.62	0	0	1	5	1	120	1	8	5	1	4294967295	3.40282e+38	0	3.40282e+38	4294967295	4294967295	4294967295	4294967295	4294967295	0	4294967295	
89	2611128	-120.56	8.23	106.83	0	0	1	5	1	120	1	7	4	1	4294967295	3.40282e+38	0	3.40282e+38	4294967295	4294967295	4294967295	4294967295	4294967295	0	4294967295	
90	2611128	-181.14	5.22	33.99	0	0	1	5	1	120	1	6	5	1	4294967295	3.40282e+38	0	3.40282e+38	4294967295	4294967295	4294967295	4294967295	4294967295	0	4294967295	
91	2611128	-241.67	4.82	77.13	0	0	1	5	1	120	1	8	6	1	4294967295	3.40282e+38	0	3.40282e+38	4294967295	4294967295	4294967295	4294967295	4294967295	0	4294967295	
92	1413116	-249.8	5.29	100.18	0	0	1	3	1	120	1	9	5	1	4294967295	3.40282e+38	0	3.40282e+38	4294967295	4294967295	4294967295	4294967295	4294967295	0	4294967295	
93	1413116	-229.14	4.81	16.14	0	0	1	5	1	120	1	10	6	1	4294967295	3.40282e+38	0	3.40282e+38	4294967295	4294967295	4294967295	4294967295	4294967295	0	4294967295	
94	1413116	-204.84	5.39	52.84	0	0	1	5	1	120	1	11	7	1	4294967295	3.40282e+38	0	3.40282e+38	4294967295	4294967295	4294967295	4294967295	4294967295	0	4294967295	
95	1413116	-174.3	4.55	64.15	0	0	1	5	1	120	1	9	5	1	4294967295	3.40282e+38	0	3.40282e+38	4294967295	4294967295	4294967295	4294967295	4294967295	0	4294967295	
96	1413116	-131.46	5	63.38	0	0	1	5	1	120	1	11	7	1	4294967295	3.40282e+38	0	3.40282e+38	4294967295	4294967295	4294967295	4294967295	4294967295	0	4294967295	
97	1413116	-158.88	3.81	110.24	0	0	1	5	1	120	1	10	6	1	4294967295	3.40282e+38	0	3.40282e+38	4294967295	4294967295	4294967295	4294967295	4294967295	0	4294967295	
98	1413116	-194	4.53	147.05	0	0	1	5	1	120	1	10	8	1	4294967295	3.40282e+38	0	3.40282e+38	4294967295	4294967295	4294967295	4294967295	4294967295	0	4294967295	
99	1413116	-195.44	4.07	179.93	0	0	1	5	1	120	1	9	6	1	4294967295	3.40282e+38	0	3.40282e+38	4294967295	4294967295	4294967295	4294967295	4294967295	0	4294967295	
100	2611128	-221.28	5.5	37.46	0	0	1	1	1	120	1	1	1	1	4294967295	3.40282e+38	0	3.40282e+38	4294967295	4294967295	4294967295	4294967295	4294967295	0	4294967295	
101	2611128	-150.74	4.3	70.88	0	0	1	1	1	120	1	1	1	1	4294967295	3.40282e+38	0	3.40282e+38	4294967295	4294967295	4294967295	4294967295	4294967295	0	4294967295	
102	2611128	-159.24	3.84	140.61	0	0	1	1	1	120	1	1	1	1	4294967295	3.40282e+38	0	3.40282e+38	4294967295	4294967295	4294967295	4294967295	4294967295	0	4294967295	
103	6011258	-224.64	5.59	159.53	0	0	1	1	1	120	2	1	1	1	40	3.40282e+38	0	3.40282e+38	4294967295	4294967295	4294967295	4294967295	4294967295	0	4294967295	
104	6011258	-171.34	4.5	167.73	0	0	1	1	1	120	2	1	1	1	41	3.40282e+38	0	3.40282e+38	4294967295	4294967295	4294967295	4294967295	4294967295	0	4294967295	
105	6011258	-132.83	6.08	102.27	0	0	1	1	1	120	2	1	1	1	42	3.40282e+38	0	3.40282e+38	4294967295	4294967295	4294967295	4294967295	4294967295	0	4294967295	
106	6011258	-179.68	5.45	18.64	0	0	1	1	1	120	2	1	1	1	43	3.40282e+38	0	3.40282e+38	4294967295	4294967295	4294967295	4294967295	4294967295	0	4294967295	
107	6011258	-235.81	5	50.19	0	0	1	1	1	120	2	1	1	1	44	3.40282e+38	0	3.40282e+38	4294967295	4294967295	4294967295	4294967295	4294967295	0	4294967295	
108	6011258	-241.04	4.44	117.11	0	0	1	1	1	120	2	1	1	1	45	0	0	0	4294967295	4294967295	4294967295	4294967295	10	1	4294967295	
109	6011258	-178.06	3.26	117.43	0	0	1	1	1	120	2	1	1	1	46	0	0	0	4294967295	4294967295	4294967295	4294967295	11	1	4294967295	
110	6011258	-202.8	4.47	73.67	0	0	1	1	1	120	2	1	1	1	47	0	0	0	4294967295	4294967295	4294967295	4294967295	12	1	4294967295	
111	2611128	-245.06	5.45	20.66	0	0	1	1	1	120	1	1	1	1	4294967295	3.40282e+38	0	3.40282e+38	4294967295	4294967295	4294967295	4294967295	4294967295	0	4294967295	
112	2611128	-167.14	4.82	85.15	0	0	1	1	1	120	1	1	1	1	4294967295	3.40282e+38	0	3.40282e+38	4294967295	4294967295	4294967295	4294967295	4294967295	0	4294967295	
113	2611128	-191.11	4.99	197.97	0	0	1	1	1	120	1	1	1	1	4294967295	3.40282e+38	0	3.40282e+38	4294967295	4294967295	4294967295	4294967295	4294967295	0	4294967295	
114	2611128	-238.34	6.02	139.5	0	0	1	1	1	120	1	1	1	1	4294967295	3.40282e+38	0	3.40282e+38	4294967295	4294967295	4294967295	4294967295	4294967295	0	4294967295	
115	6011258	-236.41	3.54	115.87	0	0	1	1	1	120	3	1	1	1	4294967295	4.63	0	1.24	4294967295	4294967295	4294967295	4294967295	10	0	4294967295	
116	6011258	-182.09	3.27	115.06	0	0	1	1	1	120	3	1	1	1	4294967295	4.02	0	2.37	4294967295	4294967295	4294967295	4294967295	11	0	4294967295	
117	6011258	-201.45	3.65	78.43	0	0	1	1	1	120	3	1	1	1	4294967295	1.35	0	4.75	4294967295	4294967295	4294967295	4294967295	12	0	4294967295	
118	2312134	-67.58	5.07	252.35	0	0	1	5	1	120	1	12	10	1	4294967295	3.40282e+38	0	3.40282e+38	4294967295	4294967295	4294967295	4294967295	4294967295	0	4294967295	
119	3211140	-50.13	4.22	190.75	0	0	1	5	1	120	1	9	6	1	4294967295	3.40282e+38	0	3.40282e+38	4294967295	4294967295	4294967295	4294967295	4294967295	0	4294967295	
120	3211140	-50.02	4.75	224.4	0	0	1	5	1	120	1	10	7	1	4294967295	3.40282e+38	0	3.40282e+38	4294967295	4294967295	4294967295	4294967295	4294967295	0	4294967295	
121	3211140	-45.32	3.44	247.13	0	0	1	5	1	120	1	10	7	1	4294967295	3.40282e+38	0	3.40282e+38	4294967295	4294967295	4294967295	4294967295	4294967295	0	4294967295	
122	2133107	66.03	5.51	10.41	-0.24018	0	0.970728	3	1	120	1	6	4	2	4294967295	3.40282e+38	0	3.40282e+38	4294967295	4294967295	4294967295	4294967295	4294967295	0	4294967295	
123	2133107	52.96	7.95	14.59	-0.221187	0	0.975232	3	1	120	1	7	4	2	4294967295	3.40282e+38	0	3.40282e+38	4294967295	4294967295	4294967295	4294967295	4294967295	0	4294967295	
124	3212110	139.78	32.77	245.96	0	0	1	5	1	120	1	12	10	1	4294967295	3.40282e+38	0	3.40282e+38	4294967295	4294967295	4294967295	4294967295	4294967295	0	4294967295	
125	3211137	112.42	33.98	243.24	0	0	1	5	1	120	1	11	9	1	4294967295	3.40282e+38	0	3.40282e+38	4294967295	4294967295	4294967295	4294967295	4294967295	0	4294967295	
126	2131119	173.01	28.32	249	0	0	1	1	1	120	2	1	1	1	22	0	0	0	4294967295	4294967295	4294967295	4294967295	8	1	4294967295	
127	2131119	177.48	27.78	247.13	0	0	1	1	1	120	3	1	1	1	4294967295	4.47	0	1.88	4294967295	4294967295	4294967295	4294967295	8	0	4294967295	
128	1713161	247.63	12.02	185.79	0	0	1	3	1	120	1	5	4	1	4294967295	3.40282e+38	0	3.40282e+38	4294967295	4294967295	4294967295	4294967295	4294967295	0	4294967295	
129	1713161	255.29	4.99	40.85	0	0	1	1	1	120	1	4	2	1	4294967295	3.40282e+38	0	3.40282e+38	4294967295	4294967295	4294967295	4294967295	4294967295	0	4294967295	
130	1713161	236.77	5.2	48.04	0	0	1	3	1	120	1	4	3	1	4294967295	3.40282e+38	0	3.40282e+38	4294967295	4294967295	4294967295	4294967295	4294967295	0	4294967295	
131	2132149	237.55	11.38	178.95	0	0	1	5	1	120	1	7	5	1	4294967295	3.40282e+38	0	3.40282e+38	4294967295	4294967295	4294967295	4294967295	4294967295	0	4294967295	
132	2132149	250.22	5	121.44	0	0	1	5	1	120	1	9	6	1	4294967295	3.40282e+38	0	3.40282e+38	4294967295	4294967295	4294967295	4294967295	4294967295	0	4294967295	
133	2132149	252.77	8.26	166.3	0	0	1	5	1	120	1	8	6	1	4294967295	3.40282e+38	0	3.40282e+38	4294967295	4294967295	4294967295	4294967295	4294967295	0	4294967295	
134	2132149	243.53	5.44	56.49	0	0	1	5	1	120	1	7	5	1	4294967295	3.40282e+38	0	3.40282e+38	4294967295	4294967295	4294967295	4294967295	4294967295	0	4294967295	
135	9611140	229.22	3.48	160.67	0	0	1	7	1	120	1	8	6	1	4294967295	3.40282e+38	0	3.40282e+38	4294967295	4294967295	4294967295	4294967295	4294967295	0	4294967295	
136	9611140	206.36	3.51	177.49	0	0	1	5	1	120	1	7	5	1	4294967295	3.40282e+38	0	3.40282e+38	4294967295	4294967295	4294967295	4294967295	4294967295	0	4294967295	
137	9611140	186.79	3.28	195.57	0	0	1	7	1	120	1	8	6	1	4294967295	3.40282e+38	0	3.40282e+38	4294967295	4294967295	4294967295	4294967295	4294967295	0	4294967295	
138	2132149	231.05	5.46	68.61	0	0	1	1	1	120	2	1	1	1	23	3.40282e+38	0	3.40282e+38	4294967295	4294967295	4294967295	4294967295	4294967295	0	4294967295	
139	1713161	209.49	5.02	85.73	0	0	1	1	1	120	1	1	1	1	4294967295	3.40282e+38	0	3.40282e+38	4294967295	4294967295	4294967295	4294967295	4294967295	0	4294967295	
140	2132149	215.75	5	102.35	0	0	1	1	1	120	1	1	1	1	4294967295	3.40282e+38	0	3.40282e+38	4294967295	4294967295	4294967295	4294967295	4294967295	0	4294967295	
141	2132149	235.98	5	139	0	0	1	1	1	120	2	1	1	1	28	0	0	0	4294967295	4294967295	4294967295	4294967295	9	1	4294967295	
142	1713161	238.97	5	136.22	0	0	1	1	1	120	3	1	1	1	4294967295	2.99	0	2.78	4294967295	4294967295	4294967295	4294967295	9	0	4294967295	
143	8111113	42.89	5.44	207.13	0	0	1	1	1	120	2	1	1	2	48	3.40282e+38	0	3.40282e+38	4294967295	4294967295	4294967295	4294967295	4294967295	0	4294967295	
144	8111113	8.98	5.87	204.01	0	0	1	4	1	120	1	5	4	2	4294967295	3.40282e+38	0	3.40282e+38	4294967295	4294967295	4294967295	4294967295	4294967295	0	4294967295	
145	8111113	14.14	5.6	223.45	0	0	1	3	1	120	1	5	4	2	4294967295	3.40282e+38	0	3.40282e+38	4294967295	4294967295	4294967295	4294967295	4294967295	0	4294967295	
146	8111113	102.92	6.63	207.51	0	0	1	4	1	120	1	5	4	2	4294967295	3.40282e+38	0	3.40282e+38	4294967295	4294967295	4294967295	4294967295	4294967295	0	4294967295	
147	8111113	78.2	6.46	216.69	0	0	1	4	1	120	1	5	3	2	4294967295	3.40282e+38	0	3.40282e+38	4294967295	4294967295	4294967295	4294967295	4294967295	0	4294967295	
148	8111113	18.57	5.34	175.26	0	0	1	1	1	120	2	1	1	2	49	3.40282e+38	0	3.40282e+38	4294967295	4294967295	4294967295	4294967295	4294967295	0	4294967295	
149	8111113	56.74	7.48	235.44	0	0	1	3	1	120	1	5	4	2	4294967295	3.40282e+38	0	3.40282e+38	4294967295	4294967295	4294967295	4294967295	4294967295	0	4294967295	
150	8111113	27.84	6.67	239.54	0	0	1	4	1	120	1	5	3	2	4294967295	3.40282e+38	0	3.40282e+38	4294967295	4294967295	4294967295	4294967295	4294967295	0	4294967295	
151	8111113	128.54	5.2	203.18	0	0	1	4	1	120	1	5	3	2	4294967295	3.40282e+38	0	3.40282e+38	4294967295	4294967295	4294967295	4294967295	4294967295	0	4294967295	
152	8111113	55.17	5.13	192.03	0	0	1	3	1	120	1	5	4	2	4294967295	3.40282e+38	0	3.40282e+38	4294967295	4294967295	4294967295	4294967295	4294967295	0	4294967295	
153	2312134	58.85	5.11	216.57	0	0	1	5	1	120	1	9	6	1	4294967295	3.40282e+38	0	3.40282e+38	4294967295	4294967295	4294967295	4294967295	4294967295	0	4294967295	
154	2312134	32.8	5	224.64	0	0	1	3	1	120	1	10	7	1	4294967295	3.40282e+38	0	3.40282e+38	4294967295	4294967295	4294967295	4294967295	4294967295	0	4294967295	
155	2312134	26.63	5.5	204	0	0	1	5	1	120	1	9	6	1	4294967295	3.40282e+38	0	3.40282e+38	4294967295	4294967295	4294967295	4294967295	4294967295	0	4294967295	
156	2312134	35.19	5	187.24	0	0	1	5	1	120	1	9	7	1	4294967295	3.40282e+38	0	3.40282e+38	4294967295	4294967295	4294967295	4294967295	4294967295	0	4294967295	
157	2312134	76.67	5	196.81	0	0	1	5	1	120	1	11	7	1	4294967295	3.40282e+38	0	3.40282e+38	4294967295	4294967295	4294967295	4294967295	4294967295	0	4294967295	
158	2312134	97	5	187.34	0	0	1	3	1	120	1	10	6	1	4294967295	3.40282e+38	0	3.40282e+38	4294967295	4294967295	4294967295	4294967295	4294967295	0	4294967295	
159	2312134	79.67	6.25	174.4	0	0	1	3	1	120	1	10	8	1	4294967295	3.40282e+38	0	3.40282e+38	4294967295	4294967295	4294967295	4294967295	4294967295	0	4294967295	
160	2312134	56.87	5.58	171.46	0	0	1	5	1	120	1	10	8	1	4294967295	3.40282e+38	0	3.40282e+38	4294967295	4294967295	4294967295	4294967295	4294967295	0	4294967295	
161	2312134	33.27	3.36	161.71	0	0	1	5	1	120	1	6	4	1	4294967295	3.40282e+38	0	3.40282e+38	4294967295	4294967295	4294967295	4294967295	4294967295	0	4294967295	
162	2312134	51.98	4.92	149.9	0	0	1	5	1	120	1	11	7	1	4294967295	3.40282e+38	0	3.40282e+38	4294967295	4294967295	4294967295	4294967295	4294967295	0	4294967295	
163	2312134	60.64	5	128.51	0	0	1	3	1	120	1	8	6	1	4294967295	3.40282e+38	0	3.40282e+38	4294967295	4294967295	4294967295	4294967295	4294967295	0	4294967295	
164	5722104	383.91	19.18	103.08	-0.821109	0	0.570771	3	1	120	1	8	15	2	4294967295	3.40282e+38	0	3.40282e+38	4294967295	4294967295	4294967295	4294967295	4294967295	0	4294967295	
165	1713161	291.21	5.04	184.91	0	0	1	3	1	120	1	5	3	1	4294967295	3.40282e+38	0	3.40282e+38	4294967295	4294967295	4294967295	4294967295	4294967295	0	4294967295	
166	1713161	306.51	4.15	173.93	0	0	1	3	1	120	1	4	3	1	4294967295	3.40282e+38	0	3.40282e+38	4294967295	4294967295	4294967295	4294967295	4294967295	0	4294967295	
167	1713161	321.28	5.36	18.06	0	0	1	1	1	120	1	4	2	1	4294967295	3.40282e+38	0	3.40282e+38	4294967295	4294967295	4294967295	4294967295	4294967295	0	4294967295	
168	1713161	306.26	5.86	23.12	0	0	1	3	1	120	1	6	4	1	4294967295	3.40282e+38	0	3.40282e+38	4294967295	4294967295	4294967295	4294967295	4294967295	0	4294967295	
169	1713161	259.14	5.11	98.67	0	0	1	1	1	120	1	4	2	1	4294967295	3.40282e+38	0	3.40282e+38	4294967295	4294967295	4294967295	4294967295	4294967295	0	4294967295	
170	2132149	314.07	3.28	162.87	0	0	1	5	1	120	1	9	6	1	4294967295	3.40282e+38	0	3.40282e+38	4294967295	4294967295	4294967295	4294967295	4294967295	0	4294967295	
171	2132149	286.23	3.26	172.36	0	0	1	3	1	120	1	8	5	1	4294967295	3.40282e+38	0	3.40282e+38	4294967295	4294967295	4294967295	4294967295	4294967295	0	4294967295	
172	2132149	304.11	5.15	34.24	0	0	1	3	1	120	1	7	5	1	4294967295	3.40282e+38	0	3.40282e+38	4294967295	4294967295	4294967295	4294967295	4294967295	0	4294967295	
173	2132149	256.67	4.99	50.88	0	0	1	3	1	120	1	6	4	1	4294967295	3.40282e+38	0	3.40282e+38	4294967295	4294967295	4294967295	4294967295	4294967295	0	4294967295	
174	2132149	269.41	5	94.56	0	0	1	3	1	120	1	7	4	1	4294967295	3.40282e+38	0	3.40282e+38	4294967295	4294967295	4294967295	4294967295	4294967295	0	4294967295	
175	1713161	256.94	11.51	178.99	0	0	1	3	1	120	1	5	3	1	4294967295	3.40282e+38	0	3.40282e+38	4294967295	4294967295	4294967295	4294967295	4294967295	0	4294967295	
176	2132149	290.91	11.25	10.27	0	0	1	3	1	120	1	6	4	1	4294967295	3.40282e+38	0	3.40282e+38	4294967295	4294967295	4294967295	4294967295	4294967295	0	4294967295	
177	1713161	256.85	5.16	109.91	0	0	1	3	1	120	1	4	2	1	4294967295	3.40282e+38	0	3.40282e+38	4294967295	4294967295	4294967295	4294967295	4294967295	0	4294967295	
178	2132149	387.54	19.84	112.68	0	0	1	1	1	120	1	3	1	1	4294967295	3.40282e+38	0	3.40282e+38	4294967295	4294967295	4294967295	4294967295	4294967295	0	4294967295	
179	2132149	382.31	19.43	93.44	0	0	1	1	1	120	1	3	2	1	4294967295	3.40282e+38	0	3.40282e+38	4294967295	4294967295	4294967295	4294967295	4294967295	0	4294967295	
180	2132149	373.85	19.79	60.48	0	0	1	5	1	120	1	10	7	1	4294967295	3.40282e+38	0	3.40282e+38	4294967295	4294967295	4294967295	4294967295	4294967295	0	4294967295	
181	2132149	364.04	12.47	77.3	0	0	1	3	1	120	1	11	8	1	4294967295	3.40282e+38	0	3.40282e+38	4294967295	4294967295	4294967295	4294967295	4294967295	0	4294967295	
182	2132149	361.31	13.72	111.07	0	0	1	5	1	120	1	10	7	1	4294967295	3.40282e+38	0	3.40282e+38	4294967295	4294967295	4294967295	4294967295	4294967295	0	4294967295	
183	2132149	374.39	12.85	132.17	0	0	1	7	1	120	1	12	8	1	4294967295	3.40282e+38	0	3.40282e+38	4294967295	4294967295	4294967295	4294967295	4294967295	0	4294967295	
184	2132149	394.3	20.91	68.75	0	0	1	3	1	120	1	6	4	1	4294967295	3.40282e+38	0	3.40282e+38	4294967295	4294967295	4294967295	4294967295	4294967295	0	4294967295	
185	1713161	360.15	17.92	47.64	0	0	1	3	1	120	1	5	3	1	4294967295	3.40282e+38	0	3.40282e+38	4294967295	4294967295	4294967295	4294967295	4294967295	0	4294967295	
186	1713161	368.15	13.3	95.36	0	0	1	5	1	120	1	9	5	1	4294967295	3.40282e+38	0	3.40282e+38	4294967295	4294967295	4294967295	4294967295	4294967295	0	4294967295	
187	1713161	395.48	19.71	124.04	0	0	1	5	1	120	1	10	7	1	4294967295	3.40282e+38	0	3.40282e+38	4294967295	4294967295	4294967295	4294967295	4294967295	0	4294967295	
188	1713161	379.92	19.59	77.81	0	0	1	1	1	120	1	1	1	1	4294967295	3.40282e+38	0	3.40282e+38	4294967295	4294967295	4294967295	4294967295	4294967295	0	4294967295	
189	9611140	296.06	3.46	75.69	0	0	1	5	1	120	1	10	7	1	4294967295	3.40282e+38	0	3.40282e+38	4294967295	4294967295	4294967295	4294967295	4294967295	0	4294967295	
190	9611140	280.23	3.27	121.03	0	0	1	7	1	120	1	10	7	1	4294967295	3.40282e+38	0	3.40282e+38	4294967295	4294967295	4294967295	4294967295	4294967295	0	4294967295	
191	9611140	266.45	4.46	142.77	0	0	1	5	1	120	1	12	8	1	4294967295	3.40282e+38	0	3.40282e+38	4294967295	4294967295	4294967295	4294967295	4294967295	0	4294967295	
192	9611140	293.54	5.02	146.22	0	0	1	5	1	120	1	9	5	1	4294967295	3.40282e+38	0	3.40282e+38	4294967295	4294967295	4294967295	4294967295	4294967295	0	4294967295	
193	9611140	324.2	4.97	136.09	0	0	1	5	1	120	1	12	9	1	4294967295	3.40282e+38	0	3.40282e+38	4294967295	4294967295	4294967295	4294967295	4294967295	0	4294967295	
194	9611140	281.88	3.78	55.57	0	0	1	7	1	120	1	11	8	1	4294967295	3.40282e+38	0	3.40282e+38	4294967295	4294967295	4294967295	4294967295	4294967295	0	4294967295	
195	9611140	319.75	4.54	67.21	0	0	1	7	1	120	1	12	8	1	4294967295	3.40282e+38	0	3.40282e+38	4294967295	4294967295	4294967295	4294967295	4294967295	0	4294967295	
196	9611140	337.28	3.42	91.22	0	0	1	3	1	120	1	8	6	1	4294967295	3.40282e+38	0	3.40282e+38	4294967295	4294967295	4294967295	4294967295	4294967295	0	4294967295	
197	2132149	267	7.8	28.44	0	0	1	1	1	120	2	1	1	1	24	3.40282e+38	0	3.40282e+38	4294967295	4294967295	4294967295	4294967295	4294967295	0	4294967295	
198	2132149	302.24	6.33	50.35	0	0	1	1	1	120	2	1	1	1	25	3.40282e+38	0	3.40282e+38	4294967295	4294967295	4294967295	4294967295	4294967295	0	4294967295	
199	2132149	353.8	12.89	177.89	0	0	1	1	1	120	1	1	1	1	4294967295	3.40282e+38	0	3.40282e+38	4294967295	4294967295	4294967295	4294967295	4294967295	0	4294967295	
200	2132149	358.74	12.88	127.22	0	0	1	1	1	120	2	1	1	1	26	3.40282e+38	0	3.40282e+38	4294967295	4294967295	4294967295	4294967295	4294967295	0	4294967295	
201	2132149	331.82	5.4	159.45	0	0	1	1	1	120	2	1	1	1	27	3.40282e+38	0	3.40282e+38	4294967295	4294967295	4294967295	4294967295	4294967295	0	4294967295	
202	1751212	311.61	5.64	13.7	0	0	1	1	1	120	0	1	1	1	4294967295	3.40282e+38	0	3.40282e+38	4294967295	4294967295	4294967295	4294967295	4294967295	0	4294967295	
203	1760208	397.49	20.2	95.95	0	0	1	1	1	120	0	1	1	1	4294967295	3.40282e+38	0	3.40282e+38	4294967295	4294967295	4294967295	4294967295	4294967295	0	4294967295	
204	8111113	-129.7	5.15	301.43	0	0	1	4	1	120	1	5	4	2	4294967295	3.40282e+38	0	3.40282e+38	4294967295	4294967295	4294967295	4294967295	4294967295	0	4294967295	
205	8111113	-68.21	5.02	397.58	0	0	1	3	1	120	2	1	1	2	52	3.40282e+38	0	3.40282e+38	4294967295	4294967295	4294967295	4294967295	4294967295	0	4294967295	
206	8111113	-121.18	6.45	282.17	0	0	1	4	1	120	2	1	1	2	50	3.40282e+38	0	3.40282e+38	4294967295	4294967295	4294967295	4294967295	4294967295	0	4294967295	
207	8111113	-99.33	5.01	278.84	0	0	1	4	1	120	1	5	2	2	4294967295	3.40282e+38	0	3.40282e+38	4294967295	4294967295	4294967295	4294967295	4294967295	0	4294967295	
208	8111113	-88.35	4.66	309.5	0.987191	0	0.159546	4	1	120	1	10	8	2	4294967295	3.40282e+38	0	3.40282e+38	4294967295	4294967295	4294967295	4294967295	4294967295	0	4294967295	
209	8111113	-119.31	5.31	335.09	0.920691	0	0.390293	4	1	120	1	5	3	2	4294967295	3.40282e+38	0	3.40282e+38	4294967295	4294967295	4294967295	4294967295	4294967295	0	4294967295	
210	8111113	-37.02	4.62	289.83	0	0	1	3	1	120	2	1	1	2	51	3.40282e+38	0	3.40282e+38	4294967295	4294967295	4294967295	4294967295	4294967295	0	4294967295	
211	8111113	-73.04	5.21	445.87	0	0	1	3	1	120	2	1	1	2	53	3.40282e+38	0	3.40282e+38	4294967295	4294967295	4294967295	4294967295	4294967295	0	4294967295	
212	8111113	-72.61	7.63	275.55	0	0	1	5	1	120	1	5	3	2	4294967295	3.40282e+38	0	3.40282e+38	4294967295	4294967295	4294967295	4294967295	4294967295	0	4294967295	
213	8111113	-55.7	6.42	322.04	-0.559301	0	-0.828964	4	1	120	1	5	4	2	4294967295	3.40282e+38	0	3.40282e+38	4294967295	4294967295	4294967295	4294967295	4294967295	0	4294967295	
214	8111113	-76.11	5.91	346.12	0	0	1	3	1	120	1	5	5	2	4294967295	3.40282e+38	0	3.40282e+38	4294967295	4294967295	4294967295	4294967295	4294967295	0	4294967295	
215	8111113	-52.52	5.07	354.47	0	0	1	2	1	120	1	5	3	2	4294967295	3.40282e+38	0	3.40282e+38	4294967295	4294967295	4294967295	4294967295	4294967295	0	4294967295	
216	8111113	-171.3	19.54	446.62	0.940376	0	0.340136	2	1	120	1	5	4	2	4294967295	3.40282e+38	0	3.40282e+38	4294967295	4294967295	4294967295	4294967295	4294967295	0	4294967295	
217	8111113	-177.48	14.65	470.96	0.995974	0	0.0896377	4	1	120	1	5	3	2	4294967295	3.40282e+38	0	3.40282e+38	4294967295	4294967295	4294967295	4294967295	4294967295	0	4294967295	
218	8111113	-149.28	7.62	491.5	0	0	1	3	1	120	1	5	4	2	4294967295	3.40282e+38	0	3.40282e+38	4294967295	4294967295	4294967295	4294967295	4294967295	0	4294967295	
219	8111113	-132.47	15.85	466.04	0	0	1	3	1	120	1	5	4	2	4294967295	3.40282e+38	0	3.40282e+38	4294967295	4294967295	4294967295	4294967295	4294967295	0	4294967295	
220	8111113	-110.92	4.45	486.85	0	0	1	5	1	120	1	7	5	2	4294967295	3.40282e+38	0	3.40282e+38	4294967295	4294967295	4294967295	4294967295	4294967295	0	4294967295	
221	5811131	-191.19	4.41	510.43	0.517419	0	0.855732	1	1	120	2	1	1	1	60	3.40282e+38	0	3.40282e+38	4294967295	4294967295	4294967295	4294967295	4294967295	0	4294967295	
222	2312134	-51.83	5.85	274.57	0	0	1	5	1	120	1	11	8	1	4294967295	3.40282e+38	0	3.40282e+38	4294967295	4294967295	4294967295	4294967295	4294967295	0	4294967295	
223	2312134	-49.3	5.7	306.02	0	0	1	3	1	120	1	10	9	1	4294967295	3.40282e+38	0	3.40282e+38	4294967295	4294967295	4294967295	4294967295	4294967295	0	4294967295	
224	2312134	-64.24	6.13	293.82	0	0	1	5	1	120	1	11	7	1	4294967295	3.40282e+38	0	3.40282e+38	4294967295	4294967295	4294967295	4294967295	4294967295	0	4294967295	
225	2312134	-85.55	6.22	290.29	0	0	1	3	1	120	1	11	7	1	4294967295	3.40282e+38	0	3.40282e+38	4294967295	4294967295	4294967295	4294967295	4294967295	0	4294967295	
226	2312134	-88.64	6.61	260.59	0	0	1	7	1	120	1	11	7	1	4294967295	3.40282e+38	0	3.40282e+38	4294967295	4294967295	4294967295	4294967295	4294967295	0	4294967295	
227	2312134	-110.39	10.52	262.1	0	0	1	5	1	120	1	10	7	1	4294967295	3.40282e+38	0	3.40282e+38	4294967295	4294967295	4294967295	4294967295	4294967295	0	4294967295	
228	2312134	-130.43	6.52	263.44	0	0	1	5	1	120	1	11	7	1	4294967295	3.40282e+38	0	3.40282e+38	4294967295	4294967295	4294967295	4294967295	4294967295	0	4294967295	
229	2312134	-141.1	5.84	283.6	0	0	1	5	1	120	1	12	9	1	4294967295	3.40282e+38	0	3.40282e+38	4294967295	4294967295	4294967295	4294967295	4294967295	0	4294967295	
230	2312134	-108.68	5.69	295.97	0	0	1	5	1	120	1	12	8	1	4294967295	3.40282e+38	0	3.40282e+38	4294967295	4294967295	4294967295	4294967295	4294967295	0	4294967295	
231	2312134	-72.39	5.07	316.05	0	0	1	5	1	120	1	10	6	1	4294967295	3.40282e+38	0	3.40282e+38	4294967295	4294967295	4294967295	4294967295	4294967295	0	4294967295	
232	2312134	-43.12	6.41	339.19	0	0	1	5	1	120	1	11	7	1	4294967295	3.40282e+38	0	3.40282e+38	4294967295	4294967295	4294967295	4294967295	4294967295	0	4294967295	
233	2312134	-90.74	5.51	332.3	0	0	1	7	1	120	1	12	9	1	4294967295	3.40282e+38	0	3.40282e+38	4294967295	4294967295	4294967295	4294967295	4294967295	0	4294967295	
234	2312134	-107.7	5.63	316.73	0	0	1	3	1	120	1	11	7	1	4294967295	3.40282e+38	0	3.40282e+38	4294967295	4294967295	4294967295	4294967295	4294967295	0	4294967295	
235	2312134	-92.35	6.37	355.57	0	0	1	5	1	120	1	12	9	1	4294967295	3.40282e+38	0	3.40282e+38	4294967295	4294967295	4294967295	4294967295	4294967295	0	4294967295	
236	2312134	-90.66	5.02	463.33	0	0	1	5	1	120	1	8	7	1	4294967295	3.40282e+38	0	3.40282e+38	4294967295	4294967295	4294967295	4294967295	4294967295	0	4294967295	
237	2312134	-204.4	19.85	449.87	0	0	1	3	1	120	1	10	7	1	4294967295	3.40282e+38	0	3.40282e+38	4294967295	4294967295	4294967295	4294967295	4294967295	0	4294967295	
238	2312134	-157.23	15.98	464.06	0	0	1	3	1	120	1	10	6	1	4294967295	3.40282e+38	0	3.40282e+38	4294967295	4294967295	4294967295	4294967295	4294967295	0	4294967295	
239	2312134	-166.27	8.31	484	0	0	1	5	1	120	1	11	6	1	4294967295	3.40282e+38	0	3.40282e+38	4294967295	4294967295	4294967295	4294967295	4294967295	0	4294967295	
240	2312134	-113.69	5.42	470.69	0	0	1	5	1	120	1	11	7	1	4294967295	3.40282e+38	0	3.40282e+38	4294967295	4294967295	4294967295	4294967295	4294967295	0	4294967295	
241	3211140	-32.63	3.48	265.83	0	0	1	3	1	120	1	9	5	1	4294967295	3.40282e+38	0	3.40282e+38	4294967295	4294967295	4294967295	4294967295	4294967295	0	4294967295	
242	3211140	-20.15	3.31	283.2	0	0	1	5	1	120	1	8	6	1	4294967295	3.40282e+38	0	3.40282e+38	4294967295	4294967295	4294967295	4294967295	4294967295	0	4294967295	
243	3211140	-35.39	5.84	317.92	0	0	1	3	1	120	1	9	6	1	4294967295	3.40282e+38	0	3.40282e+38	4294967295	4294967295	4294967295	4294967295	4294967295	0	4294967295	
244	3211140	-31.64	3.27	359.29	0	0	1	5	1	120	1	11	8	1	4294967295	3.40282e+38	0	3.40282e+38	4294967295	4294967295	4294967295	4294967295	4294967295	0	4294967295	
245	3211140	-67.72	5.13	372.43	0	0	1	7	1	120	1	12	8	1	4294967295	3.40282e+38	0	3.40282e+38	4294967295	4294967295	4294967295	4294967295	4294967295	0	4294967295	
246	3211140	-47.74	3.27	379.98	0	0	1	5	1	120	1	9	7	1	4294967295	3.40282e+38	0	3.40282e+38	4294967295	4294967295	4294967295	4294967295	4294967295	0	4294967295	
247	3211140	-53.56	3.69	412.12	0	0	1	5	1	120	1	10	7	1	4294967295	3.40282e+38	0	3.40282e+38	4294967295	4294967295	4294967295	4294967295	4294967295	0	4294967295	
248	3211140	-56.25	3.81	437.7	0	0	1	3	1	120	1	8	5	1	4294967295	3.40282e+38	0	3.40282e+38	4294967295	4294967295	4294967295	4294967295	4294967295	0	4294967295	
249	3211140	-72.6	3.27	465.84	0	0	1	5	1	120	1	10	6	1	4294967295	3.40282e+38	0	3.40282e+38	4294967295	4294967295	4294967295	4294967295	4294967295	0	4294967295	
250	3211140	-89.11	3.25	480.71	0	0	1	5	1	120	1	9	8	1	4294967295	3.40282e+38	0	3.40282e+38	4294967295	4294967295	4294967295	4294967295	4294967295	0	4294967295	
251	3211140	-130.06	5.35	485.55	0	0	1	3	1	120	1	11	6	1	4294967295	3.40282e+38	0	3.40282e+38	4294967295	4294967295	4294967295	4294967295	4294967295	0	4294967295	
252	3211140	-127.66	3.41	504.89	0	0	1	3	1	120	1	9	6	1	4294967295	3.40282e+38	0	3.40282e+38	4294967295	4294967295	4294967295	4294967295	4294967295	0	4294967295	
253	2312134	-115.13	6.36	353.26	0	0	1	5	1	120	1	11	7	1	4294967295	3.40282e+38	0	3.40282e+38	4294967295	4294967295	4294967295	4294967295	4294967295	0	4294967295	
254	2312134	-141.8	19.24	450.9	0	0	1	5	1	120	1	9	5	1	4294967295	3.40282e+38	0	3.40282e+38	4294967295	4294967295	4294967295	4294967295	4294967295	0	4294967295	
255	5611179	-242.8	19.94	474.01	0	0	1	1	1	120	1	3	2	1	4294967295	3.40282e+38	0	3.40282e+38	4294967295	4294967295	4294967295	4294967295	4294967295	0	4294967295	
256	1712249	-230.01	16.54	477.45	0	0	1	3	1	120	1	8	5	1	4294967295	3.40282e+38	0	3.40282e+38	4294967295	4294967295	4294967295	4294967295	4294967295	0	4294967295	
257	1712249	-241.35	16.94	487.91	0	0	1	7	1	120	1	8	6	1	4294967295	3.40282e+38	0	3.40282e+38	4294967295	4294967295	4294967295	4294967295	4294967295	0	4294967295	
258	1712249	-236.28	20	459.94	0	0	1	5	1	120	1	6	4	1	4294967295	3.40282e+38	0	3.40282e+38	4294967295	4294967295	4294967295	4294967295	4294967295	0	4294967295	
259	1712249	-255.57	22.19	488.34	0	0	1	1	1	120	2	1	1	1	59	3.40282e+38	0	3.40282e+38	4294967295	4294967295	4294967295	4294967295	4294967295	0	4294967295	
260	1712249	-211.22	11.88	498.94	0	0	1	1	1	120	2	1	1	1	64	0	0	0	4294967295	4294967295	4294967295	4294967295	14	1	4294967295	
261	1712249	-209.12	11.87	496.66	0	0	1	1	1	120	3	1	1	1	4294967295	2.1	0	2.28	4294967295	4294967295	4294967295	4294967295	14	0	4294967295	
262	1760208	-240.51	19.99	469.22	0	0	1	1	1	120	0	1	1	1	4294967295	3.40282e+38	0	3.40282e+38	4294967295	4294967295	4294967295	4294967295	4294967295	0	4294967295	
263	3212110	215.1	28.93	343.32	0	0	1	3	1	120	1	10	7	2	4294967295	3.40282e+38	0	3.40282e+38	4294967295	4294967295	4294967295	4294967295	4294967295	0	4294967295	
264	3212110	241.92	31.84	336.39	-0.987191	0	0.159546	3	1	120	1	10	8	2	4294967295	3.40282e+38	0	3.40282e+38	4294967295	4294967295	4294967295	4294967295	4294967295	0	4294967295	
265	3212110	130.11	28.45	360.31	0	0	1	4	1	120	1	11	7	2	4294967295	3.40282e+38	0	3.40282e+38	4294967295	4294967295	4294967295	4294967295	4294967295	0	4294967295	
266	9611134	40.02	4.3	411.83	0.911734	0	0.410781	1	1	120	1	7	4	2	4294967295	3.40282e+38	0	3.40282e+38	4294967295	4294967295	4294967295	4294967295	4294967295	0	4294967295	
267	3212110	182.74	28	359.7	0	0	1	4	1	120	1	11	8	2	4294967295	3.40282e+38	0	3.40282e+38	4294967295	4294967295	4294967295	4294967295	4294967295	0	4294967295	
268	3212110	152.26	28	350.58	0	0	1	4	1	120	1	10	9	2	4294967295	3.40282e+38	0	3.40282e+38	4294967295	4294967295	4294967295	4294967295	4294967295	0	4294967295	
269	3212110	72.95	29.05	361.9	0	0	1	4	1	120	1	10	7	2	4294967295	3.40282e+38	0	3.40282e+38	4294967295	4294967295	4294967295	4294967295	4294967295	0	4294967295	
270	2131119	252.03	5.08	471.86	-0.6	0	0.8	3	1	120	1	9	6	2	4294967295	3.40282e+38	0	3.40282e+38	4294967295	4294967295	4294967295	4294967295	4294967295	0	4294967295	
271	2131119	236.16	7.13	458.42	-0.6	0	0.8	3	1	120	1	8	5	2	4294967295	3.40282e+38	0	3.40282e+38	4294967295	4294967295	4294967295	4294967295	4294967295	0	4294967295	
272	2131119	205.89	14.95	439.41	0	0	1	1	1	120	2	1	1	2	65	3.40282e+38	0	3.40282e+38	4294967295	4294967295	4294967295	4294967295	4294967295	0	4294967295	
273	3212110	106.73	28.03	349.64	0	0	1	3	1	120	1	10	7	1	4294967295	3.40282e+38	0	3.40282e+38	4294967295	4294967295	4294967295	4294967295	4294967295	0	4294967295	
274	3212110	163.8	31.19	266.3	-0.920691	0	0.390293	5	1	120	1	11	6	2	4294967295	3.40282e+38	0	3.40282e+38	4294967295	4294967295	4294967295	4294967295	4294967295	0	4294967295	
275	3212110	215.93	32.01	256.02	0	0	1	3	1	120	1	10	6	2	4294967295	3.40282e+38	0	3.40282e+38	4294967295	4294967295	4294967295	4294967295	4294967295	0	4294967295	
276	3212110	196.83	32.43	260.83	0	0	1	3	1	120	1	11	5	2	4294967295	3.40282e+38	0	3.40282e+38	4294967295	4294967295	4294967295	4294967295	4294967295	0	4294967295	
277	5611176	249.63	5	459.68	0	0	1	1	1	120	1	3	2	1	4294967295	3.40282e+38	0	3.40282e+38	4294967295	4294967295	4294967295	4294967295	4294967295	0	4294967295	
278	2131119	221.73	4.23	497.34	0	0	1	5	1	120	1	12	8	1	4294967295	3.40282e+38	0	3.40282e+38	4294967295	4294967295	4294967295	4294967295	4294967295	0	4294967295	
279	1814107	208.67	3.26	476.58	0	0	1	5	1	120	1	9	6	1	4294967295	3.40282e+38	0	3.40282e+38	4294967295	4294967295	4294967295	4294967295	4294967295	0	4294967295	
280	1814107	243.12	3.51	499.93	0	0	1	5	1	120	1	8	5	1	4294967295	3.40282e+38	0	3.40282e+38	4294967295	4294967295	4294967295	4294967295	4294967295	0	4294967295	
281	1814107	169.66	3.63	443.68	0	0	1	3	1	120	1	7	5	1	4294967295	3.40282e+38	0	3.40282e+38	4294967295	4294967295	4294967295	4294967295	4294967295	0	4294967295	
282	2311116	61.92	5.71	485.92	0	0	1	5	1	120	1	12	8	1	4294967295	3.40282e+38	0	3.40282e+38	4294967295	4294967295	4294967295	4294967295	4294967295	0	4294967295	
283	2311116	37.17	4.61	494.9	0	0	1	7	1	120	1	13	8	1	4294967295	3.40282e+38	0	3.40282e+38	4294967295	4294967295	4294967295	4294967295	4294967295	0	4294967295	
284	2311116	21.83	6.01	471.94	0	0	1	5	1	120	1	11	7	1	4294967295	3.40282e+38	0	3.40282e+38	4294967295	4294967295	4294967295	4294967295	4294967295	0	4294967295	
285	2311116	43.55	4.34	463	0	0	1	5	1	120	1	11	7	1	4294967295	3.40282e+38	0	3.40282e+38	4294967295	4294967295	4294967295	4294967295	4294967295	0	4294967295	
286	2311116	14.99	4.31	444.64	0	0	1	5	1	120	1	12	8	1	4294967295	3.40282e+38	0	3.40282e+38	4294967295	4294967295	4294967295	4294967295	4294967295	0	4294967295	
287	2311116	59.86	3.92	445.12	0	0	1	5	1	120	1	9	6	1	4294967295	3.40282e+38	0	3.40282e+38	4294967295	4294967295	4294967295	4294967295	4294967295	0	4294967295	
288	2311116	39.81	3.58	436.35	0	0	1	5	1	120	1	12	9	1	4294967295	3.40282e+38	0	3.40282e+38	4294967295	4294967295	4294967295	4294967295	4294967295	0	4294967295	
289	2311116	12.67	4.31	420.22	0	0	1	5	1	120	1	12	9	1	4294967295	3.40282e+38	0	3.40282e+38	4294967295	4294967295	4294967295	4294967295	4294967295	0	4294967295	
290	2311116	67.91	3.73	422	0	0	1	5	1	120	1	11	7	1	4294967295	3.40282e+38	0	3.40282e+38	4294967295	4294967295	4294967295	4294967295	4294967295	0	4294967295	
291	2311116	86.55	5.37	437.06	0	0	1	5	1	120	1	11	8	1	4294967295	3.40282e+38	0	3.40282e+38	4294967295	4294967295	4294967295	4294967295	4294967295	0	4294967295	
292	2311116	104.47	4.32	421	0	0	1	5	1	120	1	12	8	1	4294967295	3.40282e+38	0	3.40282e+38	4294967295	4294967295	4294967295	4294967295	4294967295	0	4294967295	
293	2311116	111.22	5	450.69	0	0	1	5	1	120	1	11	8	1	4294967295	3.40282e+38	0	3.40282e+38	4294967295	4294967295	4294967295	4294967295	4294967295	0	4294967295	
294	2311116	84.66	5.59	484.28	0	0	1	5	1	120	1	8	6	1	4294967295	3.40282e+38	0	3.40282e+38	4294967295	4294967295	4294967295	4294967295	4294967295	0	4294967295	
295	2311116	104.57	5	469.77	0	0	1	3	1	120	1	8	6	1	4294967295	3.40282e+38	0	3.40282e+38	4294967295	4294967295	4294967295	4294967295	4294967295	0	4294967295	
296	2311116	21.1	4.1	400.99	0	0	1	3	1	120	1	9	7	1	4294967295	3.40282e+38	0	3.40282e+38	4294967295	4294967295	4294967295	4294967295	4294967295	0	4294967295	
297	2311116	60.19	3.78	401.57	0	0	1	5	1	120	1	9	6	1	4294967295	3.40282e+38	0	3.40282e+38	4294967295	4294967295	4294967295	4294967295	4294967295	0	4294967295	
298	2311116	85.87	3.94	406.57	0	0	1	5	1	120	1	10	7	1	4294967295	3.40282e+38	0	3.40282e+38	4294967295	4294967295	4294967295	4294967295	4294967295	0	4294967295	
299	2311116	125.22	4.34	408.32	0	0	1	5	1	120	1	11	9	1	4294967295	3.40282e+38	0	3.40282e+38	4294967295	4294967295	4294967295	4294967295	4294967295	0	4294967295	
300	2311116	148.68	4.23	424.48	0	0	1	5	1	120	1	12	7	1	4294967295	3.40282e+38	0	3.40282e+38	4294967295	4294967295	4294967295	4294967295	4294967295	0	4294967295	
301	2311116	147.87	5.82	449.32	0	0	1	5	1	120	1	12	8	1	4294967295	3.40282e+38	0	3.40282e+38	4294967295	4294967295	4294967295	4294967295	4294967295	0	4294967295	
302	2311116	126.89	5.36	433.39	0	0	1	3	1	120	1	11	7	1	4294967295	3.40282e+38	0	3.40282e+38	4294967295	4294967295	4294967295	4294967295	4294967295	0	4294967295	
303	2311116	184.23	4.69	465.71	0	0	1	5	1	120	1	11	7	1	4294967295	3.40282e+38	0	3.40282e+38	4294967295	4294967295	4294967295	4294967295	4294967295	0	4294967295	
304	3212110	128.34	32.21	277.9	0	0	1	5	1	120	1	12	7	1	4294967295	3.40282e+38	0	3.40282e+38	4294967295	4294967295	4294967295	4294967295	4294967295	0	4294967295	
305	3212110	100.96	31.71	265.55	0	0	1	5	1	120	1	11	7	1	4294967295	3.40282e+38	0	3.40282e+38	4294967295	4294967295	4294967295	4294967295	4294967295	0	4294967295	
306	3212110	75.42	32.04	288.93	0	0	1	5	1	120	1	12	8	1	4294967295	3.40282e+38	0	3.40282e+38	4294967295	4294967295	4294967295	4294967295	4294967295	0	4294967295	
307	3212110	24.75	30.28	300.62	0	0	1	5	1	120	1	12	9	1	4294967295	3.40282e+38	0	3.40282e+38	4294967295	4294967295	4294967295	4294967295	4294967295	0	4294967295	
308	3212110	29.18	31.08	353.32	0	0	1	5	1	120	1	10	6	1	4294967295	3.40282e+38	0	3.40282e+38	4294967295	4294967295	4294967295	4294967295	4294967295	0	4294967295	
309	3211137	156.77	27.7	374.52	0	0	1	5	1	120	1	12	8	1	4294967295	3.40282e+38	0	3.40282e+38	4294967295	4294967295	4294967295	4294967295	4294967295	0	4294967295	
310	3211137	200.31	31.41	320.39	0	0	1	5	1	120	1	11	7	1	4294967295	3.40282e+38	0	3.40282e+38	4294967295	4294967295	4294967295	4294967295	4294967295	0	4294967295	
311	3211137	170.11	31.35	303.98	0	0	1	5	1	120	1	10	7	1	4294967295	3.40282e+38	0	3.40282e+38	4294967295	4294967295	4294967295	4294967295	4294967295	0	4294967295	
312	3211137	119.49	30.25	319.14	0	0	1	5	1	120	1	10	7	1	4294967295	3.40282e+38	0	3.40282e+38	4294967295	4294967295	4294967295	4294967295	4294967295	0	4294967295	
313	3211137	149.65	32.6	298.24	0	0	1	5	1	120	1	10	7	1	4294967295	3.40282e+38	0	3.40282e+38	4294967295	4294967295	4294967295	4294967295	4294967295	0	4294967295	
314	3211137	102.91	32.5	293.82	0	0	1	5	1	120	1	11	7	1	4294967295	3.40282e+38	0	3.40282e+38	4294967295	4294967295	4294967295	4294967295	4294967295	0	4294967295	
315	3211137	66.9	29.44	320.22	0	0	1	3	1	120	1	10	8	1	4294967295	3.40282e+38	0	3.40282e+38	4294967295	4294967295	4294967295	4294967295	4294967295	0	4294967295	
316	3211137	39.62	29.21	314.79	0	0	1	1	1	120	1	9	6	1	4294967295	3.40282e+38	0	3.40282e+38	4294967295	4294967295	4294967295	4294967295	4294967295	0	4294967295	
317	3211137	25.49	30.32	332.53	0	0	1	3	1	120	1	9	7	1	4294967295	3.40282e+38	0	3.40282e+38	4294967295	4294967295	4294967295	4294967295	4294967295	0	4294967295	
318	3211137	174.96	28.8	333.56	0	0	1	5	1	120	1	12	8	1	4294967295	3.40282e+38	0	3.40282e+38	4294967295	4294967295	4294967295	4294967295	4294967295	0	4294967295	
319	3211137	53.23	29.43	348.04	0	0	1	5	1	120	1	12	8	1	4294967295	3.40282e+38	0	3.40282e+38	4294967295	4294967295	4294967295	4294967295	4294967295	0	4294967295	
320	3211137	7.94	32.15	365.39	0	0	1	5	1	120	1	11	6	1	4294967295	3.40282e+38	0	3.40282e+38	4294967295	4294967295	4294967295	4294967295	4294967295	0	4294967295	
321	3211137	49.28	31.91	290.6	0	0	1	7	1	120	1	12	8	1	4294967295	3.40282e+38	0	3.40282e+38	4294967295	4294967295	4294967295	4294967295	4294967295	0	4294967295	
322	3211137	206.91	31.75	285	0	0	1	7	1	120	1	11	7	1	4294967295	3.40282e+38	0	3.40282e+38	4294967295	4294967295	4294967295	4294967295	4294967295	0	4294967295	
323	3211137	92.15	29.32	324.67	0	0	1	1	1	120	1	8	6	1	4294967295	3.40282e+38	0	3.40282e+38	4294967295	4294967295	4294967295	4294967295	4294967295	0	4294967295	
324	2131119	174.85	26.39	376.97	0	0	1	1	1	120	2	1	1	1	20	0	0	0	4294967295	4294967295	4294967295	4294967295	6	1	4294967295	
325	2131119	172.55	24.53	380.28	0	0	1	1	1	120	3	1	1	1	4294967295	2.3	0	3.31	4294967295	4294967295	4294967295	4294967295	6	0	4294967295	
326	2131119	11.33	32.91	348.67	0	0	1	1	1	120	3	1	1	1	4294967295	0.93	0	3.1	4294967295	4294967295	4294967295	4294967295	7	0	4294967295	
327	2131119	12.26	31.93	345.57	0	0	1	1	1	120	2	1	1	1	21	0	0	0	4294967295	4294967295	4294967295	4294967295	7	1	4294967295	
328	1754105	87.17	5	501.14	0	0	1	1	1	120	0	1	1	1	4294967295	3.40282e+38	0	3.40282e+38	4294967295	4294967295	4294967295	4294967295	4294967295	0	4294967295	
329	4711137	247.09	32	266.74	0	0	1	1	1	120	1	8	8	1	4294967295	3.40282e+38	0	3.40282e+38	4294967295	4294967295	4294967295	4294967295	4294967295	0	4294967295	
330	4711137	244.1	31.51	278.38	0	0	1	1	1	120	1	8	8	1	4294967295	3.40282e+38	0	3.40282e+38	4294967295	4294967295	4294967295	4294967295	4294967295	0	4294967295	
331	4711137	235.88	32	256.35	0	0	1	1	1	120	1	8	8	1	4294967295	3.40282e+38	0	3.40282e+38	4294967295	4294967295	4294967295	4294967295	4294967295	0	4294967295	
332	4711137	229.61	31.25	272.57	0	0	1	1	1	120	1	8	8	1	4294967295	3.40282e+38	0	3.40282e+38	4294967295	4294967295	4294967295	4294967295	4294967295	0	4294967295	
333	1712210	311.9	9.39	445.68	-0.410781	0	0.911734	1	1	120	0	1	1	2	4294967295	3.40282e+38	0	3.40282e+38	4294967295	4294967295	4294967295	4294967295	4294967295	0	4294967295	
334	2131119	305.65	5	490.05	0	0	1	4	1	120	1	8	6	2	4294967295	3.40282e+38	0	3.40282e+38	4294967295	4294967295	4294967295	4294967295	4294967295	0	4294967295	
335	2131119	321.75	5.03	483.74	0	0	1	4	1	120	1	9	5	1	4294967295	3.40282e+38	0	3.40282e+38	4294967295	4294967295	4294967295	4294967295	4294967295	0	4294967295	
336	2131119	306.14	9.57	441.36	-0.258902	0	0.965904	1	1	120	0	1	1	2	4294967295	3.40282e+38	0	3.40282e+38	4294967295	4294967295	4294967295	4294967295	4294967295	0	4294967295	
337	2131119	318.21	9.44	445.9	-0.289177	0	0.957276	1	1	120	0	1	1	2	4294967295	3.40282e+38	0	3.40282e+38	4294967295	4294967295	4294967295	4294967295	4294967295	0	4294967295	
338	2131119	259.44	5.15	453.28	0	0	1	3	1	120	1	8	6	1	4294967295	3.40282e+38	0	3.40282e+38	4294967295	4294967295	4294967295	4294967295	4294967295	0	4294967295	
339	2131119	298.31	5.82	469.43	0	0	1	3	1	120	1	8	7	2	4294967295	3.40282e+38	0	3.40282e+38	4294967295	4294967295	4294967295	4294967295	4294967295	0	4294967295	
340	5611176	314.17	5.45	472.95	0	0	1	1	1	120	1	3	1	1	4294967295	3.40282e+38	0	3.40282e+38	4294967295	4294967295	4294967295	4294967295	4294967295	0	4294967295	
341	2131119	276.38	5.68	492.19	0	0	1	7	1	120	1	12	7	1	4294967295	3.40282e+38	0	3.40282e+38	4294967295	4294967295	4294967295	4294967295	4294967295	0	4294967295	
342	2131119	280.03	5.48	458.33	0	0	1	1	1	120	2	1	1	1	15	3.40282e+38	0	3.40282e+38	4294967295	4294967295	4294967295	4294967295	4294967295	0	4294967295	
343	1814107	263.14	3.27	511.53	0	0	1	3	1	120	1	6	4	1	4294967295	3.40282e+38	0	3.40282e+38	4294967295	4294967295	4294967295	4294967295	4294967295	0	4294967295	
344	1814107	286.3	3.27	511.79	0	0	1	3	1	120	1	6	3	1	4294967295	3.40282e+38	0	3.40282e+38	4294967295	4294967295	4294967295	4294967295	4294967295	0	4294967295	
345	5611176	303.25	5.94	452.48	0	0	1	1	1	120	1	3	1	1	4294967295	3.40282e+38	0	3.40282e+38	4294967295	4294967295	4294967295	4294967295	4294967295	0	4294967295	
346	2131119	327.34	8.11	454.91	0	0	1	5	1	120	1	8	6	1	4294967295	3.40282e+38	0	3.40282e+38	4294967295	4294967295	4294967295	4294967295	4294967295	0	4294967295	
347	2131119	292.17	5.77	445.45	0	0	1	3	1	120	1	7	5	1	4294967295	3.40282e+38	0	3.40282e+38	4294967295	4294967295	4294967295	4294967295	4294967295	0	4294967295	
348	6212119	261.99	32.22	275.05	-0.985286	0	0.170917	1	1	120	1	10	5	2	4294967295	3.40282e+38	0	3.40282e+38	4294967295	4294967295	4294967295	4294967295	4294967295	0	4294967295	
349	1751202	308.11	5	460	0	0	1	1	1	120	0	1	1	1	4294967295	3.40282e+38	0	3.40282e+38	4294967295	4294967295	4294967295	4294967295	4294967295	0	4294967295	
350	4711137	265.15	33.13	271.72	0	0	1	1	1	120	1	6	8	1	4294967295	3.40282e+38	0	3.40282e+38	4294967295	4294967295	4294967295	4294967295	4294967295	0	4294967295	
351	4711137	261.97	32.03	281.43	0	0	1	1	1	120	1	6	8	1	4294967295	3.40282e+38	0	3.40282e+38	4294967295	4294967295	4294967295	4294967295	4294967295	0	4294967295	
352	5612164	-8.96	5.57	683.59	0	0	1	1	1	120	1	2	1	1	4294967295	3.40282e+38	0	3.40282e+38	4294967295	4294967295	4294967295	4294967295	4294967295	0	4294967295	
353	5612164	-2.66	5.19	635.19	0	0	1	1	1	120	1	2	1	1	4294967295	3.40282e+38	0	3.40282e+38	4294967295	4294967295	4294967295	4294967295	4294967295	0	4294967295	
354	2132146	-11.39	3.03	667	0	0	1	3	1	120	1	5	4	1	4294967295	3.40282e+38	0	3.40282e+38	4294967295	4294967295	4294967295	4294967295	4294967295	0	4294967295	
355	2132146	-0.84	5.07	679.9	0	0	1	1	1	120	1	4	3	1	4294967295	3.40282e+38	0	3.40282e+38	4294967295	4294967295	4294967295	4294967295	4294967295	0	4294967295	
356	2132146	-5.56	5.42	645	0	0	1	3	1	120	1	7	4	1	4294967295	3.40282e+38	0	3.40282e+38	4294967295	4294967295	4294967295	4294967295	4294967295	0	4294967295	
357	3211140	-145.08	3.27	517.64	0	0	1	7	1	120	1	10	7	1	4294967295	3.40282e+38	0	3.40282e+38	4294967295	4294967295	4294967295	4294967295	4294967295	0	4294967295	
358	5611179	-112.88	5.67	528.2	0	0	1	1	1	120	1	3	2	1	4294967295	3.40282e+38	0	3.40282e+38	4294967295	4294967295	4294967295	4294967295	4294967295	0	4294967295	
359	5611179	-142.8	10.93	576.96	0	0	1	1	1	120	1	3	1	1	4294967295	3.40282e+38	0	3.40282e+38	4294967295	4294967295	4294967295	4294967295	4294967295	0	4294967295	
360	5611179	-133.7	19.06	621.99	0	0	1	1	1	120	1	3	2	1	4294967295	3.40282e+38	0	3.40282e+38	4294967295	4294967295	4294967295	4294967295	4294967295	0	4294967295	
361	5611179	-233.77	19.61	606.38	0	0	1	1	1	120	1	3	2	1	4294967295	3.40282e+38	0	3.40282e+38	4294967295	4294967295	4294967295	4294967295	4294967295	0	4294967295	
362	5611179	-229.32	11.86	556.56	0	0	1	1	1	120	1	3	1	1	4294967295	3.40282e+38	0	3.40282e+38	4294967295	4294967295	4294967295	4294967295	4294967295	0	4294967295	
363	1712249	-122.12	5.05	529.19	0	0	1	5	1	120	1	7	6	1	4294967295	3.40282e+38	0	3.40282e+38	4294967295	4294967295	4294967295	4294967295	4294967295	0	4294967295	
364	1712249	-129.39	5.12	541.25	0	0	1	7	1	120	1	8	4	1	4294967295	3.40282e+38	0	3.40282e+38	4294967295	4294967295	4294967295	4294967295	4294967295	0	4294967295	
365	1712249	-113.14	10.2	540.92	0	0	1	7	1	120	1	8	5	1	4294967295	3.40282e+38	0	3.40282e+38	4294967295	4294967295	4294967295	4294967295	4294967295	0	4294967295	
366	1712249	-100.67	13.33	531.27	0	0	1	1	1	120	2	1	1	1	54	3.40282e+38	0	3.40282e+38	4294967295	4294967295	4294967295	4294967295	4294967295	0	4294967295	
367	1712249	-146.07	6.31	567.15	0	0	1	3	1	120	1	7	6	1	4294967295	3.40282e+38	0	3.40282e+38	4294967295	4294967295	4294967295	4294967295	4294967295	0	4294967295	
368	1712249	-135.35	11.91	590.71	0	0	1	5	1	120	1	6	4	1	4294967295	3.40282e+38	0	3.40282e+38	4294967295	4294967295	4294967295	4294967295	4294967295	0	4294967295	
369	1712249	-121.35	13.73	581.97	0	0	1	1	1	120	2	1	1	1	55	3.40282e+38	0	3.40282e+38	4294967295	4294967295	4294967295	4294967295	4294967295	0	4294967295	
370	1712249	-151.5	10.27	582.6	0	0	1	5	1	120	1	7	5	1	4294967295	3.40282e+38	0	3.40282e+38	4294967295	4294967295	4294967295	4294967295	4294967295	0	4294967295	
371	1712249	-151.6	19.43	628.85	0	0	1	5	1	120	1	7	4	1	4294967295	3.40282e+38	0	3.40282e+38	4294967295	4294967295	4294967295	4294967295	4294967295	0	4294967295	
372	1712249	-118.3	19.87	614.85	0	0	1	3	1	120	1	6	5	1	4294967295	3.40282e+38	0	3.40282e+38	4294967295	4294967295	4294967295	4294967295	4294967295	0	4294967295	
373	1712249	-137.59	16.21	610.92	0	0	1	5	1	120	1	6	5	1	4294967295	3.40282e+38	0	3.40282e+38	4294967295	4294967295	4294967295	4294967295	4294967295	0	4294967295	
374	1712249	-150.58	16.02	614.99	0	0	1	1	1	120	2	1	1	1	56	3.40282e+38	0	3.40282e+38	4294967295	4294967295	4294967295	4294967295	4294967295	0	4294967295	
375	1712249	-226.26	19.82	617.36	0	0	1	5	1	120	1	8	5	1	4294967295	3.40282e+38	0	3.40282e+38	4294967295	4294967295	4294967295	4294967295	4294967295	0	4294967295	
376	1712249	-244.83	19.68	598.94	0	0	1	5	1	120	1	8	6	1	4294967295	3.40282e+38	0	3.40282e+38	4294967295	4294967295	4294967295	4294967295	4294967295	0	4294967295	
377	1712249	-220.54	16.63	605.95	0	0	1	5	1	120	1	7	5	1	4294967295	3.40282e+38	0	3.40282e+38	4294967295	4294967295	4294967295	4294967295	4294967295	0	4294967295	
378	1712249	-230.22	16.17	594.07	0	0	1	1	1	120	2	1	1	1	57	3.40282e+38	0	3.40282e+38	4294967295	4294967295	4294967295	4294967295	4294967295	0	4294967295	
379	1712249	-219.98	9.8	549.86	0	0	1	3	1	120	1	7	4	1	4294967295	3.40282e+38	0	3.40282e+38	4294967295	4294967295	4294967295	4294967295	4294967295	0	4294967295	
380	1712249	-243.31	15.43	558.39	0	0	1	5	1	120	1	7	5	1	4294967295	3.40282e+38	0	3.40282e+38	4294967295	4294967295	4294967295	4294967295	4294967295	0	4294967295	
381	1712249	-224.84	11.99	567.24	0	0	1	5	1	120	1	8	5	1	4294967295	3.40282e+38	0	3.40282e+38	4294967295	4294967295	4294967295	4294967295	4294967295	0	4294967295	
382	1712249	-241.99	14.9	537.87	0	0	1	1	1	120	2	1	1	1	58	3.40282e+38	0	3.40282e+38	4294967295	4294967295	4294967295	4294967295	4294967295	0	4294967295	
383	1712249	-96.2	16.1	567.36	0	0	1	1	1	120	2	1	1	1	61	3.40282e+38	0	3.40282e+38	4294967295	4294967295	4294967295	4294967295	4294967295	0	4294967295	
384	1712249	-188.16	12.25	597.62	0	0	1	1	1	120	2	1	1	1	62	0	0	0	4294967295	4294967295	4294967295	4294967295	15	1	4294967295	
385	1712249	-187.82	12.95	601.73	0	0	1	1	1	120	3	1	1	1	4294967295	0.33	0	4.11	4294967295	4294967295	4294967295	4294967295	15	0	4294967295	
386	1751202	-4.87	5.1	681.13	0	0	1	1	1	120	0	1	1	1	4294967295	3.40282e+38	0	3.40282e+38	4294967295	4294967295	4294967295	4294967295	4294967295	0	4294967295	
387	1751212	-117.7	5.03	523.34	0	0	1	1	1	120	0	1	1	1	4294967295	3.40282e+38	0	3.40282e+38	4294967295	4294967295	4294967295	4294967295	4294967295	0	4294967295	
388	1760303	-233.57	19.87	612.27	0.681604	0	-0.731722	1	1	120	0	1	1	1	4294967295	3.40282e+38	0	3.40282e+38	4294967295	4294967295	4294967295	4294967295	4294967295	0	4294967295	
389	2131119	206.64	5	548.27	0.741298	0	0.671176	5	1	120	1	8	5	2	4294967295	3.40282e+38	0	3.40282e+38	4294967295	4294967295	4294967295	4294967295	4294967295	0	4294967295	
390	2131119	213.01	5.28	526.8	-0.6	0	-0.8	5	1	120	1	7	4	2	4294967295	3.40282e+38	0	3.40282e+38	4294967295	4294967295	4294967295	4294967295	4294967295	0	4294967295	
391	2131119	231.3	5.36	602.17	0.360994	0	-0.932568	3	1	120	1	7	5	2	4294967295	3.40282e+38	0	3.40282e+38	4294967295	4294967295	4294967295	4294967295	4294967295	0	4294967295	
392	5612161	55.87	6.19	698.91	0	0	1	1	1	120	1	3	2	1	4294967295	3.40282e+38	0	3.40282e+38	4294967295	4294967295	4294967295	4294967295	4294967295	0	4294967295	
393	2132143	71.87	5.16	714.15	0	0	1	3	1	120	1	6	4	1	4294967295	3.40282e+38	0	3.40282e+38	4294967295	4294967295	4294967295	4294967295	4294967295	0	4294967295	
394	2132143	44.91	5.41	695.9	0	0	1	3	1	120	1	7	5	1	4294967295	3.40282e+38	0	3.40282e+38	4294967295	4294967295	4294967295	4294967295	4294967295	0	4294967295	
395	2132143	68.49	5	693.77	0	0	1	1	1	120	2	1	1	1	8	3.40282e+38	0	3.40282e+38	4294967295	4294967295	4294967295	4294967295	4294967295	0	4294967295	
396	2132143	85.38	5.16	715.88	0	0	1	1	1	120	2	1	1	1	6	3.40282e+38	0	3.40282e+38	4294967295	4294967295	4294967295	4294967295	4294967295	0	4294967295	
397	2132143	83.74	5.13	727.38	0	0	1	1	1	120	2	1	1	1	5	3.40282e+38	0	3.40282e+38	4294967295	4294967295	4294967295	4294967295	4294967295	0	4294967295	
398	5612164	31.07	5.13	601.46	0	0	1	1	1	120	1	3	1	1	4294967295	3.40282e+38	0	3.40282e+38	4294967295	4294967295	4294967295	4294967295	4294967295	0	4294967295	
399	5612164	64.67	5.06	642.56	0	0	1	1	1	120	1	2	1	1	4294967295	3.40282e+38	0	3.40282e+38	4294967295	4294967295	4294967295	4294967295	4294967295	0	4294967295	
400	2132146	63.2	3.27	655.02	0	0	1	3	1	120	1	7	5	1	4294967295	3.40282e+38	0	3.40282e+38	4294967295	4294967295	4294967295	4294967295	4294967295	0	4294967295	
401	2132146	59.04	5.28	625.94	0	0	1	3	1	120	1	7	5	1	4294967295	3.40282e+38	0	3.40282e+38	4294967295	4294967295	4294967295	4294967295	4294967295	0	4294967295	
402	2132146	55.96	5.11	638.48	0	0	1	5	1	120	1	7	5	1	4294967295	3.40282e+38	0	3.40282e+38	4294967295	4294967295	4294967295	4294967295	4294967295	0	4294967295	
403	2132146	5.06	5.02	628	0	0	1	3	1	120	1	7	5	1	4294967295	3.40282e+38	0	3.40282e+38	4294967295	4294967295	4294967295	4294967295	4294967295	0	4294967295	
404	2132146	7.01	5.2	641.21	0	0	1	5	1	120	1	8	6	1	4294967295	3.40282e+38	0	3.40282e+38	4294967295	4294967295	4294967295	4294967295	4294967295	0	4294967295	
405	2132146	24.09	5.75	608.85	0	0	1	1	1	120	1	7	5	1	4294967295	3.40282e+38	0	3.40282e+38	4294967295	4294967295	4294967295	4294967295	4294967295	0	4294967295	
406	2132146	39.97	5.14	594	0	0	1	3	1	120	1	7	5	1	4294967295	3.40282e+38	0	3.40282e+38	4294967295	4294967295	4294967295	4294967295	4294967295	0	4294967295	
407	2132146	34.67	5.07	612.62	0	0	1	3	1	120	1	8	6	1	4294967295	3.40282e+38	0	3.40282e+38	4294967295	4294967295	4294967295	4294967295	4294967295	0	4294967295	
408	2132146	2.39	4.93	688.97	0	0	1	3	1	120	1	5	4	1	4294967295	3.40282e+38	0	3.40282e+38	4294967295	4294967295	4294967295	4294967295	4294967295	0	4294967295	
409	2132146	32.02	5.06	683.28	0	0	1	1	1	120	2	1	1	1	9	3.40282e+38	0	3.40282e+38	4294967295	4294967295	4294967295	4294967295	4294967295	0	4294967295	
410	2132146	52.04	5.13	667.19	0	0	1	1	1	120	2	1	1	1	10	3.40282e+38	0	3.40282e+38	4294967295	4294967295	4294967295	4294967295	4294967295	0	4294967295	
411	2132146	14.23	5.3	650.91	0	0	1	1	1	120	2	1	1	1	11	3.40282e+38	0	3.40282e+38	4294967295	4294967295	4294967295	4294967295	4294967295	0	4294967295	
412	2132146	24.86	3.27	629.23	0	0	1	1	1	120	2	1	1	1	12	3.40282e+38	0	3.40282e+38	4294967295	4294967295	4294967295	4294967295	4294967295	0	4294967295	
413	2132146	42.37	5.04	626.51	0	0	1	1	1	120	2	1	1	1	13	3.40282e+38	0	3.40282e+38	4294967295	4294967295	4294967295	4294967295	4294967295	0	4294967295	
414	5611176	205.13	5	537.2	0	0	1	1	1	120	1	3	1	1	4294967295	3.40282e+38	0	3.40282e+38	4294967295	4294967295	4294967295	4294967295	4294967295	0	4294967295	
415	5611176	219.94	5	601.22	0	0	1	1	1	120	1	3	1	1	4294967295	3.40282e+38	0	3.40282e+38	4294967295	4294967295	4294967295	4294967295	4294967295	0	4294967295	
416	2131119	218.63	5.69	541.78	-0.99955	0	-0.0299865	5	1	120	1	9	6	2	4294967295	3.40282e+38	0	3.40282e+38	4294967295	4294967295	4294967295	4294967295	4294967295	0	4294967295	
417	2131119	213.32	5.18	590.09	-0.6	0	0.8	3	1	120	1	8	6	2	4294967295	3.40282e+38	0	3.40282e+38	4294967295	4294967295	4294967295	4294967295	4294967295	0	4294967295	
418	2131119	240.86	5.34	592.79	0.731722	0	-0.681604	3	1	120	1	7	6	2	4294967295	3.40282e+38	0	3.40282e+38	4294967295	4294967295	4294967295	4294967295	4294967295	0	4294967295	
419	2131119	233.71	5.01	565.63	0	0	1	1	1	120	2	1	1	1	19	3.40282e+38	0	3.40282e+38	4294967295	4294967295	4294967295	4294967295	4294967295	0	4294967295	
420	2131119	244.48	3.81	517.41	0	0	1	1	1	120	2	1	1	1	14	3.40282e+38	0	3.40282e+38	4294967295	4294967295	4294967295	4294967295	4294967295	0	4294967295	
421	2311116	38.95	4.27	521.41	0	0	1	5	1	120	1	12	9	1	4294967295	3.40282e+38	0	3.40282e+38	4294967295	4294967295	4294967295	4294967295	4294967295	0	4294967295	
422	2311116	43.24	3.48	548.04	0	0	1	5	1	120	1	12	8	1	4294967295	3.40282e+38	0	3.40282e+38	4294967295	4294967295	4294967295	4294967295	4294967295	0	4294967295	
423	1751202	65.53	5.14	637.74	0	0	1	1	1	120	0	1	1	1	4294967295	3.40282e+38	0	3.40282e+38	4294967295	4294967295	4294967295	4294967295	4294967295	0	4294967295	
424	1751202	208.03	5	533.91	0	0	1	1	1	120	0	1	1	1	4294967295	3.40282e+38	0	3.40282e+38	4294967295	4294967295	4294967295	4294967295	4294967295	0	4294967295	
425	2131119	335.93	6.19	562.45	-0.950666	0	0.310217	4	1	120	1	8	5	2	4294967295	3.40282e+38	0	3.40282e+38	4294967295	4294967295	4294967295	4294967295	4294967295	0	4294967295	
426	2131119	333.32	5.82	551.61	0	0	1	2	1	120	1	8	4	1	4294967295	3.40282e+38	0	3.40282e+38	4294967295	4294967295	4294967295	4294967295	4294967295	0	4294967295	
427	2131119	345.59	5.6	553.8	0	0	1	4	1	120	1	7	5	2	4294967295	3.40282e+38	0	3.40282e+38	4294967295	4294967295	4294967295	4294967295	4294967295	0	4294967295	
428	2131119	281.68	5.71	596.34	-0.920691	0	0.390293	5	1	120	1	7	4	7	4294967295	3.40282e+38	0	3.40282e+38	4294967295	4294967295	4294967295	4294967295	4294967295	0	4294967295	
429	2131119	364.02	5	546.44	-0.998752	0	0.0499376	1	1	120	0	1	1	2	4294967295	3.40282e+38	0	3.40282e+38	4294967295	4294967295	4294967295	4294967295	4294967295	0	4294967295	
430	2131119	274.51	5.27	606.46	-0.8	0	-0.6	2	1	120	1	7	5	2	4294967295	3.40282e+38	0	3.40282e+38	4294967295	4294967295	4294967295	4294967295	4294967295	0	4294967295	
431	2131119	293.9	5.88	602.53	-0.98172	0	0.190333	3	1	120	1	8	5	2	4294967295	3.40282e+38	0	3.40282e+38	4294967295	4294967295	4294967295	4294967295	4294967295	0	4294967295	
432	2131119	363.44	5.01	540.86	-0.8	0	0.6	1	1	120	0	1	1	2	4294967295	3.40282e+38	0	3.40282e+38	4294967295	4294967295	4294967295	4294967295	4294967295	0	4294967295	
433	5611176	350.06	5.45	566.03	0	0	1	1	1	120	1	2	1	1	4294967295	3.40282e+38	0	3.40282e+38	4294967295	4294967295	4294967295	4294967295	4294967295	0	4294967295	
434	5611176	286.02	5.68	609.8	0	0	1	1	1	120	1	2	1	1	4294967295	3.40282e+38	0	3.40282e+38	4294967295	4294967295	4294967295	4294967295	4294967295	0	4294967295	
435	2131119	264.56	4.83	578.73	0	0	1	1	1	120	2	1	1	2	18	3.40282e+38	0	3.40282e+38	4294967295	4294967295	4294967295	4294967295	4294967295	0	4294967295	
436	2131119	305.8	5.76	568.56	0	0	1	1	1	120	2	1	1	1	17	3.40282e+38	0	3.40282e+38	4294967295	4294967295	4294967295	4294967295	4294967295	0	4294967295	
437	2131119	315	4.89	524.88	0	0	1	1	1	120	1	1	1	1	4294967295	3.40282e+38	0	3.40282e+38	4294967295	4294967295	4294967295	4294967295	4294967295	0	4294967295	
438	2131119	338.16	5.62	516.61	0	0	1	5	1	120	1	12	9	1	4294967295	3.40282e+38	0	3.40282e+38	4294967295	4294967295	4294967295	4294967295	4294967295	0	4294967295	
439	1814107	302.15	3.29	524.67	0	0	1	3	1	120	1	5	4	1	4294967295	3.40282e+38	0	3.40282e+38	4294967295	4294967295	4294967295	4294967295	4294967295	0	4294967295	
440	1814107	301.39	3.27	546.47	0	0	1	5	1	120	1	7	4	1	4294967295	3.40282e+38	0	3.40282e+38	4294967295	4294967295	4294967295	4294967295	4294967295	0	4294967295	
441	1814107	287.91	3.72	563.49	0	0	1	5	1	120	1	6	4	1	4294967295	3.40282e+38	0	3.40282e+38	4294967295	4294967295	4294967295	4294967295	4294967295	0	4294967295	
442	1814107	259.83	3.6	557.72	0	0	1	3	1	120	1	5	3	1	4294967295	3.40282e+38	0	3.40282e+38	4294967295	4294967295	4294967295	4294967295	4294967295	0	4294967295	
443	1751202	343.07	5.45	567.08	0	0	1	1	1	120	0	1	1	1	4294967295	3.40282e+38	0	3.40282e+38	4294967295	4294967295	4294967295	4294967295	4294967295	0	4294967295	
444	5612161	133.1	6.08	870.79	0	0	1	1	1	120	1	3	2	1	4294967295	3.40282e+38	0	3.40282e+38	4294967295	4294967295	4294967295	4294967295	4294967295	0	4294967295	
445	2132143	133.56	5.65	859.58	0	0	1	3	1	120	1	8	6	1	4294967295	3.40282e+38	0	3.40282e+38	4294967295	4294967295	4294967295	4294967295	4294967295	0	4294967295	
446	2132143	143.03	6.42	880.78	0	0	1	3	1	120	1	6	5	1	4294967295	3.40282e+38	0	3.40282e+38	4294967295	4294967295	4294967295	4294967295	4294967295	0	4294967295	
447	2132143	145.76	5.94	866.84	0	0	1	1	1	120	2	1	1	1	7	3.40282e+38	0	3.40282e+38	4294967295	4294967295	4294967295	4294967295	4294967295	0	4294967295	
448	2132143	252.37	6.67	895.4	0	0	1	1	1	120	2	1	1	1	1	3.40282e+38	0	3.40282e+38	4294967295	4294967295	4294967295	4294967295	4294967295	0	4294967295	
449	2132143	158.22	6.49	875.98	0	0	1	1	1	120	2	1	1	1	2	3.40282e+38	0	3.40282e+38	4294967295	4294967295	4294967295	4294967295	4294967295	0	4294967295	
450	2132143	146.99	5.82	850.93	0	0	1	1	1	120	2	1	1	1	4	3.40282e+38	0	3.40282e+38	4294967295	4294967295	4294967295	4294967295	4294967295	0	4294967295	
451	2132143	132.75	5.99	846.11	0	0	1	1	1	120	2	1	1	1	3	3.40282e+38	0	3.40282e+38	4294967295	4294967295	4294967295	4294967295	4294967295	0	4294967295	
452	1751202	134.53	5.87	875.64	0	0	1	1	1	120	0	1	1	1	4294967295	3.40282e+38	0	3.40282e+38	4294967295	4294967295	4294967295	4294967295	4294967295	0	4294967295	
453	5612161	281.09	7.06	897.84	0	0	1	1	1	120	1	2	1	1	4294967295	3.40282e+38	0	3.40282e+38	4294967295	4294967295	4294967295	4294967295	4294967295	0	4294967295	
454	2132143	290.86	7.02	895.72	0	0	1	3	1	120	1	6	4	1	4294967295	3.40282e+38	0	3.40282e+38	4294967295	4294967295	4294967295	4294967295	4294967295	0	4294967295	
455	2132143	279.79	6.31	879.7	0	0	1	1	1	120	2	1	1	1	63	3.40282e+38	0	3.40282e+38	4294967295	4294967295	4294967295	4294967295	4294967295	0	4294967295	
456	2132143	267.67	6.94	894.8	0	0	1	3	1	120	1	8	6	1	4294967295	3.40282e+38	0	3.40282e+38	4294967295	4294967295	4294967295	4294967295	4294967295	0	4294967295	
