1	4294967295	0	8.28	27.33	-226.27	12.76	32.13	-224.55	10.52	27.33	-225.41	0.360994	0	0.932568	255	255	255	PORTAL_COLLISION	3.3937	0	4294967295	4294967295	255	65535	65535	255	4294967295	4294967295	255	255	255	255	255	255	255	255	255	255	255	255	255	255	255	255	255	255	255	255	255	255	255	255	255	255	255	255	255	255	255	255	255	255	255	255	255	255	255	255	255	255	255	255	255	255	255	255	255	255	255	255	255	255	255	255	255	255	255	255	255	255	255	255	255	255	255	255	255	255	255	255	255	255	255	255	255	255	255	255	255	255	255	255	255	255	255	255	255	255	255	255	255	255	255	255	255	255	255	255											
2	354	1	-0.2	34.5	-250.91	0.5	36.64	-250.83	0.15	34.5	-250.87	0	0	1	0	1	0	00_T_SWORD_001	1.1265	1	4294967295	4294967295	4	65535	65535	255	4294967295	4294967295	1	255	255	255	255	255	255	255	255	255	2	255	255	255	255	255	255	255	255	255	255	255	255	255	255	255	255	255	255	255	255	255	255	255	255	255	255	255	255	255	255	255	255	255	255	255	255	255	255	255	255	255	255	255	255	255	255	255	255	255	255	255	255	255	255	255	255	255	255	255	255	255	255	255	255	255	255	255	255	255	255	255	255	255	255	255	255	255	255	255	255	255	255	255	255	255	255	255	255	255											
3	353	1	-3.58	34.6	-250.77	-2.52	37.14	-250.69	-3.05	34.6	-250.73	0	0	1	0	1	0	00_T_STIC_001	1.37674	2	4294967295	4294967295	4	65535	65535	255	4294967295	4294967295	1	255	255	255	255	255	255	255	255	255	2	255	255	255	255	255	255	255	255	255	255	255	255	255	255	255	255	255	255	255	255	255	255	255	255	255	255	255	255	255	255	255	255	255	255	255	255	255	255	255	255	255	255	255	255	255	255	255	255	255	255	255	255	255	255	255	255	255	255	255	255	255	255	255	255	255	255	255	255	255	255	255	255	255	255	255	255	255	255	255	255	255	255	255	255	255	255	255	255	255											
4	356	1	-0.49	34.8	-250.7	1.01	36.41	-250.62	0.26	34.8	-250.66	0	0	1	0	1	0	00_T_FAN_001	1.10097	3	4294967295	4294967295	4	65535	65535	255	4294967295	4294967295	1	255	255	255	255	255	255	255	255	255	2	255	255	255	255	255	255	255	255	255	255	255	255	255	255	255	255	255	255	255	255	255	255	255	255	255	255	255	255	255	255	255	255	255	255	255	255	255	255	255	255	255	255	255	255	255	255	255	255	255	255	255	255	255	255	255	255	255	255	255	255	255	255	255	255	255	255	255	255	255	255	255	255	255	255	255	255	255	255	255	255	255	255	255	255	255	255	255	255	255											
5	355	1	-3.04	34.9	-250.59	-2.48	36.61	-250.35	-2.76	34.9	-250.47	0	0	1	0	1	0	00_T_WAND_001	0.907647	4	4294967295	4294967295	4	65535	65535	255	4294967295	4294967295	1	255	255	255	255	255	255	255	255	255	2	255	255	255	255	255	255	255	255	255	255	255	255	255	255	255	255	255	255	255	255	255	255	255	255	255	255	255	255	255	255	255	255	255	255	255	255	255	255	255	255	255	255	255	255	255	255	255	255	255	255	255	255	255	255	255	255	255	255	255	255	255	255	255	255	255	255	255	255	255	255	255	255	255	255	255	255	255	255	255	255	255	255	255	255	255	255	255	255	255											
6	357	1	-0.19	34.6	-250.88	0.57	36.12	-250.56	0.19	34.6	-250.72	0	0	1	0	1	0	00_T_CLAW_001	0.86464	5	4294967295	4294967295	4	65535	65535	255	4294967295	4294967295	1	255	255	255	255	255	255	255	255	255	2	255	255	255	255	255	255	255	255	255	255	255	255	255	255	255	255	255	255	255	255	255	255	255	255	255	255	255	255	255	255	255	255	255	255	255	255	255	255	255	255	255	255	255	255	255	255	255	255	255	255	255	255	255	255	255	255	255	255	255	255	255	255	255	255	255	255	255	255	255	255	255	255	255	255	255	255	255	255	255	255	255	255	255	255	255	255	255	255	255											
7	358	1	-3.26	34.5	-250.52	-2.2	36.98	-250.4	-2.73	34.5	-250.46	0	0	1	0	1	0	00_T_AXE_001	1.34985	6	4294967295	4294967295	4	65535	65535	255	4294967295	4294967295	1	255	255	255	255	255	255	255	255	255	2	255	255	255	255	255	255	255	255	255	255	255	255	255	255	255	255	255	255	255	255	255	255	255	255	255	255	255	255	255	255	255	255	255	255	255	255	255	255	255	255	255	255	255	255	255	255	255	255	255	255	255	255	255	255	255	255	255	255	255	255	255	255	255	255	255	255	255	255	255	255	255	255	255	255	255	255	255	255	255	255	255	255	255	255	255	255	255	255	255											
8	359	1	-0.23	34.7	-250.71	0.39	36.74	-250.59	0.08	34.7	-250.65	0	0	1	0	1	0	00_T_SCROLL_001	1.06776	7	4294967295	4294967295	4	65535	65535	255	4294967295	4294967295	1	255	255	255	255	255	255	255	255	255	2	255	255	255	255	255	255	255	255	255	255	255	255	255	255	255	255	255	255	255	255	255	255	255	255	255	255	255	255	255	255	255	255	255	255	255	255	255	255	255	255	255	255	255	255	255	255	255	255	255	255	255	255	255	255	255	255	255	255	255	255	255	255	255	255	255	255	255	255	255	255	255	255	255	255	255	255	255	255	255	255	255	255	255	255	255	255	255	255	255											
9	360	1	-3.03	34.7	-250.82	-2.27	36.38	-250.06	-2.65	34.7	-250.44	0	0	1	0	1	0	00_T_CRISTAL_001	0.997198	8	4294967295	4294967295	4	65535	65535	255	4294967295	4294967295	1	255	255	255	255	255	255	255	255	255	2	255	255	255	255	255	255	255	255	255	255	255	255	255	255	255	255	255	255	255	255	255	255	255	255	255	255	255	255	255	255	255	255	255	255	255	255	255	255	255	255	255	255	255	255	255	255	255	255	255	255	255	255	255	255	255	255	255	255	255	255	255	255	255	255	255	255	255	255	255	255	255	255	255	255	255	255	255	255	255	255	255	255	255	255	255	255	255	255	255											
10	362	1	-0.26	34.8	-250.71	0.62	36.53	-250.61	0.18	34.8	-250.66	0	0	1	0	1	0	00_T_CANDY_001	0.971764	9	4294967295	4294967295	4	65535	65535	255	4294967295	4294967295	1	255	255	255	255	255	255	255	255	255	2	255	255	255	255	255	255	255	255	255	255	255	255	255	255	255	255	255	255	255	255	255	255	255	255	255	255	255	255	255	255	255	255	255	255	255	255	255	255	255	255	255	255	255	255	255	255	255	255	255	255	255	255	255	255	255	255	255	255	255	255	255	255	255	255	255	255	255	255	255	255	255	255	255	255	255	255	255	255	255	255	255	255	255	255	255	255	255	255	255											
11	361	1	-2.95	34.9	-250.47	-2.19	36.65	-250.03	-2.57	34.9	-250.25	0	0	1	0	1	0	00_T_INSTRUMENT_001	0.978992	10	4294967295	4294967295	4	65535	65535	255	4294967295	4294967295	1	255	255	255	255	255	255	255	255	255	2	255	255	255	255	255	255	255	255	255	255	255	255	255	255	255	255	255	255	255	255	255	255	255	255	255	255	255	255	255	255	255	255	255	255	255	255	255	255	255	255	255	255	255	255	255	255	255	255	255	255	255	255	255	255	255	255	255	255	255	255	255	255	255	255	255	255	255	255	255	255	255	255	255	255	255	255	255	255	255	255	255	255	255	255	255	255	255	255	255											
12	364	1	-0.15	34.7	-250.64	0.67	36.63	-250.48	0.26	34.7	-250.56	0	0	1	0	1	0	00_T_MASK_001	1.05153	11	4294967295	4294967295	4	65535	65535	255	4294967295	4294967295	1	255	255	255	255	255	255	255	255	255	2	255	255	255	255	255	255	255	255	255	255	255	255	255	255	255	255	255	255	255	255	255	255	255	255	255	255	255	255	255	255	255	255	255	255	255	255	255	255	255	255	255	255	255	255	255	255	255	255	255	255	255	255	255	255	255	255	255	255	255	255	255	255	255	255	255	255	255	255	255	255	255	255	255	255	255	255	255	255	255	255	255	255	255	255	255	255	255	255	255											
13	363	1	-4.05	34.7	-250.83	-2.05	36.64	-250.53	-3.05	34.7	-250.68	0	0	1	0	1	0	00_T_DRUM_001	1.40121	12	4294967295	4294967295	4	65535	65535	255	4294967295	4294967295	1	255	255	255	255	255	255	255	255	255	2	255	255	255	255	255	255	255	255	255	255	255	255	255	255	255	255	255	255	255	255	255	255	255	255	255	255	255	255	255	255	255	255	255	255	255	255	255	255	255	255	255	255	255	255	255	255	255	255	255	255	255	255	255	255	255	255	255	255	255	255	255	255	255	255	255	255	255	255	255	255	255	255	255	255	255	255	255	255	255	255	255	255	255	255	255	255	255	255	255											
