1	7091108	-17.32	22	-41.64	0.786664	0	0.617382	1	1	1	1	1	1	1	4294967295	3.40282e+31	0	3.40282e+31	4294967295	4294967295	4294967295	4294967295	4294967295	0	4294967295	
2	7071108	231.25	23.66	-36.59	0	0	1	1	1	1	2	1	1	1	4	3.40282e+31	0	3.40282e+31	4294967295	4294967295	4294967295	4294967295	4294967295	0	4294967295	
3	7076101	209.89	23.66	-19.78	0	0	1	1	1	1	0	1	1	1	4294967295	3.40282e+31	0	3.40282e+31	4294967295	4294967295	4294967295	4294967295	4294967295	0	4294967295	
4	1631101	-146.88	23.34	77.03	0.570771	0	0.821109	1	1	1	0	1	1	1	4294967295	3.40282e+31	0	3.40282e+31	4294967295	4294967295	4294967295	4294967295	4294967295	0	4294967295	
5	1781105	-147.59	23.34	77.75	0.570771	0	0.821109	1	1	1	0	1	1	1	4294967295	3.40282e+31	0	3.40282e+31	4294967295	4294967295	4294967295	4294967295	4294967295	0	4294967295	
6	2981101	-0.58	22.03	146.22	-0.841178	0	-0.540758	1	1	1	0	1	1	1	4294967295	3.40282e+31	0	3.40282e+31	4294967295	4294967295	4294967295	4294967295	4294967295	0	4294967295	
7	3142212	-199.72	22	162.99	-0.769039	0	-0.639202	1	1	1	0	1	1	1	4294967295	3.40282e+31	0	3.40282e+31	4294967295	4294967295	4294967295	4294967295	4294967295	0	4294967295	
8	3144104	-146	23.34	88.38	0.24018	0	-0.970728	1	1	1	0	1	1	1	4294967295	3.40282e+31	0	3.40282e+31	4294967295	4294967295	4294967295	4294967295	4294967295	0	4294967295	
9	3145104	-149.13	23.34	83.99	0.681604	0	-0.731722	1	1	1	0	1	1	1	4294967295	3.40282e+31	0	3.40282e+31	4294967295	4294967295	4294967295	4294967295	4294967295	0	4294967295	
10	3146104	-142.62	23.34	88.56	-0.340136	0	-0.940376	1	1	1	0	1	1	1	4294967295	3.40282e+31	0	3.40282e+31	4294967295	4294967295	4294967295	4294967295	4294967295	0	4294967295	
11	3147104	-150.28	23.34	81.75	0.950666	0	-0.310217	1	1	1	0	1	1	1	4294967295	3.40282e+31	0	3.40282e+31	4294967295	4294967295	4294967295	4294967295	4294967295	0	4294967295	
12	3188102	-19.35	22	108.47	0.707107	0	0.707107	1	1	1	2	1	1	1	2	3.40282e+31	0	3.40282e+31	4294967295	4294967295	4294967295	4294967295	4294967295	0	4294967295	
13	4261108	-139.09	23.34	82.05	-0.6	0	-0.8	1	1	1	0	1	1	1	4294967295	3.40282e+31	0	3.40282e+31	4294967295	4294967295	4294967295	4294967295	4294967295	0	4294967295	
14	4371403	-35.58	22	106.83	0.029987	0	-0.99955	1	1	1	0	1	1	1	4294967295	3.40282e+31	0	3.40282e+31	4294967295	4294967295	4294967295	4294967295	4294967295	0	4294967295	
15	4501101	-151.15	22	130.83	0.750713	0	0.660628	1	1	1	0	1	1	1	4294967295	3.40282e+31	0	3.40282e+31	4294967295	4294967295	4294967295	4294967295	4294967295	0	4294967295	
16	4512101	-148.91	22	131.15	-0.43921	0	0.898384	1	1	1	0	1	1	1	4294967295	3.40282e+31	0	3.40282e+31	4294967295	4294967295	4294967295	4294967295	4294967295	0	4294967295	
17	4513101	-50.64	22.63	130.36	-0.120331	0	0.992734	1	1	1	0	1	1	1	4294967295	3.40282e+31	0	3.40282e+31	4294967295	4294967295	4294967295	4294967295	4294967295	0	4294967295	
18	4752205	-83.88	22	101.18	0	0	1	1	1	1	1	1	1	1	4294967295	3.40282e+31	0	3.40282e+31	4294967295	4294967295	4294967295	4294967295	4294967295	0	4294967295	
19	4752106	-85.47	22	100.31	0.540758	0	0.841178	1	1	1	1	1	1	1	4294967295	3.40282e+31	0	3.40282e+31	4294967295	4294967295	4294967295	4294967295	4294967295	0	4294967295	
20	5061303	-182.31	22	132.82	-0.029987	0	-0.99955	1	1	1	0	1	1	1	4294967295	3.40282e+31	0	3.40282e+31	4294967295	4294967295	4294967295	4294967295	4294967295	0	4294967295	
21	7073106	-205.2	22	150.32	-0.100499	0	-0.994937	1	1	1	2	1	1	1	3	3.40282e+31	0	3.40282e+31	4294967295	4294967295	4294967295	4294967295	4294967295	0	4294967295	
22	7074101	-142.95	22.16	135.76	-0.089638	0	-0.995974	1	1	1	0	1	1	1	4294967295	3.40282e+31	0	3.40282e+31	4294967295	4294967295	4294967295	4294967295	4294967295	0	4294967295	
23	2531102	193.11	22	24.86	0.997559	0	-0.069829	1	1	1	0	1	1	1	4294967295	3.40282e+31	0	3.40282e+31	4294967295	4294967295	4294967295	4294967295	4294967295	0	4294967295	
24	2533102	194.67	22	88.75	0.019996	0	-0.9998	1	1	1	0	1	1	1	4294967295	3.40282e+31	0	3.40282e+31	4294967295	4294967295	4294967295	4294967295	4294967295	0	4294967295	
25	1471101	7.4	22	109.22	0	0	1	1	1	1	0	1	1	1	4294967295	3.40282e+31	0	3.40282e+31	4294967295	4294967295	4294967295	4294967295	4294967295	0	4294967295	
26	1851101	239.68	22	113.29	-0.529101	0	0.848559	1	1	1	0	1	1	1	4294967295	3.40282e+31	0	3.40282e+31	4294967295	4294967295	4294967295	4294967295	4294967295	0	4294967295	
27	1852101	241.38	22	116.38	-0.9998	0	-0.019996	1	1	1	0	1	1	1	4294967295	3.40282e+31	0	3.40282e+31	4294967295	4294967295	4294967295	4294967295	4294967295	0	4294967295	
28	1853101	239.5	22	118.73	-0.9998	0	-0.019996	1	1	1	0	1	1	1	4294967295	3.40282e+31	0	3.40282e+31	4294967295	4294967295	4294967295	4294967295	4294967295	0	4294967295	
29	3142211	195.03	22	169.23	0.100499	0	-0.994937	1	1	1	0	1	1	1	4294967295	3.40282e+31	0	3.40282e+31	4294967295	4294967295	4294967295	4294967295	4294967295	0	4294967295	
30	3189101	109.96	22.18	58.22	0.43921	0	0.898384	1	1	1	0	1	1	1	4294967295	3.40282e+31	0	3.40282e+31	4294967295	4294967295	4294967295	4294967295	4294967295	0	4294967295	
31	3242107	112.07	22.34	59.46	-0.681604	0	0.731722	1	1	1	0	1	1	1	4294967295	3.40282e+31	0	3.40282e+31	4294967295	4294967295	4294967295	4294967295	4294967295	0	4294967295	
32	4143101	22.21	22	129.15	0.28	0	0.96	1	1	1	0	1	1	1	4294967295	3.40282e+31	0	3.40282e+31	4294967295	4294967295	4294967295	4294967295	4294967295	0	4294967295	
33	4152111	62.83	22	127.77	0	0	-1	1	1	1	0	1	1	1	4294967295	3.40282e+31	0	3.40282e+31	4294967295	4294967295	4294967295	4294967295	4294967295	0	4294967295	
34	7072103	101.65	22	35.09	0.049938	0	-0.998752	1	1	1	0	1	1	1	4294967295	3.40282e+31	0	3.40282e+31	4294967295	4294967295	4294967295	4294967295	4294967295	0	4294967295	
35	1901101	208.42	22	56.76	0	0	1	1	1	1	2	1	1	1	1	3.40282e+31	0	3.40282e+31	4294967295	4294967295	4294967295	4294967295	4294967295	0	4294967295	
36	7075101	102.27	22.93	26.87	0	0	1	1	1	1	0	1	1	1	4294967295	3.40282e+31	0	3.40282e+31	4294967295	4294967295	4294967295	4294967295	4294967295	0	4294967295	
37	8411118	194.82	22	68.09	1	0	0	1	1	1	0	1	1	1	4294967295	3.40282e+31	0	3.40282e+31	4294967295	4294967295	4294967295	4294967295	4294967295	0	4294967295	
38	1111122	194.78	22	77.11	0.990149	0	-0.140021	1	1	1	0	1	1	1	4294967295	3.40282e+31	0	3.40282e+31	4294967295	4294967295	4294967295	4294967295	4294967295	0	4294967295	
39	5041130	194.96	22	58.32	1	0	0	1	1	1	0	1	1	1	4294967295	3.40282e+31	0	3.40282e+31	4294967295	4294967295	4294967295	4294967295	4294967295	0	4294967295	
40	8411119	224.47	22	58.41	-0.998752	0	-0.049938	1	1	1	0	1	1	1	4294967295	3.40282e+31	0	3.40282e+31	4294967295	4294967295	4294967295	4294967295	4294967295	0	4294967295	
41	1111123	223.21	22	71.62	-0.990149	0	0.140021	1	1	1	0	1	1	1	4294967295	3.40282e+31	0	3.40282e+31	4294967295	4294967295	4294967295	4294967295	4294967295	0	4294967295	
42	5041131	223.98	22	51.64	-0.998752	0	0.049938	1	1	1	0	1	1	1	4294967295	3.40282e+31	0	3.40282e+31	4294967295	4294967295	4294967295	4294967295	4294967295	0	4294967295	
43	1111129	219.33	22	88.46	-0.99955	0	0.029987	1	1	15	0	1	1	1	4294967295	3.40282e+31	0	3.40282e+31	4294967295	4294967295	4294967295	4294967295	4294967295	0	4294967295	
44	7131131	224.1	22	42.52	-0.998752	0	-0.049938	1	1	15	0	1	1	1	4294967295	3.40282e+31	0	3.40282e+31	4294967295	4294967295	4294967295	4294967295	4294967295	0	4294967295	
45	2531107	193.09	22	24.91	0.997559	0	-0.069829	1	1	1	0	1	1	1	4294967295	3.40282e+31	0	3.40282e+31	4294967295	4294967295	4294967295	4294967295	4294967295	0	4294967295	
46	5041154	195.19	22	58.26	1	0	0	1	1	1	0	1	1	1	4294967295	3.40282e+31	0	3.40282e+31	4294967295	4294967295	4294967295	4294967295	4294967295	0	4294967295	
47	5041155	224.28	22	51.62	-0.995974	0	0.089638	1	1	1	0	1	1	1	4294967295	3.40282e+31	0	3.40282e+31	4294967295	4294967295	4294967295	4294967295	4294967295	0	4294967295	
48	2532201	195.338	22	44.847	0.99955	0	-0.0299865	1	1	1	0	1	1	1	4294967295	3.40282e+31	0	3.40282e+31	4294967295	4294967295	4294967295	4294967295	4294967295	0	4294967295	
