6	217	1	-92.01	-84.43	-184.47	-90.18	-82.63	-182.64	-91.1	-84.43	-183.56	0	0	1	1	0	1	00_T_X_DRUM_001	1.57622	0	4294967295	4294967295	3	65535	65535	255	4294967295	4294967295	4	255	255	255	255	255	255	255	255	255	1	255	255	255	255	255	255	255	255	255	2	3	255	255	255	255	255	255	255	255	3	255	255	255	255	255	255	255	255	255	255	255	255	255	255	255	255	255	255	255	255	255	255	255	255	255	255	255	255	255	255	255	255	255	255	255	255	255	255	255	255	255	255	255	255	255	255	255	255	255	255	255	255	255	255	255	255	255	255	255	255	255	255	255	255	255	255	255	255	255											
8	21	1	273.74	-87.01	20.13	274.99	-84.17	22.49	274.3	-87.1	21.45	0	0	1	0	0	1	D3_T_JAIL_DOOR_001	1.94921	1	4294967295	4294967295	3	65535	65535	255	4294967295	4294967295	4	255	255	255	255	255	255	255	255	255	1	2	255	255	255	255	255	255	255	255	2	255	255	255	255	255	255	255	255	255	3	4	255	255	255	255	255	255	255	255	255	255	255	255	255	255	255	255	255	255	255	255	255	255	255	255	255	255	255	255	255	255	255	255	255	255	255	255	255	255	255	255	255	255	255	255	255	255	255	255	255	255	255	255	255	255	255	255	255	255	255	255	255	255	255	255	255	255	255	255											
9	217	1	-57.01	-84.43	-189.88	-55.37	-82.63	-188.23	-56.19	-84.43	-189.06	0	0	1	1	0	1	00_T_X_DRUM_001	1.47073	2	4294967295	4294967295	3	65535	65535	255	4294967295	4294967295	4	255	255	255	255	255	255	255	255	255	1	255	255	255	255	255	255	255	255	255	2	3	255	255	255	255	255	255	255	255	3	255	255	255	255	255	255	255	255	255	255	255	255	255	255	255	255	255	255	255	255	255	255	255	255	255	255	255	255	255	255	255	255	255	255	255	255	255	255	255	255	255	255	255	255	255	255	255	255	255	255	255	255	255	255	255	255	255	255	255	255	255	255	255	255	255	255	255	255	255											
10	4294967295	1	0.47	-84.63	-214	2.11	-82.83	-212.36	1.29	-84.63	-213.18	0	0	1	0	0	1	00_T_X_DRUM_001	1.46792	3	4294967295	4294967295	3	65535	65535	255	4294967295	4294967295	3	255	255	255	255	255	255	255	255	255	1	2	255	255	255	255	255	255	255	255	2	255	255	255	255	255	255	255	255	255	255	255	255	255	255	255	255	255	255	255	255	255	255	255	255	255	255	255	255	255	255	255	255	255	255	255	255	255	255	255	255	255	255	255	255	255	255	255	255	255	255	255	255	255	255	255	255	255	255	255	255	255	255	255	255	255	255	255	255	255	255	255	255	255	255	255	255	255	255	255											
11	217	1	-11.95	-84.38	-200.57	-10.44	-82.58	-199.06	-11.2	-84.38	-199.81	0	0	1	1	0	1	00_T_X_DRUM_001	1.39644	4	4294967295	4294967295	3	65535	65535	255	4294967295	4294967295	4	255	255	255	255	255	255	255	255	255	1	255	255	255	255	255	255	255	255	255	2	3	255	255	255	255	255	255	255	255	3	255	255	255	255	255	255	255	255	255	255	255	255	255	255	255	255	255	255	255	255	255	255	255	255	255	255	255	255	255	255	255	255	255	255	255	255	255	255	255	255	255	255	255	255	255	255	255	255	255	255	255	255	255	255	255	255	255	255	255	255	255	255	255	255	255	255	255	255	255											
12	4294967295	1	-67.34	-82.84	-118.75	-65.46	-81.04	-116.87	-66.4	-82.84	-117.81	0	0	1	0	0	1	00_T_X_DRUM_001	1.60536	5	4294967295	4294967295	3	65535	65535	255	4294967295	4294967295	3	255	255	255	255	255	255	255	255	255	1	2	255	255	255	255	255	255	255	255	2	255	255	255	255	255	255	255	255	255	255	255	255	255	255	255	255	255	255	255	255	255	255	255	255	255	255	255	255	255	255	255	255	255	255	255	255	255	255	255	255	255	255	255	255	255	255	255	255	255	255	255	255	255	255	255	255	255	255	255	255	255	255	255	255	255	255	255	255	255	255	255	255	255	255	255	255	255	255	255											
13	4294967295	1	29.34	-84.43	-121.58	30.68	-82.63	-120.24	30.01	-84.43	-120.91	0	0	1	0	0	1	00_T_X_DRUM_001	1.30683	6	4294967295	4294967295	3	65535	65535	255	4294967295	4294967295	3	255	255	255	255	255	255	255	255	255	1	2	255	255	255	255	255	255	255	255	2	255	255	255	255	255	255	255	255	255	255	255	255	255	255	255	255	255	255	255	255	255	255	255	255	255	255	255	255	255	255	255	255	255	255	255	255	255	255	255	255	255	255	255	255	255	255	255	255	255	255	255	255	255	255	255	255	255	255	255	255	255	255	255	255	255	255	255	255	255	255	255	255	255	255	255	255	255	255	255											
14	72	1	239.25	-84.23	-109.65	241.58	-81.39	-108.14	240.56	-84.32	-108.85	0	0	1	0	0	1	D3_T_JAIL_DOOR_001	1.98586	7	4294967295	4294967295	3	65535	65535	255	4294967295	4294967295	4	255	255	255	255	255	255	255	255	255	1	2	255	255	255	255	255	255	255	255	2	255	255	255	255	255	255	255	255	255	3	4	255	255	255	255	255	255	255	255	255	255	255	255	255	255	255	255	255	255	255	255	255	255	255	255	255	255	255	255	255	255	255	255	255	255	255	255	255	255	255	255	255	255	255	255	255	255	255	255	255	255	255	255	255	255	255	255	255	255	255	255	255	255	255	255	255	255	255	255											
16	72	1	331.82	-83.95	-155.38	332.66	-81.11	-153.06	332.13	-84.04	-154.12	0	0	1	0	0	1	D3_T_JAIL_DOOR_001	1.88106	8	4294967295	4294967295	3	65535	65535	255	4294967295	4294967295	4	255	255	255	255	255	255	255	255	255	1	2	255	255	255	255	255	255	255	255	2	255	255	255	255	255	255	255	255	255	3	4	255	255	255	255	255	255	255	255	255	255	255	255	255	255	255	255	255	255	255	255	255	255	255	255	255	255	255	255	255	255	255	255	255	255	255	255	255	255	255	255	255	255	255	255	255	255	255	255	255	255	255	255	255	255	255	255	255	255	255	255	255	255	255	255	255	255	255	255											
17	72	1	328.14	-83.29	-139.62	328.98	-80.45	-137.31	328.45	-83.38	-138.36	0	0	1	0	0	1	D3_T_JAIL_DOOR_001	1.87798	9	4294967295	4294967295	3	65535	65535	255	4294967295	4294967295	4	255	255	255	255	255	255	255	255	255	1	2	255	255	255	255	255	255	255	255	2	255	255	255	255	255	255	255	255	255	3	4	255	255	255	255	255	255	255	255	255	255	255	255	255	255	255	255	255	255	255	255	255	255	255	255	255	255	255	255	255	255	255	255	255	255	255	255	255	255	255	255	255	255	255	255	255	255	255	255	255	255	255	255	255	255	255	255	255	255	255	255	255	255	255	255	255	255	255	255											
18	4294967295	0	224.55	-84.33	-95.21	225.35	-81.49	-92.9	225.05	-84.42	-94.16	0	0	1	0	0	1	D3_T_JAIL_DOOR_001	1.87361	10	4294967295	4294967295	3	65535	65535	255	4294967295	4294967295	4	255	255	255	255	255	255	255	255	255	1	2	255	255	255	255	255	255	255	255	2	255	255	255	255	255	255	255	255	255	3	4	255	255	255	255	255	255	255	255	255	255	255	255	255	255	255	255	255	255	255	255	255	255	255	255	255	255	255	255	255	255	255	255	255	255	255	255	255	255	255	255	255	255	255	255	255	255	255	255	255	255	255	255	255	255	255	255	255	255	255	255	255	255	255	255	255	255	255	255											
19	4294967295	0	226.04	-84.77	143.01	228.39	-81.93	144.39	227.07	-84.86	143.65	0	0	1	0	0	1	D3_T_JAIL_DOOR_001	1.96803	11	4294967295	4294967295	3	65535	65535	255	4294967295	4294967295	4	255	255	255	255	255	255	255	255	255	1	2	255	255	255	255	255	255	255	255	2	255	255	255	255	255	255	255	255	255	3	4	255	255	255	255	255	255	255	255	255	255	255	255	255	255	255	255	255	255	255	255	255	255	255	255	255	255	255	255	255	255	255	255	255	255	255	255	255	255	255	255	255	255	255	255	255	255	255	255	255	255	255	255	255	255	255	255	255	255	255	255	255	255	255	255	255	255	255	255											
20	4294967295	0	275.44	-87.09	5.91	276.54	-84.25	8.26	275.87	-87.18	7.18	0	0	1	0	0	1	D3_T_JAIL_DOOR_001	1.92341	12	4294967295	4294967295	3	65535	65535	255	4294967295	4294967295	4	255	255	255	255	255	255	255	255	255	1	2	255	255	255	255	255	255	255	255	2	255	255	255	255	255	255	255	255	255	3	4	255	255	255	255	255	255	255	255	255	255	255	255	255	255	255	255	255	255	255	255	255	255	255	255	255	255	255	255	255	255	255	255	255	255	255	255	255	255	255	255	255	255	255	255	255	255	255	255	255	255	255	255	255	255	255	255	255	255	255	255	255	255	255	255	255	255	255	255											
29	74	1	-140.66	-61.09	103.73	-139.09	-59.47	105.27	-139.98	-60.84	104.41	0	0	1	0	0	1	00_O_RP_BOX_003	1.36573	13	4294967295	4294967295	3	65535	65535	255	4294967295	4294967295	1	255	255	255	255	255	255	255	255	255	255	255	255	255	255	255	255	255	255	255	255	255	255	255	255	255	255	255	255	255	255	255	255	255	255	255	255	255	255	255	255	255	255	255	255	255	255	255	255	255	255	255	255	255	255	255	255	255	255	255	255	255	255	255	255	255	255	255	255	255	255	255	255	255	255	255	255	255	255	255	255	255	255	255	255	255	255	255	255	255	255	255	255	255	255	255	255	255	255	255											
30	74	1	-200.96	-56.99	119.12	-199.34	-55.27	120.66	-200.27	-56.67	120.02	0	0	1	0	0	1	00_O_RP_BOX_003	1.41018	14	4294967295	4294967295	3	65535	65535	255	4294967295	4294967295	1	255	255	255	255	255	255	255	255	255	255	255	255	255	255	255	255	255	255	255	255	255	255	255	255	255	255	255	255	255	255	255	255	255	255	255	255	255	255	255	255	255	255	255	255	255	255	255	255	255	255	255	255	255	255	255	255	255	255	255	255	255	255	255	255	255	255	255	255	255	255	255	255	255	255	255	255	255	255	255	255	255	255	255	255	255	255	255	255	255	255	255	255	255	255	255	255	255	255	255											
31	74	1	-88.17	-60.99	46.24	-86.38	-59.78	48.04	-87.28	-60.96	47.14	0	0	1	0	0	1	00_O_RP_BOX_003	1.40608	15	4294967295	4294967295	3	65535	65535	255	4294967295	4294967295	1	255	255	255	255	255	255	255	255	255	255	255	255	255	255	255	255	255	255	255	255	255	255	255	255	255	255	255	255	255	255	255	255	255	255	255	255	255	255	255	255	255	255	255	255	255	255	255	255	255	255	255	255	255	255	255	255	255	255	255	255	255	255	255	255	255	255	255	255	255	255	255	255	255	255	255	255	255	255	255	255	255	255	255	255	255	255	255	255	255	255	255	255	255	255	255	255	255	255	255											
32	74	1	-102.03	-61.46	91.38	-100.65	-60.08	92.8	-101.36	-61.34	92.15	0	0	1	0	0	1	00_O_RP_BOX_003	1.20677	16	4294967295	4294967295	3	65535	65535	255	4294967295	4294967295	1	255	255	255	255	255	255	255	255	255	255	255	255	255	255	255	255	255	255	255	255	255	255	255	255	255	255	255	255	255	255	255	255	255	255	255	255	255	255	255	255	255	255	255	255	255	255	255	255	255	255	255	255	255	255	255	255	255	255	255	255	255	255	255	255	255	255	255	255	255	255	255	255	255	255	255	255	255	255	255	255	255	255	255	255	255	255	255	255	255	255	255	255	255	255	255	255	255	255	255											
33	74	1	-195.23	-43.72	177.13	-193.32	-42.33	179.05	-194.31	-43.6	178.14	0	0	1	0	0	1	00_O_RP_BOX_003	1.52205	17	4294967295	4294967295	3	65535	65535	255	4294967295	4294967295	1	255	255	255	255	255	255	255	255	255	255	255	255	255	255	255	255	255	255	255	255	255	255	255	255	255	255	255	255	255	255	255	255	255	255	255	255	255	255	255	255	255	255	255	255	255	255	255	255	255	255	255	255	255	255	255	255	255	255	255	255	255	255	255	255	255	255	255	255	255	255	255	255	255	255	255	255	255	255	255	255	255	255	255	255	255	255	255	255	255	255	255	255	255	255	255	255	255	255	255											
34	74	1	-141.14	-68.25	188.27	-139.8	-67.04	189.57	-140.47	-68.22	188.92	0	0	1	0	0	1	00_O_RP_BOX_003	1.1124	18	4294967295	4294967295	3	65535	65535	255	4294967295	4294967295	1	255	255	255	255	255	255	255	255	255	255	255	255	255	255	255	255	255	255	255	255	255	255	255	255	255	255	255	255	255	255	255	255	255	255	255	255	255	255	255	255	255	255	255	255	255	255	255	255	255	255	255	255	255	255	255	255	255	255	255	255	255	255	255	255	255	255	255	255	255	255	255	255	255	255	255	255	255	255	255	255	255	255	255	255	255	255	255	255	255	255	255	255	255	255	255	255	255	255	255											
35	74	1	-62.84	-75.32	171.27	-61.35	-73.82	172.69	-62.16	-75.14	171.92	0	0	1	0	0	1	00_O_RP_BOX_003	1.27343	19	4294967295	4294967295	3	65535	65535	255	4294967295	4294967295	1	255	255	255	255	255	255	255	255	255	255	255	255	255	255	255	255	255	255	255	255	255	255	255	255	255	255	255	255	255	255	255	255	255	255	255	255	255	255	255	255	255	255	255	255	255	255	255	255	255	255	255	255	255	255	255	255	255	255	255	255	255	255	255	255	255	255	255	255	255	255	255	255	255	255	255	255	255	255	255	255	255	255	255	255	255	255	255	255	255	255	255	255	255	255	255	255	255	255	255											
36	74	1	73.25	-83.52	166.65	75.01	-82.16	168.3	74.07	-83.41	167.49	0	0	1	0	0	1	00_O_RP_BOX_003	1.38471	20	4294967295	4294967295	3	65535	65535	255	4294967295	4294967295	1	255	255	255	255	255	255	255	255	255	255	255	255	255	255	255	255	255	255	255	255	255	255	255	255	255	255	255	255	255	255	255	255	255	255	255	255	255	255	255	255	255	255	255	255	255	255	255	255	255	255	255	255	255	255	255	255	255	255	255	255	255	255	255	255	255	255	255	255	255	255	255	255	255	255	255	255	255	255	255	255	255	255	255	255	255	255	255	255	255	255	255	255	255	255	255	255	255	255	255											
37	100019	4194304	-382.13	-27.69	12.89	-378.3	-16.49	23.42	-380.22	-27.69	18.15	0	0	1	255	255	255	PORTAL_COLLISION	7.92133	21	4294967295	4294967295	3	65535	65535	255	4294967295	4294967295	255	255	255	255	255	255	255	255	255	255	255	255	255	255	255	255	255	255	255	255	255	255	255	255	255	255	255	255	255	255	255	255	255	255	255	255	255	255	255	255	255	255	255	255	255	255	255	255	255	255	255	255	255	255	255	255	255	255	255	255	255	255	255	255	255	255	255	255	255	255	255	255	255	255	255	255	255	255	255	255	255	255	255	255	255	255	255	255	255	255	255	255	255	255	255	255	255	255	255	255											
41	218	1	-39.65	-84.43	-239.27	-12	-68	-193.13	-25.7	-84.43	-217.15	0	0	1	0	0	1	D3_C_RP_WAREHOUSE_002	28.1219	22	4294967295	4294967295	3	65535	65535	255	4294967295	4294967295	1	255	255	255	255	255	255	255	255	255	2	255	255	255	255	255	255	255	255	255	255	255	255	255	255	255	255	255	255	255	255	255	255	255	255	255	255	255	255	255	255	255	255	255	255	255	255	255	255	255	255	255	255	255	255	255	255	255	255	255	255	255	255	255	255	255	255	255	255	255	255	255	255	255	255	255	255	255	255	255	255	255	255	255	255	255	255	255	255	255	255	255	255	255	255	255	255	255	255	255											
42	218	1	-76.31	-84.43	-237.39	-48.66	-68	-188.93	-62.49	-84.43	-213.16	0	0	1	0	0	1	D3_C_RP_WAREHOUSE_001	29.0811	23	4294967295	4294967295	3	65535	65535	255	4294967295	4294967295	1	255	255	255	255	255	255	255	255	255	2	255	255	255	255	255	255	255	255	255	255	255	255	255	255	255	255	255	255	255	255	255	255	255	255	255	255	255	255	255	255	255	255	255	255	255	255	255	255	255	255	255	255	255	255	255	255	255	255	255	255	255	255	255	255	255	255	255	255	255	255	255	255	255	255	255	255	255	255	255	255	255	255	255	255	255	255	255	255	255	255	255	255	255	255	255	255	255	255	255											
43	218	1	-111.99	-84.43	-233.61	-84.34	-68	-185.15	-98.17	-84.43	-209.38	0	0	1	0	0	1	D3_C_RP_WAREHOUSE_001	29.0811	24	4294967295	4294967295	3	65535	65535	255	4294967295	4294967295	1	255	255	255	255	255	255	255	255	255	2	255	255	255	255	255	255	255	255	255	255	255	255	255	255	255	255	255	255	255	255	255	255	255	255	255	255	255	255	255	255	255	255	255	255	255	255	255	255	255	255	255	255	255	255	255	255	255	255	255	255	255	255	255	255	255	255	255	255	255	255	255	255	255	255	255	255	255	255	255	255	255	255	255	255	255	255	255	255	255	255	255	255	255	255	255	255	255	255	255											
44	196	1	-361.14	23.09	167.82	-360.38	25.15	170	-360.87	23.15	169.51	0	0	1	0	0	1	D3_T_JAIL_DOOR_002	1.54706	25	4294967295	4294967295	3	65535	65535	255	4294967295	4294967295	4	255	255	255	255	255	255	255	255	255	255	255	255	255	255	255	255	255	255	255	255	255	255	255	255	255	255	255	255	255	255	255	255	255	255	255	255	255	255	255	255	255	255	255	255	255	255	255	255	255	255	255	255	255	255	255	255	255	255	255	255	255	255	255	255	255	255	255	255	255	255	255	255	255	255	255	255	255	255	255	255	255	255	255	255	255	255	255	255	255	255	255	255	255	255	255	255	255	255	255											
45	196	1	-107.29	-59.26	43.43	-105.08	-57.2	44.43	-106.79	-59.2	44.03	0	0	1	1	0	1	D3_T_JAIL_DOOR_002	1.5912	26	4294967295	4294967295	3	65535	65535	255	4294967295	4294967295	4	255	255	255	255	255	255	255	255	255	1	2	255	255	255	255	255	255	255	255	2	255	255	255	255	255	255	255	255	255	3	4	255	255	255	255	255	255	255	255	255	255	255	255	255	255	255	255	255	255	255	255	255	255	255	255	255	255	255	255	255	255	255	255	255	255	255	255	255	255	255	255	255	255	255	255	255	255	255	255	255	255	255	255	255	255	255	255	255	255	255	255	255	255	255	255	255	255	255	255											
46	196	1	196.05	-84.58	166.49	197.4	-82.52	168.66	197.02	-84.52	167.03	0	0	1	0	0	1	D3_T_JAIL_DOOR_002	1.64126	27	4294967295	4294967295	3	65535	65535	255	4294967295	4294967295	4	255	255	255	255	255	255	255	255	255	255	255	255	255	255	255	255	255	255	255	255	255	255	255	255	255	255	255	255	255	255	255	255	255	255	255	255	255	255	255	255	255	255	255	255	255	255	255	255	255	255	255	255	255	255	255	255	255	255	255	255	255	255	255	255	255	255	255	255	255	255	255	255	255	255	255	255	255	255	255	255	255	255	255	255	255	255	255	255	255	255	255	255	255	255	255	255	255	255	255											
47	196	1	314.78	-84.48	107.98	315.91	-82.42	110.18	315.56	-84.42	108.51	0	0	1	1	0	1	D3_T_JAIL_DOOR_002	1.60939	28	4294967295	4294967295	3	65535	65535	255	4294967295	4294967295	4	255	255	255	255	255	255	255	255	255	1	2	255	255	255	255	255	255	255	255	2	255	255	255	255	255	255	255	255	255	3	4	255	255	255	255	255	255	255	255	255	255	255	255	255	255	255	255	255	255	255	255	255	255	255	255	255	255	255	255	255	255	255	255	255	255	255	255	255	255	255	255	255	255	255	255	255	255	255	255	255	255	255	255	255	255	255	255	255	255	255	255	255	255	255	255	255	255	255	255											
