1	22612101	-54.54	0.05	-341.67	0.671176	0	0.741298	1	1	7200	0	1	1	1	4294967295	3.40282e+38	0	3.40282e+38	4294967295	4294967295	4294967295	4294967295	32	0	1	
2	22612101	-42.05	1.82	-358.98	-0.6	0	0.8	1	1	7200	0	1	1	1	4294967295	3.40282e+38	0	3.40282e+38	4294967295	4294967295	4294967295	4294967295	32	0	1	
3	26011204	-49.5	0.05	-345.51	0.707107	0	-0.707107	1	1	7200	0	1	1	1	4294967295	3.40282e+38	0	3.40282e+38	4294967295	4294967295	4294967295	4294967295	32	0	1	
4	26011204	-38.81	0.05	-339.35	-0.721988	0	0.691905	1	1	7200	0	1	1	1	4294967295	3.40282e+38	0	3.40282e+38	4294967295	4294967295	4294967295	4294967295	32	0	1	
5	26711101	-117.13	0.05	-281.66	0.875578	0	0.483077	1	1	7200	1	4	3	3	4294967295	3.40282e+38	0	3.40282e+38	4294967295	4294967295	4294967295	4294967295	113	0	3	
6	26711101	-141.56	0.05	-294.19	0.875578	0	0.483077	1	1	7200	1	4	3	2	4294967295	3.40282e+38	0	3.40282e+38	4294967295	4294967295	4294967295	4294967295	112	0	3	
7	26711101	-107.78	0.05	-281.72	0.875578	0	0.483077	1	1	7200	1	4	3	1	4294967295	3.40282e+38	0	3.40282e+38	4294967295	4294967295	4294967295	4294967295	113	0	3	
8	27111201	-120.24	0.05	-314.85	0	0	1	1	1	7200	1	4	3	5	4294967295	3.40282e+38	0	3.40282e+38	4294967295	4294967295	4294967295	4294967295	111	0	3	
9	27111201	-129.4	0.05	-314.89	0	0	1	1	1	7200	1	4	3	6	4294967295	3.40282e+38	0	3.40282e+38	4294967295	4294967295	4294967295	4294967295	111	0	3	
10	27111201	-138.55	0.05	-300.22	0	0	1	1	1	7200	1	4	3	4	4294967295	3.40282e+38	0	3.40282e+38	4294967295	4294967295	4294967295	4294967295	112	0	3	
11	22612104	-219.28	0.05	-472.56	0	0	1	1	1	7200	0	1	1	1	4294967295	3.40282e+38	0	3.40282e+38	4294967295	4294967295	4294967295	4294967295	5	0	2	
12	22612104	-204.73	0.05	-472.39	0	0	1	1	1	7200	0	1	1	1	4294967295	3.40282e+38	0	3.40282e+38	4294967295	4294967295	4294967295	4294967295	5	0	2	
13	22612104	-191.35	0.05	-472.42	0	0	1	1	1	7200	0	1	1	1	4294967295	3.40282e+38	0	3.40282e+38	4294967295	4294967295	4294967295	4294967295	5	0	2	
14	22612104	-177.89	0.05	-472.77	0	0	1	1	1	7200	0	1	1	1	4294967295	3.40282e+38	0	3.40282e+38	4294967295	4294967295	4294967295	4294967295	5	0	2	
15	22612104	-145.99	0.05	-472.91	0	0	1	1	1	7200	0	1	1	1	4294967295	3.40282e+38	0	3.40282e+38	4294967295	4294967295	4294967295	4294967295	4	0	2	
16	22612104	-132.16	0.05	-472.65	0	0	1	1	1	7200	0	1	1	1	4294967295	3.40282e+38	0	3.40282e+38	4294967295	4294967295	4294967295	4294967295	4	0	2	
17	22612104	-118.5	0.05	-472.61	0	0	1	1	1	7200	0	1	1	1	4294967295	3.40282e+38	0	3.40282e+38	4294967295	4294967295	4294967295	4294967295	4	0	2	
18	22612104	-104.67	0.05	-472.18	0	0	1	1	1	7200	0	1	1	1	4294967295	3.40282e+38	0	3.40282e+38	4294967295	4294967295	4294967295	4294967295	4	0	2	
19	26711101	-128.29	0.05	-448.11	0	0	1	1	1	7200	1	2	2	4	4294967295	3.40282e+38	0	3.40282e+38	4294967295	4294967295	4294967295	4294967295	7	0	4294967295	
20	24911101	-112.21	0.05	-430.08	-0.0499376	0	-0.998752	1	1	7200	1	2	2	6	4294967295	3.40282e+38	0	3.40282e+38	4294967295	4294967295	4294967295	4294967295	7	0	4294967295	
21	26711101	-112.19	0.05	-395.17	0.0499376	0	-0.998752	1	1	7200	1	2	2	0	4294967295	3.40282e+38	0	3.40282e+38	4294967295	4294967295	4294967295	4294967295	8	0	4294967295	
22	24911101	-154.54	0.05	-394.63	0.0499376	0	-0.998752	1	1	7200	1	2	2	3	4294967295	3.40282e+38	0	3.40282e+38	4294967295	4294967295	4294967295	4294967295	4294967295	0	4294967295	
23	24911101	-208.55	0.05	-412.46	0	0	1	1	1	7200	1	2	2	6	4294967295	3.40282e+38	0	3.40282e+38	4294967295	4294967295	4294967295	4294967295	9	0	4294967295	
24	24911101	-212.22	0.05	-447.73	0	0	1	1	1	7200	1	2	2	1	4294967295	3.40282e+38	0	3.40282e+38	4294967295	4294967295	4294967295	4294967295	10	0	4294967295	
25	24911101	-195.42	0.05	-447.75	0	0	1	1	1	7200	1	2	2	3	4294967295	3.40282e+38	0	3.40282e+38	4294967295	4294967295	4294967295	4294967295	10	0	4294967295	
26	24911101	-162.12	0.05	-425.97	0.120331	0	0.992734	1	1	7200	0	1	1	1	4294967295	3.40282e+38	0	3.40282e+38	4294967295	4294967295	4294967295	4294967295	11	0	4294967295	
27	24911101	-169.44	0.05	-431.29	0	0	1	1	1	7200	0	1	1	1	4294967295	3.40282e+38	0	3.40282e+38	4294967295	4294967295	4294967295	4294967295	11	0	4294967295	
28	24911101	-154.96	0.05	-431.52	0	0	1	1	1	7200	0	1	1	1	4294967295	3.40282e+38	0	3.40282e+38	4294967295	4294967295	4294967295	4294967295	11	0	4294967295	
29	27116101	-161.83	0.05	-417.64	0	0	1	1	1	7200	0	1	1	1	4294967295	3.40282e+38	0	3.40282e+38	7116122	1	4294967295	4294967295	11	0	4294967295	
30	26711101	-209.58	0.05	-394.83	0.120331	0	-0.992734	1	1	7200	1	2	2	7	4294967295	3.40282e+38	0	3.40282e+38	4294967295	4294967295	4294967295	4294967295	9	0	4294967295	
31	26711101	-215.46	0.05	-386.03	0.994937	0	-0.100499	1	1	7200	3	1	1	1	4294967295	4.51	0	4.26	4294967295	4294967295	4294967295	4294967295	1	0	4294967295	
32	24911101	-210.94	0.05	-381.77	0.994937	0	-0.100499	1	1	7200	2	1	1	1	1	0	0	0	4294967295	4294967295	4294967295	4294967295	1	1	4294967295	
33	26711101	-215.58	0.05	-378.14	0.994937	0	-0.100499	1	1	7200	3	1	1	1	4294967295	4.64	0	3.63	4294967295	4294967295	4294967295	4294967295	1	0	4294967295	
34	26711101	-219.23	0.05	-429.64	0.0299865	0	-0.99955	1	1	7200	1	2	2	0	4294967295	3.40282e+38	0	3.40282e+38	4294967295	4294967295	4294967295	4294967295	10	0	4294967295	
35	26711101	-204.27	0.05	-429.49	0.0299865	0	-0.99955	1	1	7200	1	2	2	2	4294967295	3.40282e+38	0	3.40282e+38	4294967295	4294967295	4294967295	4294967295	10	0	4294967295	
36	26711101	-197.81	0.05	-412.58	0	0	1	1	1	7200	1	2	2	5	4294967295	3.40282e+38	0	3.40282e+38	4294967295	4294967295	4294967295	4294967295	9	0	4294967295	
37	24911101	-191.39	0.05	-394.87	0.120331	0	-0.992734	1	1	7200	1	2	2	4	4294967295	3.40282e+38	0	3.40282e+38	4294967295	4294967295	4294967295	4294967295	9	0	4294967295	
38	24911101	-120.19	0.05	-412.74	0	0	1	1	1	7200	1	2	2	2	4294967295	3.40282e+38	0	3.40282e+38	4294967295	4294967295	4294967295	4294967295	8	0	4294967295	
39	24911101	-102.58	0.05	-412.88	0	0	1	1	1	7200	1	2	2	1	4294967295	3.40282e+38	0	3.40282e+38	4294967295	4294967295	4294967295	4294967295	8	0	4294967295	
40	24911101	-124.88	0.05	-429.94	-0.0499376	0	-0.998752	1	1	7200	1	2	2	5	4294967295	3.40282e+38	0	3.40282e+38	4294967295	4294967295	4294967295	4294967295	7	0	4294967295	
41	26711101	-105.4	0.05	-447.96	0	0	1	1	1	7200	1	2	2	7	4294967295	3.40282e+38	0	3.40282e+38	4294967295	4294967295	4294967295	4294967295	7	0	4294967295	
42	26711101	-198.75	0.05	-283.93	-0.019996	0	-0.9998	1	1	900	1	4	3	1	4294967295	3.40282e+38	0	3.40282e+38	4294967295	4294967295	4294967295	4294967295	103	0	4	
43	26711101	-192.16	0.05	-311.59	-0.019996	0	-0.9998	1	1	7200	1	4	3	3	4294967295	3.40282e+38	0	3.40282e+38	4294967295	4294967295	4294967295	4294967295	102	0	4	
44	26711101	-203.33	0.05	-311.26	-0.019996	0	-0.9998	1	1	7200	1	4	3	2	4294967295	3.40282e+38	0	3.40282e+38	4294967295	4294967295	4294967295	4294967295	102	0	4	
45	27111201	-202.18	0.05	-278.07	0.45122	0	-0.892413	1	1	900	1	4	3	5	4294967295	3.40282e+38	0	3.40282e+38	4294967295	4294967295	4294967295	4294967295	103	0	4	
46	27111201	-194.35	0.05	-277.91	0.221187	0	-0.975232	1	1	900	1	4	3	6	4294967295	3.40282e+38	0	3.40282e+38	4294967295	4294967295	4294967295	4294967295	103	0	4	
47	27111201	-197.64	0.05	-315.17	0.0499376	0	-0.998752	1	1	7200	1	10	5	4	4294967295	3.40282e+38	0	3.40282e+38	4294967295	4294967295	4294967295	4294967295	102	0	4	
48	23593101	-94.44	0.05	-404	-0.998752	0	-0.0499376	1	1	7200	1	1	1	1	4294967295	3.40282e+38	0	3.40282e+38	4294967295	4294967295	4294967295	4294967295	4294967295	0	2	
49	23593101	-228.62	0.05	-438.74	0.998752	0	-0.0499376	1	1	7200	0	1	1	1	4294967295	3.40282e+38	0	3.40282e+38	4294967295	4294967295	4294967295	4294967295	4294967295	0	2	
50	22612101	-76.96	0.05	-273.67	0.9998	0	0.019996	1	1	7200	2	1	1	5	54	0	0	0	4294967295	4294967295	4294967295	4294967295	76	1	1	
51	26011204	-81.86	0.05	-276.64	0.9998	0	-0.019996	1	1	7200	3	1	1	5	4294967295	4.9	0	2.97	4294967295	4294967295	4294967295	4294967295	76	0	1	
52	26011204	-81.68	0.05	-270.7	0.997559	0	0.0698291	1	1	7200	3	1	1	5	4294967295	4.73	0	2.97	4294967295	4294967295	4294967295	4294967295	76	0	1	
53	22612101	-59.2	0.05	-270.49	0.855732	0	-0.517419	1	1	7200	1	5	5	5	4294967295	3.40282e+38	0	3.40282e+38	4294967295	4294967295	4294967295	4294967295	4294967295	0	1	
54	26011204	-43.52	0.05	-277.61	0	0	1	1	1	900	1	5	5	5	4294967295	3.40282e+38	0	3.40282e+38	4294967295	4294967295	4294967295	4294967295	4294967295	0	1	
55	26011204	-53.6	0.05	-275.98	-0.0299865	0	-0.99955	1	1	900	1	5	5	3	4294967295	3.40282e+38	0	3.40282e+38	4294967295	4294967295	4294967295	4294967295	4294967295	0	1	
56	22612101	-48.44	0.05	-274.74	0	0	1	1	1	7200	1	10	10	5	4294967295	3.40282e+38	0	3.40282e+38	4294967295	4294967295	4294967295	4294967295	4294967295	0	1	
57	22612101	-51.93	0.05	-285.79	-0.0299865	0	-0.99955	1	1	7200	2	1	1	5	56	0	0	0	4294967295	4294967295	4294967295	4294967295	78	1	1	
58	22612101	-41.58	0.05	-313.98	0	0	1	1	1	7200	3	1	1	5	4294967295	10.35	0	28.19	4294967295	4294967295	4294967295	4294967295	78	0	1	
59	26711101	-145.85	0.05	-270.68	0.99955	0	0.0299865	1	1	7200	2	1	3	3	57	0	0	0	4294967295	4294967295	4294967295	4294967295	115	1	3	
60	26752101	-165.54	0.55	-470.95	-0.019996	0	0.9998	1	1	7200	2	1	3	3	64	0	0	0	4294967295	4294967295	4294967295	4294967295	90	1	4294967295	
61	26752101	-158.87	0.55	-475.02	0	0	1	1	1	7200	3	1	3	3	4294967295	0.02	0	4.02	4294967295	4294967295	4294967295	4294967295	91	0	4294967295	
62	26752101	-165.79	0.55	-475.14	0	0	1	1	1	7200	3	1	3	3	4294967295	0.25	0	4.19	4294967295	4294967295	4294967295	4294967295	90	0	4294967295	
63	26752101	-141.73	0.05	-362.97	0.019996	0	-0.9998	1	1	7200	2	1	3	3	59	3.40282e+38	0	3.40282e+38	4294967295	4294967295	4294967295	4294967295	92	0	4294967295	
64	26752101	-155.13	0.05	-363.11	0.019996	0	-0.9998	1	1	7200	2	1	3	3	60	3.40282e+38	0	3.40282e+38	4294967295	4294967295	4294967295	4294967295	92	0	4294967295	
65	22612104	-146.25	0.05	-277.67	0.9998	0	0.019996	1	1	7200	3	1	1	1	4294967295	0.41	0	6.98	4294967295	4294967295	4294967295	4294967295	115	0	3	
66	26711101	-103.24	0.05	-322.19	-1	0	0	1	1	7200	2	1	3	3	58	0	0	0	4294967295	4294967295	4294967295	4294967295	114	1	3	
67	22612104	-103.54	0.05	-316.72	-1	0	0	1	1	7200	3	1	1	1	4294967295	0.3	0	5.47	4294967295	4294967295	4294967295	4294967295	114	0	3	
68	22612104	-111.95	0.05	-287.01	0	0	1	1	1	7200	1	5	1	2	4294967295	3.40282e+38	0	3.40282e+38	4294967295	4294967295	4294967295	4294967295	113	0	3	
69	22612104	-125.02	0.05	-309.07	0	0	1	1	1	7200	1	5	1	0	4294967295	3.40282e+38	0	3.40282e+38	4294967295	4294967295	4294967295	4294967295	111	0	3	
70	22612104	-133.12	0.05	-294.02	0.970728	0	0.24018	1	1	7200	1	5	1	1	4294967295	3.40282e+38	0	3.40282e+38	4294967295	4294967295	4294967295	4294967295	112	0	3	
71	26752101	-124.96	0.05	-384.74	-0.777941	0	-0.628337	1	1	900	1	13	30	3	4294967295	3.40282e+38	0	3.40282e+38	4294967295	4294967295	4294967295	4294967295	104	0	4294967295	
72	26752101	-129.59	0.05	-379.2	-1	0	0	1	1	900	1	13	30	4	4294967295	3.40282e+38	0	3.40282e+38	4294967295	4294967295	4294967295	4294967295	104	0	4294967295	
73	26752101	-117.83	0.05	-378.81	-0.540758	0	0.841178	1	1	900	1	13	30	5	4294967295	3.40282e+38	0	3.40282e+38	4294967295	4294967295	4294967295	4294967295	104	0	4294967295	
74	26752101	-214.05	0.05	-417.28	0.99955	0	0.0299865	1	1	7200	3	1	1	1	4294967295	0.16	0	7.32	4294967295	4294967295	4294967295	4294967295	86	0	4294967295	
75	26752101	-213.89	0.21	-424.6	0.998752	0	-0.0499376	1	1	7200	2	1	1	1	61	0	0	0	4294967295	4294967295	4294967295	4294967295	86	1	4294967295	
76	22612104	-218.62	0.21	-421.22	0.998752	0	0.0499376	1	1	7200	3	1	1	1	4294967295	4.74	0	3.38	4294967295	4294967295	4294967295	4294967295	86	0	4294967295	
77	26752101	-108.29	0.21	-418.71	-0.9998	0	-0.019996	1	1	7200	2	1	1	1	62	0	0	0	4294967295	4294967295	4294967295	4294967295	88	1	4294967295	
78	26752101	-108.43	0.21	-423.86	-0.9998	0	-0.019996	1	1	7200	3	1	1	1	4294967295	0.14	0	5.15	4294967295	4294967295	4294967295	4294967295	88	0	4294967295	
79	22612104	-104.28	0.21	-421.17	-0.9998	0	-0.019996	1	1	7200	3	1	1	1	4294967295	4.01	0	2.45	4294967295	4294967295	4294967295	4294967295	88	0	4294967295	
80	26752101	-158.84	0.55	-471.01	0	0	1	1	1	7200	2	1	3	3	65	0	0	0	4294967295	4294967295	4294967295	4294967295	91	1	4294967295	
81	23623101	-222.17	0.05	-301.05	0	0	1	1	1	7200	2	1	1	5	66	0	0	0	4294967295	4294967295	4294967295	4294967295	95	1	4	
82	23623101	-129.37	0.05	-414.56	-0.99955	0	-0.0299865	1	1	7200	2	1	1	1	67	3.40282e+38	0	3.40282e+38	4294967295	4294967295	4294967295	4294967295	4294967295	0	4294967295	
83	26711101	-222.69	0.05	-306.56	0	0	1	1	1	7200	3	1	1	3	4294967295	0.52	0	5.51	4294967295	4294967295	4294967295	4294967295	95	0	4	
84	23623101	-220.29	0.05	-274.03	-0.777941	0	0.628337	1	1	7200	2	1	1	5	70	3.40282e+38	0	3.40282e+38	4294967295	4294967295	4294967295	4294967295	4294967295	0	4	
85	21832101	176.64	0.18	-350.11	0.828964	0	-0.559301	1	1	7200	3	1	1	1	4294967295	3.89	0	0.63	4294967295	4294967295	4294967295	4294967295	42	0	4294967295	
86	21832101	179.91	0.18	-346.72	0.828964	0	-0.559301	1	1	7200	3	1	1	1	4294967295	0.62	0	4.02	4294967295	4294967295	4294967295	4294967295	42	0	4294967295	
87	27113204	180.53	0.18	-350.74	0.828964	0	-0.559301	1	1	7200	2	1	1	1	42	0	0	0	4294967295	4294967295	4294967295	4294967295	42	1	4294967295	
88	21832101	153.32	0.18	-299.15	0.0896377	0	-0.995974	1	1	7200	3	1	1	1	4294967295	2.37	0	3.82	4294967295	4294967295	4294967295	4294967295	183	0	4294967295	
89	27113301	155.68	0.18	-302.98	0.209529	0	-0.977802	1	1	7200	2	1	1	1	40	0	0	0	4294967295	4294967295	4294967295	4294967295	183	1	4294967295	
90	21832101	158.27	0.18	-299.21	-0.0499376	0	-0.998752	1	1	7200	3	1	1	1	4294967295	2.59	0	3.77	4294967295	4294967295	4294967295	4294967295	183	0	4294967295	
91	28431101	166.98	0.18	-332.37	0.855732	0	0.517419	1	1	30	0	1	1	1	4294967295	3.40282e+38	0	3.40282e+38	4294967295	4294967295	4294967295	4294967295	4294967295	0	14	
92	28431101	169.73	0.18	-336.9	0.855732	0	0.517419	1	1	30	0	1	1	1	4294967295	3.40282e+38	0	3.40282e+38	4294967295	4294967295	4294967295	4294967295	4294967295	0	14	
93	27113204	255.41	0.18	-348.47	-0.892413	0	-0.45122	1	1	7200	2	1	1	1	41	0	0	0	4294967295	4294967295	4294967295	4294967295	180	1	4294967295	
94	26752101	218.39	0.18	-271.14	-0.0698291	0	-0.997559	1	1	7200	1	1	1	1	4294967295	3.40282e+38	0	3.40282e+38	4294967295	4294967295	4294967295	4294967295	178	0	4294967295	
95	26752101	192.22	0.18	-285.63	0.828964	0	-0.559301	1	1	7200	1	1	1	1	4294967295	3.40282e+38	0	3.40282e+38	4294967295	4294967295	4294967295	4294967295	178	0	4294967295	
96	26752101	192.25	0.18	-316.25	0.867014	0	0.498284	1	1	7200	1	1	1	1	4294967295	3.40282e+38	0	3.40282e+38	4294967295	4294967295	4294967295	4294967295	177	0	4294967295	
97	26752101	218.17	0.18	-331.21	0	0	1	1	1	7200	1	1	1	1	4294967295	3.40282e+38	0	3.40282e+38	4294967295	4294967295	4294967295	4294967295	177	0	4294967295	
98	26752101	244.34	0.18	-316.13	-0.867014	0	0.498284	1	1	7200	1	1	1	1	4294967295	3.40282e+38	0	3.40282e+38	4294967295	4294967295	4294967295	4294967295	177	0	4294967295	
99	26752101	243.87	0.18	-286.23	-0.8	0	-0.6	1	1	7200	1	1	1	1	4294967295	3.40282e+38	0	3.40282e+38	4294967295	4294967295	4294967295	4294967295	178	0	4294967295	
100	23623101	172.35	0.18	-300.56	0.159546	0	0.987191	1	1	7200	1	15	15	5	4294967295	16.67	0	2.41	4294967295	4294967295	4294967295	4294967295	183	0	4294967295	
101	23623101	191.09	0.18	-337.12	-0.750713	0	0.660628	1	1	7200	1	15	15	4	4294967295	3.40282e+38	0	3.40282e+38	4294967295	4294967295	4294967295	4294967295	4294967295	0	4294967295	
102	23623101	190.83	0.18	-265.13	0.777941	0	0.628337	1	1	7200	1	15	15	3	4294967295	10.41	0	13.1	4294967295	4294967295	4294967295	4294967295	182	0	4294967295	
103	23623101	242.79	0.18	-260.55	0	0	1	1	1	7200	1	15	15	3	4294967295	10.25	0	10.97	4294967295	4294967295	4294967295	4294967295	181	0	4294967295	
104	23623101	244.3	0.18	-336.46	-0.828964	0	-0.559301	1	1	7200	1	15	15	3	4294967295	11.11	0	12.02	4294967295	4294967295	4294967295	4294967295	180	0	4294967295	
105	26752101	215.01	0.18	-359.84	0	0	1	1	1	7200	4	1	1	1	103	3.40282e+38	0	3.40282e+38	4294967295	4294967295	4294967295	4294967295	186	0	18	
106	26752101	211.22	0.18	-358.48	0	0	1	1	1	7200	4	1	1	1	104	3.40282e+38	0	3.40282e+38	4294967295	4294967295	4294967295	4294967295	186	0	18	
107	26752101	221.25	0.18	-359.96	0	0	1	1	1	7200	4	1	1	1	102	3.40282e+38	0	3.40282e+38	4294967295	4294967295	4294967295	4294967295	186	0	18	
108	26752101	225	0.18	-357.65	0	0	1	1	1	7200	4	1	1	1	105	3.40282e+38	0	3.40282e+38	4294967295	4294967295	4294967295	4294967295	186	0	18	
109	27113301	278.12	0.18	-303.1	-0.209529	0	-0.977802	1	1	7200	2	1	1	1	38	0	0	0	4294967295	4294967295	4294967295	4294967295	179	1	4294967295	
110	21832101	280.48	0.18	-299.29	-0.209529	0	-0.977802	1	1	7200	3	1	1	1	4294967295	2.37	0	3.81	4294967295	4294967295	4294967295	4294967295	179	0	4294967295	
111	21832101	259.5	0.18	-347.62	-0.892413	0	-0.45122	1	1	7200	3	1	1	1	4294967295	4.09	0	0.85	4294967295	4294967295	4294967295	4294967295	180	0	4294967295	
112	21832101	275.68	0.18	-299.49	-0.209529	0	-0.977802	1	1	7200	3	1	1	1	4294967295	2.44	0	3.61	4294967295	4294967295	4294967295	4294967295	179	0	4294967295	
113	28431101	266.47	0.18	-336.57	-0.786664	0	0.617382	1	1	30	0	1	1	1	4294967295	3.40282e+38	0	3.40282e+38	4294967295	4294967295	4294967295	4294967295	4294967295	0	15	
114	28431101	269.69	0.18	-332.33	-0.786664	0	0.617382	1	1	30	0	1	1	1	4294967295	3.40282e+38	0	3.40282e+38	4294967295	4294967295	4294967295	4294967295	4294967295	0	15	
115	21832101	256.4	0.18	-344.52	-0.892413	0	-0.45122	1	1	7200	3	1	1	1	4294967295	0.99	0	3.95	4294967295	4294967295	4294967295	4294967295	180	0	4294967295	
116	23623101	262.29	0.18	-301.34	0	0	1	1	1	7200	1	15	15	3	4294967295	15.83	0	1.77	4294967295	4294967295	4294967295	4294967295	179	0	4294967295	
117	22612101	-26.44	-8.32	-246.75	-0	0	-1	1	1	7200	2	1	1	5	55	0	0	0	4294967295	4294967295	4294967295	4294967295	77	1	1	
118	26011204	-26.19	-5.76	-253.45	-0.0299865	0	-0.99955	1	1	7200	3	1	1	5	4294967295	0.26	0	6.7	4294967295	4294967295	4294967295	4294967295	77	0	1	
119	26011204	-26.72	-13.24	-239.77	0	0	1	1	1	7200	3	1	1	5	4294967295	0.28	0	6.98	4294967295	4294967295	4294967295	4294967295	77	0	1	
120	21832101	251.99	0.18	-245.99	0.828964	0	-0.559301	1	1	7200	3	1	1	1	4294967295	1.05	0	3.59	4294967295	4294967295	4294967295	4294967295	181	0	4294967295	
121	27113301	253.04	0.18	-249.58	0.828964	0	-0.559301	1	1	7200	2	1	1	1	37	0	0	0	4294967295	4294967295	4294967295	4294967295	181	1	4294967295	
122	21832101	249.34	0.18	-249.42	0.828964	0	-0.559301	1	1	7200	3	1	1	1	4294967295	3.7	0	0.16	4294967295	4294967295	4294967295	4294967295	181	0	4294967295	
123	21832101	182.05	0.18	-247.63	-0.828964	0	-0.559301	1	1	7200	3	1	1	1	4294967295	1.63	0	4.4	4294967295	4294967295	4294967295	4294967295	182	0	4294967295	
124	27113301	180.42	0.18	-252.03	-0.828964	0	-0.559301	1	1	7200	2	1	1	1	39	0	0	0	4294967295	4294967295	4294967295	4294967295	182	1	4294967295	
125	21832101	184.39	0.18	-252.44	-0.828964	0	-0.559301	1	1	7200	3	1	1	1	4294967295	3.97	0	0.41	4294967295	4294967295	4294967295	4294967295	182	0	4294967295	
126	28141101	304.76	0.11	-25.81	-0.990149	0	0.140021	1	1	900	0	1	1	1	4294967295	3.40282e+38	0	3.40282e+38	4294967295	4294967295	4294967295	4294967295	65	0	10	
127	28141101	304.9	0.11	-32.84	-0.990149	0	0.140021	1	1	900	0	1	1	1	4294967295	3.40282e+38	0	3.40282e+38	4294967295	4294967295	4294967295	4294967295	65	0	10	
128	28141101	309.92	0.11	-29.28	-0.990149	0	0.140021	1	1	900	0	1	1	1	4294967295	3.40282e+38	0	3.40282e+38	4294967295	4294967295	4294967295	4294967295	65	0	10	
129	27116104	402.04	2.3	-135.58	0	0	1	1	1	7200	0	1	1	1	4294967295	3.40282e+38	0	3.40282e+38	7116125	1	4294967295	4294967295	30	0	19	
130	21251101	329.54	0	-98.54	-0.209529	0	0.977802	1	1	7200	2	1	1	1	26	3.40282e+38	0	3.40282e+38	4294967295	4294967295	4294967295	4294967295	29	0	11	
131	27711101	395.4	2.3	-144.13	0	0	1	1	1	7200	0	1	1	1	4294967295	3.40282e+38	0	3.40282e+38	4294967295	4294967295	4294967295	4294967295	30	0	11	
132	27113201	331.1	0	-91.51	0.120331	0	0.992734	1	1	7200	2	1	1	1	25	3.40282e+38	0	3.40282e+38	4294967295	4294967295	4294967295	4294967295	29	0	11	
133	27113201	328.73	0	-65.08	-0.0896377	0	-0.995974	1	1	7200	2	1	1	1	24	3.40282e+38	0	3.40282e+38	4294967295	4294967295	4294967295	4294967295	29	0	11	
134	27113201	472.15	-0	-47.91	0.0299865	0	-0.99955	1	1	7200	2	1	1	1	30	3.40282e+38	0	3.40282e+38	4294967295	4294967295	4294967295	4294967295	31	0	11	
135	27113201	471.59	-0	-65.11	-0.019996	0	-0.9998	1	1	7200	2	1	1	1	29	3.40282e+38	0	3.40282e+38	4294967295	4294967295	4294967295	4294967295	31	0	11	
136	27113201	474.38	-0	-90.1	0.019996	0	0.9998	1	1	7200	2	1	1	1	28	3.40282e+38	0	3.40282e+38	4294967295	4294967295	4294967295	4294967295	31	0	11	
137	24911304	401.96	2.3	-147.35	0	0	1	1	1	7200	0	1	1	1	4294967295	3.40282e+38	0	3.40282e+38	4294967295	4294967295	4294967295	4294967295	30	0	11	
138	27711101	409.75	2.3	-144.69	0	0	1	1	1	7200	0	1	1	1	4294967295	3.40282e+38	0	3.40282e+38	4294967295	4294967295	4294967295	4294967295	30	0	11	
139	21251101	329.02	0	-56.48	0.24018	0	-0.970728	1	1	7200	2	1	1	1	27	3.40282e+38	0	3.40282e+38	4294967295	4294967295	4294967295	4294967295	29	0	11	
140	27113201	474.48	-0	-101.99	-0.43921	0	0.898384	1	1	7200	2	1	1	1	31	3.40282e+38	0	3.40282e+38	4294967295	4294967295	4294967295	4294967295	31	0	11	
141	24911304	454.32	-0	-76.37	0	0	1	1	1	7200	2	1	1	1	10	0	0	0	4294967295	4294967295	4294967295	4294967295	28	1	11	
142	27711101	457.05	-0	-80.25	0	0	1	1	1	7200	3	1	1	1	4294967295	2.73	0	3.88	4294967295	4294967295	4294967295	4294967295	28	0	11	
143	27711101	450.85	-0	-80.11	0	0	1	1	1	7200	3	1	1	1	4294967295	3.48	0	3.74	4294967295	4294967295	4294967295	4294967295	28	0	11	
144	24911304	338.95	-0	-59.69	0.0698291	0	-0.997559	1	1	7200	2	1	1	1	9	0	0	0	4294967295	4294967295	4294967295	4294967295	27	1	11	
145	27711101	335.71	-0	-55.75	0.0698291	0	-0.997559	1	1	7200	3	1	1	1	4294967295	3.24	0	3.95	4294967295	4294967295	4294967295	4294967295	27	0	11	
146	27711101	342.79	-0	-55.86	0.0698291	0	-0.997559	1	1	7200	3	1	1	1	4294967295	3.84	0	3.84	4294967295	4294967295	4294967295	4294967295	27	0	11	
147	27711101	401.6	0.47	-111.42	-0.0896377	0	-0.995974	1	1	7200	2	1	1	1	11	0	0	0	4294967295	4294967295	4294967295	4294967295	174	1	11	
148	24911304	399.51	-0.5	-108.5	-0.0896377	0	-0.995974	1	1	7200	3	1	1	1	4294967295	2.09	0	2.92	4294967295	4294967295	4294967295	4294967295	174	0	11	
149	24911304	403.26	-0.5	-108.61	-0.0896377	0	-0.995974	1	1	7200	3	1	1	1	4294967295	1.67	0	2.8	4294967295	4294967295	4294967295	4294967295	174	0	11	
150	27113201	362.41	-0.5	-98.86	0.190333	0	-0.98172	1	1	7200	1	2	2	4	4294967295	3.40282e+38	0	3.40282e+38	4294967295	4294967295	4294967295	4294967295	62	0	11	
151	27113201	368.63	-0.5	-102.55	-0.987191	0	0.159546	1	1	7200	1	2	2	6	4294967295	3.40282e+38	0	3.40282e+38	4294967295	4294967295	4294967295	4294967295	62	0	11	
152	27113201	356.99	-0.5	-102.23	0.99955	0	-0.0299865	1	1	7200	1	2	2	4	4294967295	3.40282e+38	0	3.40282e+38	4294967295	4294967295	4294967295	4294967295	62	0	11	
153	27113201	368.41	-0.5	-79.91	-0.9998	0	-0.019996	1	1	7200	1	2	2	3	4294967295	3.40282e+38	0	3.40282e+38	4294967295	4294967295	4294967295	4294967295	63	0	11	
154	27113201	362.06	-0.5	-76.19	-0.100499	0	-0.994937	1	1	7200	1	2	2	2	4294967295	3.40282e+38	0	3.40282e+38	4294967295	4294967295	4294967295	4294967295	63	0	11	
155	27113201	355.76	-0.5	-79.42	0.992734	0	-0.120331	1	1	7200	1	2	2	1	4294967295	3.40282e+38	0	3.40282e+38	4294967295	4294967295	4294967295	4294967295	63	0	11	
156	27113201	444.45	-0.5	-60.57	0	0	1	1	1	7200	1	2	2	4	4294967295	3.40282e+38	0	3.40282e+38	4294967295	4294967295	4294967295	4294967295	61	0	11	
157	27113201	447.33	-0.5	-56.55	-0.997559	0	0.0698291	1	1	7200	1	2	2	5	4294967295	3.40282e+38	0	3.40282e+38	4294967295	4294967295	4294967295	4294967295	61	0	11	
158	27113201	439.94	-0.5	-53.81	-0.998752	0	0.0499376	1	1	7200	1	2	2	6	4294967295	3.40282e+38	0	3.40282e+38	4294967295	4294967295	4294967295	4294967295	61	0	11	
159	27113201	445.44	-0.5	-98.76	-0.019996	0	-0.9998	1	1	7200	1	2	2	2	4294967295	3.40282e+38	0	3.40282e+38	4294967295	4294967295	4294967295	4294967295	60	0	11	
160	27113201	445	-0.5	-107.4	-0.019996	0	0.9998	1	1	7200	1	2	2	1	4294967295	3.40282e+38	0	3.40282e+38	4294967295	4294967295	4294967295	4294967295	60	0	11	
161	27113201	438.33	-0.5	-99.24	-0.019996	0	-0.9998	1	1	7200	1	2	2	3	4294967295	3.40282e+38	0	3.40282e+38	4294967295	4294967295	4294967295	4294967295	60	0	11	
162	21251101	332.46	0.47	-122.74	0.992734	0	-0.120331	1	1	7200	2	1	1	1	32	3.40282e+38	0	3.40282e+38	4294967295	4294967295	4294967295	4294967295	58	0	11	
163	27113201	336.26	0.47	-131.71	0.998752	0	0.0499376	1	1	7200	0	1	1	1	4294967295	3.40282e+38	0	3.40282e+38	4294967295	4294967295	4294967295	4294967295	58	0	11	
164	21251101	343.16	0.47	-137.11	0.950666	0	0.310217	1	1	7200	1	10	10	5	4294967295	3.40282e+38	0	3.40282e+38	4294967295	4294967295	4294967295	4294967295	58	0	11	
165	27113201	343.61	0.47	-147.78	0.741298	0	0.671176	1	1	7200	0	1	1	1	4294967295	3.40282e+38	0	3.40282e+38	4294967295	4294967295	4294967295	4294967295	58	0	11	
166	27113201	463.36	0.47	-137.5	-0.750713	0	0.660628	1	1	7200	1	10	10	5	4294967295	3.40282e+38	0	3.40282e+38	4294967295	4294967295	4294967295	4294967295	59	0	11	
167	21251101	462.66	0.47	-144.54	-0.929164	0	0.369667	1	1	7200	0	1	1	1	4294967295	3.40282e+38	0	3.40282e+38	4294967295	4294967295	4294967295	4294967295	59	0	11	
168	21251101	468.26	0.47	-131.54	-0.929164	0	0.369667	1	1	7200	0	1	1	1	4294967295	3.40282e+38	0	3.40282e+38	4294967295	4294967295	4294967295	4294967295	59	0	11	
169	27113201	472.45	0.47	-118.95	-0.990149	0	-0.140021	1	1	7200	2	1	1	1	33	3.40282e+38	0	3.40282e+38	4294967295	4294967295	4294967295	4294967295	59	0	11	
170	21251101	350.89	0.47	-156.5	0.570771	0	0.821109	1	1	7200	3	1	1	1	4294967295	4.13	0	2.28	4294967295	4294967295	4294967295	4294967295	51	0	11	
171	21251101	355.65	0.47	-158.59	0.570771	0	0.821109	1	1	7200	3	1	1	1	4294967295	0.62	0	4.37	4294967295	4294967295	4294967295	4294967295	51	0	11	
172	27113201	355.02	0.47	-154.22	0.570771	0	0.821109	1	1	7200	2	1	1	1	36	0	0	0	4294967295	4294967295	4294967295	4294967295	51	1	11	
173	24911304	418.82	2.3	-171.99	-0.0698291	0	0.997559	1	1	7200	3	1	1	1	4294967295	0.01	0	3.45	4294967295	4294967295	4294967295	4294967295	170	0	11	
174	27711101	418.81	2.3	-168.55	-0.0698291	0	0.997559	1	1	7200	2	1	1	1	34	0	0	0	4294967295	4294967295	4294967295	4294967295	170	1	11	
175	24911304	383.74	2.3	-172.01	0	0	1	1	1	7200	3	1	1	1	4294967295	0.1	0	3.9	4294967295	4294967295	4294967295	4294967295	171	0	11	
176	27711101	383.64	2.3	-168.1	0	0	1	1	1	7200	2	1	1	1	35	0	0	0	4294967295	4294967295	4294967295	4294967295	171	1	11	
177	27113201	401.73	-0.5	-99.38	0	0	1	1	1	7200	0	1	1	8	4294967295	0.13	0	12.04	4294967295	4294967295	4294967295	4294967295	174	0	11	
178	21251101	401.84	-0.5	-89.59	0.0499376	0	-0.998752	1	1	7200	0	1	1	8	4294967295	3.40282e+38	0	3.40282e+38	4294967295	4294967295	4294967295	4294967295	167	0	4294967295	
179	21251101	401.96	-0.5	-82.01	0.0499376	0	-0.998752	1	1	7200	0	1	1	8	4294967295	3.40282e+38	0	3.40282e+38	4294967295	4294967295	4294967295	4294967295	167	0	4294967295	
180	27113201	402.05	-0.33	-73.59	0	0	-1	1	1	7200	0	1	1	8	4294967295	3.40282e+38	0	3.40282e+38	4294967295	4294967295	4294967295	4294967295	167	0	4294967295	
181	27113201	402.02	-0.33	-66.02	0.159546	0	-0.987191	1	1	7200	0	1	1	8	4294967295	3.40282e+38	0	3.40282e+38	7113216	4	4294967295	4294967295	167	0	4294967295	
182	21251101	390.38	-0.5	-89.69	0.0698291	0	-0.997559	1	1	7200	0	1	1	8	4294967295	3.40282e+38	0	3.40282e+38	4294967295	4294967295	4294967295	4294967295	166	0	4294967295	
183	21251101	413.41	-0.5	-88.96	-0.019996	0	-0.9998	1	1	7200	0	1	1	8	4294967295	3.40282e+38	0	3.40282e+38	7113216	1	4294967295	4294967295	168	0	4294967295	
184	21251101	390.81	-0.5	-81.71	0.159546	0	-0.987191	1	1	7200	0	1	1	8	4294967295	3.40282e+38	0	3.40282e+38	7113216	2	4294967295	4294967295	166	0	4294967295	
185	21251101	413.39	-0.5	-81.81	0.159546	0	-0.987191	1	1	7200	0	1	1	8	4294967295	3.40282e+38	0	3.40282e+38	4294967295	4294967295	4294967295	4294967295	168	0	4294967295	
186	27113201	391.01	-0.33	-73.82	0.159546	0	-0.987191	1	1	7200	0	1	1	8	4294967295	3.40282e+38	0	3.40282e+38	4294967295	4294967295	4294967295	4294967295	166	0	4294967295	
187	27113201	413.33	-0.33	-73.94	0.159546	0	-0.987191	1	1	7200	0	1	1	8	4294967295	3.40282e+38	0	3.40282e+38	4294967295	4294967295	4294967295	4294967295	168	0	4294967295	
188	27113201	391	-0.33	-65.58	0.159546	0	-0.987191	1	1	7200	0	1	1	8	4294967295	3.40282e+38	0	3.40282e+38	4294967295	4294967295	4294967295	4294967295	166	0	4294967295	
189	27113201	413.36	-0.33	-65.85	0.159546	0	-0.987191	1	1	7200	0	1	1	8	4294967295	3.40282e+38	0	3.40282e+38	4294967295	4294967295	4294967295	4294967295	168	0	4294967295	
190	21251101	379.15	-0.5	-89.8	0	0	-1	1	1	7200	0	1	1	8	4294967295	3.40282e+38	0	3.40282e+38	4294967295	4294967295	4294967295	4294967295	165	0	4294967295	
191	21251101	379.53	-0.5	-81.87	0.019996	0	-0.9998	1	1	7200	0	1	1	8	4294967295	3.40282e+38	0	3.40282e+38	4294967295	4294967295	4294967295	4294967295	165	0	4294967295	
192	27113201	380.12	-0.5	-73.68	0.159546	0	-0.987191	1	1	7200	0	1	1	8	4294967295	3.40282e+38	0	3.40282e+38	4294967295	4294967295	4294967295	4294967295	165	0	4294967295	
193	27113201	380.86	-0.5	-65.15	0.159546	0	-0.987191	1	1	7200	0	1	1	8	4294967295	3.40282e+38	0	3.40282e+38	7113216	3	4294967295	4294967295	165	0	4294967295	
194	27113201	424.93	-0.5	-66.61	0.159546	0	-0.987191	1	1	7200	0	1	1	8	4294967295	3.40282e+38	0	3.40282e+38	4294967295	4294967295	4294967295	4294967295	169	0	4294967295	
195	27113201	424.72	-0.5	-74.03	0.159546	0	-0.987191	1	1	7200	0	1	1	8	4294967295	3.40282e+38	0	3.40282e+38	7113216	5	4294967295	4294967295	169	0	4294967295	
196	21251101	424.85	-0.5	-81.67	0.159546	0	-0.987191	1	1	7200	0	1	1	8	4294967295	3.40282e+38	0	3.40282e+38	4294967295	4294967295	4294967295	4294967295	169	0	4294967295	
197	21251101	424.93	-0.5	-89.45	0.159546	0	-0.987191	1	1	7200	0	1	1	8	4294967295	3.40282e+38	0	3.40282e+38	4294967295	4294967295	4294967295	4294967295	169	0	4294967295	
198	26752101	384.42	2.3	-142.27	0	0	1	1	1	7200	1	1	1	1	4294967295	0.79	0	25.83	4294967295	4294967295	4294967295	4294967295	171	0	4294967295	
199	26752101	419.07	2.3	-142.3	0	0	1	1	1	7200	1	1	1	1	4294967295	0.25	0	26.25	4294967295	4294967295	4294967295	4294967295	170	0	4294967295	
200	24911304	362.07	0.47	-118.05	0.998752	0	0.0499376	1	1	7200	3	1	1	1	4294967295	6.5	0	0.29	4294967295	4294967295	4294967295	4294967295	173	0	11	
201	27711101	364.69	0.47	-121.47	0.997559	0	0.0698291	1	1	7200	3	1	1	1	4294967295	3.88	0	3.7	4294967295	4294967295	4294967295	4294967295	173	0	11	
202	27711101	364.46	0.47	-114.75	0.997559	0	0.0698291	1	1	7200	3	1	1	1	4294967295	4.1	0	3.02	4294967295	4294967295	4294967295	4294967295	173	0	11	
203	24911304	368.57	0.47	-117.76	0.9998	0	0.019996	1	1	7200	2	1	1	1	100	0	0	0	4294967295	4294967295	4294967295	4294967295	173	1	11	
204	27711101	445.67	0.47	-121.74	-0.998752	0	-0.0499376	1	1	7200	3	1	1	1	4294967295	4.16	0	3.87	4294967295	4294967295	4294967295	4294967295	172	0	11	
205	27711101	445.84	0.47	-114.73	-0.9998	0	-0.019996	1	1	7200	3	1	1	1	4294967295	4.34	0	3.13	4294967295	4294967295	4294967295	4294967295	172	0	11	
206	24911304	448.02	0.47	-118.01	-0.994937	0	0.100499	1	1	7200	3	1	1	1	4294967295	6.51	0	0.15	4294967295	4294967295	4294967295	4294967295	172	0	11	
207	24911304	441.51	0.47	-117.86	-0.997559	0	0.0698291	1	1	7200	2	1	1	1	101	0	0	0	4294967295	4294967295	4294967295	4294967295	172	1	11	
208	27141101	-35.78	0.11	213.7	0	0	1	1	1	7200	0	5	1	1	4294967295	3.40282e+38	0	3.40282e+38	4294967295	4294967295	4294967295	4294967295	22	0	5	
209	27141101	-23.55	0.11	213.53	0	0	1	1	1	7200	0	5	1	1	4294967295	3.40282e+38	0	3.40282e+38	4294967295	4294967295	4294967295	4294967295	22	0	5	
210	27141101	-29.61	0.11	220.82	0	0	1	1	1	7200	0	1	1	1	4294967295	3.40282e+38	0	3.40282e+38	4294967295	4294967295	4294967295	4294967295	22	0	5	
211	27141101	-147.43	0.11	178.41	-0.995974	0	0.0896377	1	1	7200	1	2	1	8	4294967295	3.40282e+38	0	3.40282e+38	4294967295	4294967295	4294967295	4294967295	124	0	13	
212	27141101	-125.11	0.11	175.82	-0.190333	0	-0.98172	1	1	7200	1	5	1	7	4294967295	3.40282e+38	0	3.40282e+38	4294967295	4294967295	4294967295	4294967295	119	0	13	
213	23623101	-24.67	0.11	185.23	-1	0	0	1	1	7200	2	2	1	0	77	3.40282e+38	0	3.40282e+38	4294967295	4294967295	4294967295	4294967295	123	0	13	
214	27141101	-53.45	0.11	195.72	0	0	1	1	1	7200	1	5	1	1	4294967295	3.40282e+38	0	3.40282e+38	4294967295	4294967295	4294967295	4294967295	116	0	13	
215	27141101	-53.18	0.11	175.78	0.0896377	0	-0.995974	1	1	7200	1	5	1	2	4294967295	3.40282e+38	0	3.40282e+38	4294967295	4294967295	4294967295	4294967295	117	0	13	
216	27141101	-64.58	0.11	174.52	-0	0	-1	1	1	7200	1	2	1	3	4294967295	3.40282e+38	0	3.40282e+38	4294967295	4294967295	4294967295	4294967295	117	0	13	
217	21251101	-24.12	0.11	138.55	0	0	1	1	1	7200	0	1	1	1	4294967295	3.40282e+38	0	3.40282e+38	4294967295	4294967295	4294967295	4294967295	4294967295	0	7	
218	21251101	-18.76	0.11	141.49	-0.360994	0	0.932568	1	1	7200	0	1	1	1	4294967295	3.40282e+38	0	3.40282e+38	4294967295	4294967295	4294967295	4294967295	4294967295	0	8	
219	21251101	-29.09	0.11	141.6	0.707107	0	0.707107	1	1	7200	0	1	1	1	4294967295	3.40282e+38	0	3.40282e+38	4294967295	4294967295	4294967295	4294967295	4294967295	0	6	
220	21832101	-87.07	0.29	65.44	0	0	1	1	1	7200	1	5	2	5	4294967295	3.40282e+38	0	3.40282e+38	4294967295	4294967295	4294967295	4294967295	135	0	4294967295	
221	21832101	-79.77	0.29	65.73	0	0	1	1	1	7200	1	5	2	3	4294967295	3.40282e+38	0	3.40282e+38	4294967295	4294967295	4294967295	4294967295	135	0	4294967295	
222	21251101	-72.22	0.11	62.78	0	0	1	1	1	7200	0	1	1	1	4294967295	3.40282e+38	0	3.40282e+38	4294967295	4294967295	4294967295	4294967295	135	0	4294967295	
223	27141101	-93.65	1.55	121.32	0	0	1	1	1	7200	1	2	1	0	4294967295	3.40282e+38	0	3.40282e+38	4294967295	4294967295	4294967295	4294967295	139	0	4294967295	
224	27141101	-83.22	1.55	123.42	0	0	1	1	1	7200	1	5	1	1	4294967295	3.40282e+38	0	3.40282e+38	4294967295	4294967295	4294967295	4294967295	139	0	4294967295	
225	27141101	-73.59	1.55	121.13	0	0	1	1	1	7200	1	2	1	2	4294967295	3.40282e+38	0	3.40282e+38	4294967295	4294967295	4294967295	4294967295	139	0	4294967295	
226	27141101	-144.65	0.11	125.14	-0.997559	0	-0.0698291	1	1	7200	1	5	1	6	4294967295	3.40282e+38	0	3.40282e+38	4294967295	4294967295	4294967295	4294967295	4294967295	0	4294967295	
227	27141101	-144.62	0.29	104.82	-0.99955	0	0.0299865	1	1	7200	1	2	1	7	4294967295	3.40282e+38	0	3.40282e+38	4294967295	4294967295	4294967295	4294967295	4294967295	0	4294967295	
228	27141101	-142.2	0.29	156.84	0	0	1	1	1	7200	1	2	1	5	4294967295	3.40282e+38	0	3.40282e+38	4294967295	4294967295	4294967295	4294967295	138	0	12	
229	27141101	-123.9	0.29	156.5	-0.998752	0	0.0499376	1	1	7200	2	1	1	4	82	3.40282e+38	0	3.40282e+38	4294967295	4294967295	4294967295	4294967295	138	0	12	
230	27141101	-119.4	0.29	156.63	0	0	1	1	1	7200	1	2	1	3	4294967295	3.40282e+38	0	3.40282e+38	4294967295	4294967295	4294967295	4294967295	138	0	12	
231	21251101	-93.63	0.11	62.43	0	0	1	1	1	7200	0	1	1	1	4294967295	3.40282e+38	0	3.40282e+38	4294967295	4294967295	4294967295	4294967295	135	0	4294967295	
232	27141101	-20.93	0.11	83.42	0.998752	0	0.0499376	1	1	7200	1	3	1	8	4294967295	3.40282e+38	0	3.40282e+38	4294967295	4294967295	4294967295	4294967295	136	0	4294967295	
233	27141101	-21.68	0.11	93.06	0.998752	0	0.0499376	1	1	7200	1	1	1	7	4294967295	3.40282e+38	0	3.40282e+38	4294967295	4294967295	4294967295	4294967295	136	0	4294967295	
234	27141101	-20.98	0.29	102.4	0.998752	0	0.0499376	1	1	7200	1	3	1	6	4294967295	3.40282e+38	0	3.40282e+38	4294967295	4294967295	4294967295	4294967295	136	0	4294967295	
235	27141101	-144.72	0.11	85.84	-0.99955	0	-0.0299865	1	1	7200	1	5	1	8	4294967295	3.40282e+38	0	3.40282e+38	4294967295	4294967295	4294967295	4294967295	4294967295	0	4294967295	
236	23623101	-37.93	0.11	75.23	0	0	1	1	1	7200	2	1	1	1	2	0	0	0	4294967295	4294967295	4294967295	4294967295	134	1	12	
237	21832101	-34.48	0.11	70.87	0	0	1	1	1	7200	3	1	1	1	4294967295	3.45	0	4.37	4294967295	4294967295	4294967295	4294967295	134	0	12	
238	21832101	-41.85	0.11	71.07	0	0	1	1	1	7200	3	1	1	1	4294967295	3.92	0	4.16	4294967295	4294967295	4294967295	4294967295	134	0	12	
239	21832101	-89.19	0.11	141.79	-0.994937	0	-0.100499	1	1	7200	3	1	1	1	4294967295	4.52	0	3.14	4294967295	4294967295	4294967295	4294967295	133	0	12	
240	21832101	-89.26	0.11	135.01	-0.994937	0	-0.100499	1	1	7200	3	1	1	1	4294967295	4.45	0	3.64	4294967295	4294967295	4294967295	4294967295	133	0	12	
241	23623101	-93.7	0.11	138.64	-0.994937	0	-0.100499	1	1	7200	2	1	1	1	3	0	0	0	4294967295	4294967295	4294967295	4294967295	133	1	12	
242	27141101	-89.46	0.11	196.28	0	0	1	1	1	7200	1	5	1	3	4294967295	3.40282e+38	0	3.40282e+38	4294967295	4294967295	4294967295	4294967295	118	0	13	
243	27141101	-100.36	0.11	197.68	0	0	1	1	1	7200	1	2	1	5	4294967295	3.40282e+38	0	3.40282e+38	4294967295	4294967295	4294967295	4294967295	118	0	13	
244	21251101	-111.8	0.11	198.05	0	0	1	1	1	7200	2	1	1	1	75	3.40282e+38	0	3.40282e+38	4294967295	4294967295	4294967295	4294967295	118	0	13	
245	27141101	-72.37	1.55	89.03	0.140021	0	-0.990149	1	1	7200	1	2	1	5	4294967295	3.40282e+38	0	3.40282e+38	4294967295	4294967295	4294967295	4294967295	140	0	4294967295	
246	27141101	-93.06	1.55	89	0.140021	0	-0.990149	1	1	7200	1	2	1	3	4294967295	3.40282e+38	0	3.40282e+38	4294967295	4294967295	4294967295	4294967295	140	0	4294967295	
247	21832101	-142.28	0.11	190.46	0.970728	0	-0.24018	1	1	7200	3	1	1	1	4294967295	4.15	0	0.19	4294967295	4294967295	4294967295	4294967295	120	0	13	
248	21832101	-138.13	0.11	190.64	0.970728	0	-0.24018	1	1	7200	2	1	1	1	12	0	0	0	4294967295	4294967295	4294967295	4294967295	120	1	13	
249	21251101	-21.35	0.11	77.41	-0.808304	0	0.588765	1	1	7200	2	1	1	1	13	3.40282e+38	0	3.40282e+38	4294967295	4294967295	4294967295	4294967295	136	0	4294967295	
250	21251101	-110.08	0.29	156.76	-0.529101	0	-0.848559	1	1	7200	2	1	1	1	14	3.40282e+38	0	3.40282e+38	4294967295	4294967295	4294967295	4294967295	138	0	12	
251	21251101	-148.17	0.11	135.17	0.848559	0	-0.529101	1	1	7200	2	1	1	1	15	3.40282e+38	0	3.40282e+38	4294967295	4294967295	4294967295	4294967295	4294967295	0	4294967295	
252	21251101	-67.41	1.55	121.64	-0.707107	0	-0.707107	1	1	7200	2	1	1	1	17	3.40282e+38	0	3.40282e+38	4294967295	4294967295	4294967295	4294967295	139	0	4294967295	
253	21251101	-99.43	1.55	87.58	0.671176	0	0.741298	1	1	7200	2	1	1	1	18	3.40282e+38	0	3.40282e+38	4294967295	4294967295	4294967295	4294967295	140	0	4294967295	
254	27141101	-44.35	0.29	155.76	0	0	1	1	1	7200	1	2	1	1	4294967295	3.40282e+38	0	3.40282e+38	4294967295	4294967295	4294967295	4294967295	137	0	12	
255	27141101	-53.61	0.29	156.01	0	0	1	1	1	7200	1	2	1	2	4294967295	3.40282e+38	0	3.40282e+38	4294967295	4294967295	4294967295	4294967295	137	0	12	
256	21251101	-37.47	0.29	156.73	-0.660628	0	-0.750713	1	1	7200	2	1	1	1	16	3.40282e+38	0	3.40282e+38	4294967295	4294967295	4294967295	4294967295	137	0	12	
257	21251101	-111.26	0.11	113.37	0.019996	0	-0.9998	1	1	7200	2	1	1	1	19	3.40282e+38	0	3.40282e+38	4294967295	4294967295	4294967295	4294967295	4294967295	0	4294967295	
258	21251101	-115.55	0.11	113.23	0.019996	0	-0.9998	1	1	7200	3	1	1	1	4294967295	3.40282e+38	0	3.40282e+38	4294967295	4294967295	4294967295	4294967295	4294967295	0	4294967295	
259	21712101	-83.29	2.9	104.86	0	0	1	1	1	7200	1	10	10	3	4294967295	3.40282e+38	0	3.40282e+38	7116131	1	4294967295	4294967295	147	0	4294967295	
260	21753301	-148.16	0.29	104.78	0	0	1	1	1	7200	0	1	1	1	4294967295	3.40282e+38	0	3.40282e+38	4294967295	4294967295	4294967295	4294967295	4294967295	0	4294967295	
261	21753301	-19.34	0.11	92.96	0	0	1	1	1	7200	0	1	1	1	4294967295	3.40282e+38	0	3.40282e+38	4294967295	4294967295	4294967295	4294967295	136	0	4294967295	
262	21758301	-83.36	0.29	62.57	0	0	1	1	1	7200	0	1	1	1	4294967295	3.40282e+38	0	3.40282e+38	4294967295	4294967295	4294967295	4294967295	135	0	4294967295	
263	27141101	-76.3	0.11	176.5	0	0	-1	1	1	7200	1	5	1	3	4294967295	3.40282e+38	0	3.40282e+38	4294967295	4294967295	4294967295	4294967295	117	0	13	
264	27141101	-76.71	0.11	195.86	0	0	1	1	1	7200	1	5	1	4	4294967295	3.40282e+38	0	3.40282e+38	4294967295	4294967295	4294967295	4294967295	116	0	13	
265	21251101	-65.53	0.11	192.63	0	0	1	1	1	7200	1	8	1	4	4294967295	3.40282e+38	0	3.40282e+38	4294967295	4294967295	4294967295	4294967295	116	0	13	
266	27141101	-112.45	0.11	175.55	0.019996	0	-0.9998	1	1	7200	1	5	1	5	4294967295	3.40282e+38	0	3.40282e+38	4294967295	4294967295	4294967295	4294967295	119	0	13	
267	21251101	-103.08	0.11	180.33	0.120331	0	-0.992734	1	1	7200	1	8	1	5	4294967295	3.40282e+38	0	3.40282e+38	4294967295	4294967295	4294967295	4294967295	119	0	13	
268	21832101	-141.95	0.11	180.73	0.970728	0	-0.24018	1	1	7200	3	1	1	1	4294967295	3.91	0	0.08	4294967295	4294967295	4294967295	4294967295	121	0	13	
269	21832101	-138.04	0.11	180.65	0.96	0	-0.28	1	1	7200	2	1	1	1	76	0	0	0	4294967295	4294967295	4294967295	4294967295	121	1	13	
270	27141101	-147.19	0.11	194.1	-0.9998	0	-0.019996	1	1	7200	1	2	1	8	4294967295	3.40282e+38	0	3.40282e+38	4294967295	4294967295	4294967295	4294967295	124	0	13	
271	21832101	-19.86	0.11	185.5	-0.892413	0	0.45122	1	1	7200	3	1	1	1	4294967295	3.40282e+38	0	3.40282e+38	4294967295	4294967295	4294967295	4294967295	123	0	4294967295	
272	27141101	-143.91	0.11	186.33	-0.995974	0	0.0896377	1	1	7200	1	8	5	5	4294967295	3.40282e+38	0	3.40282e+38	4294967295	4294967295	4294967295	4294967295	124	0	13	
273	27111201	-36.21	0.11	224.37	0	0	1	1	1	7200	3	1	1	1	4294967295	12.94	0	0.25	4294967295	4294967295	4294967295	4294967295	125	0	4294967295	
274	27111201	-23.27	0.11	224.62	0	0	1	1	1	7200	2	1	1	1	78	0	0	0	4294967295	4294967295	4294967295	4294967295	125	1	4294967295	
275	27141101	-83.63	1.55	87.72	0	0	1	1	1	7200	1	5	1	3	4294967295	3.40282e+38	0	3.40282e+38	4294967295	4294967295	4294967295	4294967295	140	0	4294967295	
276	21832101	-93.23	1.95	104.79	0.159546	0	0.987191	1	1	7200	2	1	1	1	86	3.40282e+38	0	3.40282e+38	4294967295	4294967295	4294967295	4294967295	147	0	4294967295	
277	21832101	-72.91	1.8	104.68	-0.24018	0	-0.970728	1	1	7200	2	1	1	1	87	3.40282e+38	0	3.40282e+38	4294967295	4294967295	4294967295	4294967295	147	0	4294967295	
278	26752101	-68.57	1.55	105.31	0.995974	0	-0.0896377	1	1	7200	1	8	1	8	4294967295	3.40282e+38	0	3.40282e+38	4294967295	4294967295	4294967295	4294967295	4294967295	0	4294967295	
279	26752101	-100.16	1.55	105.12	-0.99955	0	-0.0299865	1	1	7200	1	8	1	8	4294967295	3.40282e+38	0	3.40282e+38	4294967295	4294967295	4294967295	4294967295	4294967295	0	4294967295	
280	23623101	-108.81	0.11	71.73	0.99955	0	0.0299865	1	1	7200	2	1	1	1	83	3.40282e+38	0	3.40282e+38	4294967295	4294967295	4294967295	4294967295	4294967295	0	4294967295	
281	21832101	-57.09	0.11	133.05	0.671176	0	0.741298	1	1	7200	1	2	1	1	4294967295	3.40282e+38	0	3.40282e+38	4294967295	4294967295	4294967295	4294967295	145	0	4294967295	
282	21832101	-112.24	0.11	133.05	-0.777941	0	0.628337	1	1	7200	1	2	1	2	4294967295	3.40282e+38	0	3.40282e+38	4294967295	4294967295	4294967295	4294967295	4294967295	0	4294967295	
283	26752101	-49.72	0.11	128.67	0.750713	0	0.660628	1	1	7200	1	8	8	4	4294967295	3.40282e+38	0	3.40282e+38	4294967295	4294967295	4294967295	4294967295	145	0	4294967295	
284	26752101	-119.12	0.11	127.67	0	0	1	1	1	7200	1	8	8	4	4294967295	3.40282e+38	0	3.40282e+38	4294967295	4294967295	4294967295	4294967295	4294967295	0	4294967295	
285	21832101	-46.63	0.11	121.8	0.707107	0	0.707107	1	1	7200	1	2	1	2	4294967295	3.40282e+38	0	3.40282e+38	4294967295	4294967295	4294967295	4294967295	145	0	4294967295	
286	21832101	-121.39	0.11	120.11	-0.786664	0	0.617382	1	1	7200	1	2	1	1	4294967295	3.40282e+38	0	3.40282e+38	4294967295	4294967295	4294967295	4294967295	4294967295	0	4294967295	
287	21251101	-42.7	0.11	121.1	-0.731722	0	-0.681604	1	1	7200	2	1	1	1	84	3.40282e+38	0	3.40282e+38	4294967295	4294967295	4294967295	4294967295	145	0	4294967295	
288	21251101	-109.04	0.11	136.34	0.390293	0	-0.920691	1	1	7200	2	1	1	1	85	3.40282e+38	0	3.40282e+38	4294967295	4294967295	4294967295	4294967295	4294967295	0	4294967295	
289	27141101	-83.13	2.55	110.03	0	0	1	1	1	7200	1	2	1	0	4294967295	3.40282e+38	0	3.40282e+38	4294967295	4294967295	4294967295	4294967295	147	0	4294967295	
290	28141101	188.09	-0	50.72	-0.99955	0	0.0299865	1	1	7200	0	8	8	4	4294967295	3.40282e+38	0	3.40282e+38	4294967295	4294967295	4294967295	4294967295	152	0	4294967295	
291	28141101	188.07	-0	43.56	-0.99955	0	0.0299865	1	1	7200	0	8	8	5	4294967295	3.40282e+38	0	3.40282e+38	4294967295	4294967295	4294967295	4294967295	152	0	4294967295	
292	28141101	194.24	-0	38.88	-0.990149	0	0.140021	1	1	7200	0	1	1	1	4294967295	3.40282e+38	0	3.40282e+38	4294967295	4294967295	4294967295	4294967295	152	0	4294967295	
293	28141101	194.18	-0	55.45	-0.997559	0	0.0698291	1	1	7200	0	1	1	1	4294967295	3.40282e+38	0	3.40282e+38	4294967295	4294967295	4294967295	4294967295	152	0	4294967295	
294	23623101	154.5	-0	34.51	-0.691905	0	0.721988	1	1	7200	3	1	1	1	4294967295	6.96	0	6.5	4294967295	4294967295	4294967295	4294967295	24	0	4294967295	
295	23623101	168	-0	47.79	-0.691905	0	0.721988	1	1	7200	3	1	1	1	4294967295	6.54	0	6.78	4294967295	4294967295	4294967295	4294967295	24	0	4294967295	
296	23623101	161.46	-0	41.01	-0.691905	0	0.721988	1	1	7200	2	1	1	1	4	0	0	0	4294967295	4294967295	4294967295	4294967295	24	1	4294967295	
297	23623101	228.81	-0	219.37	-0.9998	0	-0.019996	1	1	7200	3	1	1	1	4294967295	1.85	0	15.31	4294967295	4294967295	4294967295	4294967295	163	0	17	
298	23623101	227.02	-0	188.02	-0.9998	0	-0.019996	1	1	7200	3	1	1	1	4294967295	0.06	0	16.03	4294967295	4294967295	4294967295	4294967295	163	0	17	
299	23623101	226.96	-0	204.05	-0.9998	0	-0.019996	1	1	7200	2	1	1	1	5	0	0	0	4294967295	4294967295	4294967295	4294967295	163	1	17	
300	28141101	190.25	-0	191.07	-0.9998	0	-0.019996	1	1	7200	1	5	5	3	4294967295	3.40282e+38	0	3.40282e+38	4294967295	4294967295	4294967295	4294967295	189	0	17	
301	26711101	190.31	-0	198.32	-0.995974	0	0.0896377	1	1	7200	0	1	1	1	4294967295	3.40282e+38	0	3.40282e+38	4294967295	4294967295	4294967295	4294967295	189	0	17	
302	28141101	146.9	-0	77.69	-0.707107	0	0.707107	1	1	7200	0	1	1	1	4294967295	3.40282e+38	0	3.40282e+38	4294967295	4294967295	4294967295	4294967295	188	0	4294967295	
303	28141101	100.21	-0	127.58	-0.019996	0	0.9998	1	1	7200	0	1	1	1	4294967295	3.40282e+38	0	3.40282e+38	4294967295	4294967295	4294967295	4294967295	187	0	4294967295	
304	26711101	112.42	-0	127.39	0	0	1	1	1	7200	0	1	1	1	4294967295	3.40282e+38	0	3.40282e+38	4294967295	4294967295	4294967295	4294967295	187	0	4294967295	
305	26711101	119.84	-0	127.02	-0.0499376	0	0.998752	1	1	7200	0	1	1	1	4294967295	3.40282e+38	0	3.40282e+38	4294967295	4294967295	4294967295	4294967295	187	0	4294967295	
306	21843404	135.25	-0	130.61	-0.98172	0	0.190333	1	1	7200	2	1	1	1	21	3.40282e+38	0	3.40282e+38	4294967295	4294967295	4294967295	4294967295	187	0	4294967295	
307	28141101	138.26	-0	69.27	-0.691905	0	0.721988	1	1	7200	0	1	1	1	4294967295	3.40282e+38	0	3.40282e+38	4294967295	4294967295	4294967295	4294967295	188	0	4294967295	
308	28141101	133.05	-0	64.14	-0.731722	0	0.681604	1	1	7200	0	1	1	1	4294967295	3.40282e+38	0	3.40282e+38	4294967295	4294967295	4294967295	4294967295	188	0	4294967295	
309	21843404	119.99	-0	54.83	0.681604	0	0.731722	1	1	7200	2	1	1	1	20	3.40282e+38	0	3.40282e+38	4294967295	4294967295	4294967295	4294967295	188	0	4294967295	
310	28141101	124.58	-0	55.55	-0.721988	0	0.691905	1	1	7200	0	1	1	1	4294967295	3.40282e+38	0	3.40282e+38	4294967295	4294967295	4294967295	4294967295	188	0	4294967295	
311	28141101	131.82	-0	126.91	0	0	1	1	1	7200	0	1	1	1	4294967295	3.40282e+38	0	3.40282e+38	4294967295	4294967295	4294967295	4294967295	187	0	4294967295	
312	26711101	190.09	-0	209.85	-0.99955	0	0.0299865	1	1	7200	0	1	1	1	4294967295	3.40282e+38	0	3.40282e+38	4294967295	4294967295	4294967295	4294967295	189	0	17	
313	28141101	190.28	-0	218.3	-0.998752	0	0.0499376	1	1	7200	1	5	5	3	4294967295	3.40282e+38	0	3.40282e+38	4294967295	4294967295	4294967295	4294967295	189	0	17	
314	21843404	184.41	0.02	223.89	0.019996	0	-0.9998	1	1	7200	2	1	1	1	22	3.40282e+38	0	3.40282e+38	4294967295	4294967295	4294967295	4294967295	189	0	17	
315	26711101	98.43	0.11	199.45	-0.731722	0	0.681604	1	1	7200	3	1	1	1	4294967295	3.44	0	3.41	4294967295	4294967295	4294967295	4294967295	127	0	4294967295	
316	27111201	95.97	0.11	189.17	-0.6	0	0.8	1	1	900	1	5	5	5	4294967295	3.40282e+38	0	3.40282e+38	4294967295	4294967295	4294967295	4294967295	126	0	4294967295	
317	27111201	110.06	0.11	203.54	-0.570771	0	0.821109	1	1	900	1	5	5	4	4294967295	3.40282e+38	0	3.40282e+38	4294967295	4294967295	4294967295	4294967295	126	0	4294967295	
318	26711101	94.99	0.11	202.86	-0.721988	0	0.691905	1	1	7200	2	1	1	1	43	0	0	0	4294967295	4294967295	4294967295	4294967295	127	1	4294967295	
319	27111201	33.59	0.11	246.67	-0.98172	0	0.190333	1	1	7200	0	1	1	1	4294967295	3.40282e+38	0	3.40282e+38	4294967295	4294967295	4294967295	4294967295	132	0	4294967295	
320	23623101	86.89	0.11	203.76	-0.691905	0	0.721988	1	1	7200	2	1	1	1	71	0	0	0	4294967295	4294967295	4294967295	4294967295	129	1	4294967295	
321	23623101	96.15	0.11	212.31	-0.671176	0	0.741298	1	1	7200	2	1	1	1	72	0	0	0	4294967295	4294967295	4294967295	4294967295	128	1	4294967295	
322	26711101	71.42	0.11	241.61	-0.707107	0	-0.707107	1	1	7200	2	1	1	1	73	3.40282e+38	0	3.40282e+38	4294967295	4294967295	4294967295	4294967295	4294967295	0	4294967295	
323	26711101	88.06	0.11	225.22	-0.671176	0	-0.741298	1	1	7200	2	1	1	1	74	3.40282e+38	0	3.40282e+38	4294967295	4294967295	4294967295	4294967295	4294967295	0	4294967295	
324	27111201	105.72	0.83	193.07	-0.6	0	0.8	1	1	900	1	5	5	5	4294967295	3.40282e+38	0	3.40282e+38	4294967295	4294967295	4294967295	4294967295	126	0	4294967295	
325	28141101	90.31	0.11	199.88	-0.750713	0	0.660628	1	1	7200	3	1	1	1	4294967295	3.42	0	3.88	4294967295	4294967295	4294967295	4294967295	129	0	4294967295	
326	28141101	99.78	0.11	208.99	-0.660628	0	0.750713	1	1	7200	3	1	1	1	4294967295	3.63	0	3.31	4294967295	4294967295	4294967295	4294967295	128	0	4294967295	
327	26711101	4.52	0.11	247.18	0	0	1	1	1	7200	2	1	1	1	80	3.40282e+38	0	3.40282e+38	4294967295	4294967295	4294967295	4294967295	130	0	4294967295	
328	26711101	39.86	0.11	244.38	0.691905	0	0.721988	1	1	7200	2	1	1	1	81	3.40282e+38	0	3.40282e+38	4294967295	4294967295	4294967295	4294967295	132	0	4294967295	
329	23623101	116.02	-0	93.73	0	0	1	1	1	7200	2	1	1	1	88	0	0	0	4294967295	4294967295	4294967295	4294967295	148	1	4294967295	
330	23623101	109.68	-0	90.43	0	0	1	1	1	7200	3	1	1	1	4294967295	6.34	0	3.3	4294967295	4294967295	4294967295	4294967295	148	0	4294967295	
331	23623101	121.5	-0	90.71	0	0	1	1	1	7200	3	1	1	1	4294967295	5.48	0	3.02	4294967295	4294967295	4294967295	4294967295	148	0	4294967295	
332	28141101	250.06	-0	179.86	-0.769039	0	0.639202	1	1	7200	1	8	8	4	4294967295	3.40282e+38	0	3.40282e+38	4294967295	4294967295	4294967295	4294967295	190	0	17	
333	26711101	243.37	-0	173.58	-0.731722	0	0.681604	1	1	7200	0	1	1	1	4294967295	3.40282e+38	0	3.40282e+38	4294967295	4294967295	4294967295	4294967295	190	0	17	
334	21843404	156.49	-0	59.51	-0.786664	0	0.617382	1	1	7200	2	1	1	1	92	3.40282e+38	0	3.40282e+38	4294967295	4294967295	4294967295	4294967295	153	0	4294967295	
335	26752101	185.56	-0	47.37	-0.209529	0	-0.977802	1	1	7200	2	1	1	1	93	3.40282e+38	0	3.40282e+38	4294967295	4294967295	4294967295	4294967295	152	0	4294967295	
336	21843404	125.85	-0	133.69	-0.99955	0	0.0299865	1	1	7200	2	1	1	1	94	3.40282e+38	0	3.40282e+38	4294967295	4294967295	4294967295	4294967295	154	0	4294967295	
337	26752101	131.93	-0	148.4	0.0299865	0	-0.99955	1	1	7200	4	1	1	1	98	3.40282e+38	0	3.40282e+38	4294967295	4294967295	4294967295	4294967295	157	0	16	
338	26752101	122.18	-0	148.37	0.0299865	0	-0.99955	1	1	7200	4	1	1	1	97	3.40282e+38	0	3.40282e+38	4294967295	4294967295	4294967295	4294967295	157	0	16	
339	26752101	110.99	-0	148.53	0.0299865	0	-0.99955	1	1	7200	4	1	1	1	96	3.40282e+38	0	3.40282e+38	4294967295	4294967295	4294967295	4294967295	157	0	16	
340	26752101	101.42	-0	148.42	0.0299865	0	-0.99955	1	1	7200	4	1	1	1	95	3.40282e+38	0	3.40282e+38	4294967295	4294967295	4294967295	4294967295	157	0	16	
341	23623101	115.63	-0	158.12	-0.0299865	0	-0.99955	1	1	7200	4	1	1	1	99	3.40282e+38	0	3.40282e+38	4294967295	4294967295	4294967295	4294967295	157	0	16	
342	21843404	212.2	-0	213.75	-0.997559	0	0.0698291	1	1	900	1	1	1	1	4294967295	3.40282e+38	0	3.40282e+38	4294967295	4294967295	4294967295	4294967295	162	0	17	
343	21843404	211.98	-0	194.13	-0.987191	0	-0.159546	1	1	900	1	1	1	1	4294967295	3.40282e+38	0	3.40282e+38	4294967295	4294967295	4294967295	4294967295	162	0	17	
344	21843404	254.02	-0	158.46	-0.750713	0	0.660628	1	1	7200	0	1	1	1	4294967295	24.92	0	0.21	4294967295	4294967295	4294967295	4294967295	164	0	17	
345	28141101	298.45	-0	126.92	-0.0499376	0	0.998752	1	1	7200	0	1	1	1	4294967295	3.40282e+38	0	3.40282e+38	4294967295	4294967295	4294967295	4294967295	68	0	17	
346	26711101	286.91	-0	126.99	-0.019996	0	0.9998	1	1	7200	0	1	1	1	4294967295	3.40282e+38	0	3.40282e+38	4294967295	4294967295	4294967295	4294967295	68	0	17	
347	21843404	263.75	-0	131.33	0.990149	0	0.140021	1	1	7200	2	1	1	1	23	3.40282e+38	0	3.40282e+38	4294967295	4294967295	4294967295	4294967295	4294967295	0	17	
348	26711101	277.17	-0	127.12	0.0299865	0	0.99955	1	1	7200	0	1	1	1	4294967295	3.40282e+38	0	3.40282e+38	4294967295	4294967295	4294967295	4294967295	68	0	17	
349	28141101	265.23	-0	126.94	0	0	1	1	1	7200	0	1	1	1	4294967295	3.40282e+38	0	3.40282e+38	4294967295	4294967295	4294967295	4294967295	68	0	17	
350	23623101	278.94	-0	158.67	-0.671176	0	0.741298	1	1	7200	2	1	1	1	89	0	0	0	4294967295	4294967295	4294967295	4294967295	164	1	17	
351	23623101	273.29	-0	150.48	-0.681604	0	0.731722	1	1	7200	3	1	1	1	4294967295	5.65	0	8.19	4294967295	4294967295	4294967295	4294967295	164	0	17	
352	23623101	287.05	-0	164.08	-0.660628	0	0.750713	1	1	7200	3	1	1	1	4294967295	8.11	0	5.41	4294967295	4294967295	4294967295	4294967295	164	0	17	
353	23623101	282.37	-0	91.02	0	0	1	1	1	7200	2	1	1	1	90	0	0	0	4294967295	4294967295	4294967295	4294967295	160	1	17	
354	23623101	273.04	-0	89.23	0	0	1	1	1	7200	3	1	1	1	4294967295	9.33	0	1.8	4294967295	4294967295	4294967295	4294967295	160	0	17	
355	23623101	292.07	-0	89.23	0	0	1	1	1	7200	3	1	1	1	4294967295	9.69	0	1.8	4294967295	4294967295	4294967295	4294967295	160	0	17	
356	26711101	263.73	-0	193.97	-0.570771	0	0.821109	1	1	7200	0	1	1	1	4294967295	3.40282e+38	0	3.40282e+38	4294967295	4294967295	4294967295	4294967295	190	0	17	
357	28141101	257.44	-0	187.55	-0.707107	0	0.707107	1	1	7200	1	8	8	5	4294967295	3.40282e+38	0	3.40282e+38	4294967295	4294967295	4294967295	4294967295	190	0	17	
358	21843404	261.73	-0	201.3	-0.769039	0	-0.639202	1	1	7200	2	1	1	1	91	3.40282e+38	0	3.40282e+38	4294967295	4294967295	4294967295	4294967295	190	0	17	
359	21843404	279.14	-0	182.93	-0.731722	0	0.681604	1	1	7200	0	1	1	1	4294967295	0.2	0	24.26	4294967295	4294967295	4294967295	4294967295	164	0	17	
360	21843404	263.13	-0	100.89	-0.0698291	0	0.997559	1	1	7200	3	1	1	1	4294967295	19.25	0	9.86	4294967295	4294967295	4294967295	4294967295	160	0	17	
361	21843404	299.2	-0	100.23	-0.0499376	0	0.998752	1	1	7200	3	1	1	1	4294967295	16.83	0	9.21	4294967295	4294967295	4294967295	4294967295	160	0	17	
362	27111201	33.64	0.11	266.5	-0.998752	0	0.0499376	1	1	7200	0	1	1	1	4294967295	3.40282e+38	0	3.40282e+38	4294967295	4294967295	4294967295	4294967295	132	0	4294967295	
363	23623101	26.94	0.11	256.29	-0.9998	0	0.019996	1	1	7200	1	13	15	5	4294967295	3.40282e+38	0	3.40282e+38	4294967295	4294967295	4294967295	4294967295	132	0	4294967295	
364	26711101	20.39	0.11	268	0	0	1	1	1	7200	2	1	1	1	79	3.40282e+38	0	3.40282e+38	4294967295	4294967295	4294967295	4294967295	130	0	4294967295	
