1	1	I_QST_001.png	3001	0	
2	2	I_QST_002.png	3002	0	
3	3	I_QST_003.png	3003	0	
4	4	I_QST_004.png	3004	1	
5	5	I_QST_005.png	3005	0	
6	6	I_QST_006.png	3006	0	
7	7	I_QST_007.png	3007	1	
8	8	I_QST_008.png	3008	1	
9	9	I_QST_009.png	3009	0	
10	10	I_QST_010.png	3010	0	
11	11	I_QST_011.png	3011	0	
12	12	I_QST_012.png	3012	0	
13	13	I_QST_013.png	3013	0	
14	14	I_QST_014.png	3014	0	
15	15	I_QST_015.png	3015	0	
16	16	I_QST_016.png	3016	0	
17	17	I_QST_017.png	3017	0	
19	19	I_QST_019.png	3019	0	
20	20	I_QST_020.png	3020	0	
21	21	I_QST_002.png	3021	0	
22	22	I_QST_022.png	3022	0	
23	23	I_QST_023.png	3023	0	
24	24	I_QST_024.png	3024	0	
25	25	I_QST_025.png	3025	0	
26	26	I_QST_026.png	3026	0	
27	27	I_QST_027.png	3027	0	
28	28	I_QST_028.png	3028	0	
29	29	I_JNK_A01.png	3029	0	
30	30	I_QST_007.png	3030	0	
31	31	I_QST_031.png	3031	0	
32	32	I_QST_032.png	3032	0	
33	33	I_QST_033.png	3033	0	
34	34	I_QST_034.png	3034	0	
35	35	I_QST_020.png	3035	0	
36	36	I_QST_036.png	3036	0	
37	37	I_QST_037.png	3037	0	
38	38	I_QST_038.png	3038	0	
39	39	I_QST_039.png	3039	0	
40	40	I_QST_040.png	3040	0	
41	41	I_QST_041.png	3041	0	
42	42	I_JNK_A01.png	3042	0	
43	43	I_QST_043.png	3043	0	
44	44	I_QST_010.png	3044	0	
45	45	I_QST_045.png	3045	0	
46	46	I_QST_046.png	3046	0	
47	47	I_QST_047.png	3047	0	
48	48	I_QST_048.png	3048	0	
49	49	I_QST_048.png	3049	0	
50	50	I_QST_050.png	3050	0	
51	51	I_QST_051.png	3051	0	
52	52	I_JNK_A01.png	3052	0	
53	53	I_JNK_A01.png	3053	0	
54	54	I_QST_054.png	3054	0	
55	55	I_QST_055.png	3055	0	
56	56	I_QST_056.png	3056	0	
57	57	I_QST_057.png	3057	0	
58	58	I_QST_058.png	3058	0	
59	59	I_QST_059.png	3059	0	
60	60	I_QST_058.png	3060	0	
61	61	I_QST_061.png	3061	0	
62	62	I_QST_008.png	3062	0	
63	63	I_QST_063.png	3063	0	
64	64	I_QST_008.png	3064	0	
65	65	I_QST_065.png	3065	0	
66	66	I_QST_066.png	3066	0	
67	67	I_QST_037.png	3067	0	
68	68	I_QST_068.png	3068	0	
69	69	I_QST_069.png	3069	0	
70	70	I_QST_002.png	3070	0	
71	71	I_QST_071.png	3071	0	
72	72	I_QST_057.png	3072	0	
73	73	I_QST_073.png	3073	0	
74	74	I_QST_074.png	3074	0	
75	75	I_QST_075.png	3075	0	
76	76	I_QST_057.png	3076	0	
77	77	I_QST_077.png	3077	0	
78	78	I_QST_024.png	3078	0	
79	79	I_QST_007.png	3079	0	
80	80	I_QST_057.png	3080	0	
81	81	I_QST_068.png	3081	0	
82	82	I_QST_024.png	3082	0	
83	83	I_QST_024.png	3083	0	
84	84	I_QST_057.png	3084	0	
85	85	I_JNK_A01.png	3085	0	
86	86	I_QST_086.png	3086	0	
87	87	I_QST_045.png	3087	0	
88	88	I_QST_088.png	3088	0	
89	89	I_QST_002.png	3089	0	
90	90	I_QST_090.png	3090	0	
91	91	I_QST_090.png	3091	0	
92	92	I_QST_051.png	3092	0	
93	93	I_QST_051.png	3093	0	
94	94	I_JNK_A01.png	3094	0	
95	95	I_QST_031.png	3095	0	
96	96	I_QST_036.png	3096	0	
97	97	I_QST_034.png	3097	0	
98	98	I_QST_037.png	3098	0	
99	99	I_QST_008.png	3099	0	
100	100	I_QST_008.png	3100	0	
101	101	I_QST_016.png	3101	0	
102	102	I_QST_102.png	3102	0	
103	103	I_QST_103.png	3103	0	
104	104	I_QST_104.png	3104	0	
105	105	I_QST_063.png	3105	0	
106	106	I_QST_063.png	3106	0	
107	107	I_QST_063.png	3107	0	
108	108	I_QST_108.png	3108	1	
109	109	I_QST_063.png	3109	0	
110	110	I_QST_008.png	3110	0	
111	111	I_QST_016.png	3111	0	
112	112	I_QST_112.png	3112	0	
113	113	I_QST_002.png	3113	0	
114	114	I_QST_037.png	3114	0	
115	115	I_QST_115.png	3115	0	
116	116	I_QST_109.png	3116	0	
117	117	I_QST_002.png	3117	0	
118	118	I_QST_118.png	3118	0	
119	119	I_QST_119.png	3119	0	
120	120	I_QST_120.png	3120	0	
121	121	I_QST_121.png	3121	0	
122	122	I_QST_008.png	3122	0	
123	123	I_QST_123.png	3123	0	
124	124	I_QST_010.png	3124	0	
125	125	I_QST_125.png	3125	0	
126	126	I_QST_126.png	3126	0	
127	127	I_QST_002.png	3127	0	
128	128	I_QST_008.png	3128	0	
129	129	I_QST_129.png	3129	0	
130	130	I_QST_130.png	3130	0	
131	131	I_QST_130.png	3131	0	
132	132	I_QST_132.png	3132	0	
133	133	I_QST_133.png	3133	0	
134	134	I_QST_134.png	3134	0	
135	135	I_QST_135.png	3135	0	
136	136	I_QST_048.png	3136	0	
137	137	I_QST_137.png	3137	0	
138	138	I_QST_027.png	3138	0	
139	139	I_QST_121.png	3139	0	
140	140	I_QST_034.png	3140	0	
141	141	I_QST_027.png	3141	0	
142	142	I_QST_039.png	3142	0	
143	143	I_QST_036.png	3143	0	
144	144	I_QST_144.png	3144	0	
145	145	I_QST_047.png	3145	0	
146	146	I_QST_146.png	3146	0	
147	147	I_QST_147.png	3147	0	
148	148	I_QST_148.png	3148	0	
149	149	I_QST_063.png	3149	0	
150	150	I_QST_112.png	3150	0	
151	151	I_QST_151.png	3151	0	
152	152	I_QST_152.png	3152	0	
153	153	I_QST_153.png	3153	0	
154	154	I_QST_154.png	3154	0	
155	155	I_QST_016.png	3155	0	
156	156	I_QST_156.png	3156	0	
157	157	I_QST_016.png	3157	0	
158	158	I_QST_158.png	3158	0	
159	159	I_QST_159.png	3159	0	
160	160	I_QST_153.png	3160	0	
161	161	I_QST_086.png	3161	1	
162	162	I_QST_162.png	3162	0	
163	163	I_QST_163.png	3163	0	
164	164	I_QST_038.png	3164	1	
165	165	I_QST_158.png	3165	0	
166	166	I_QST_166.png	3166	0	
167	167	I_QST_167.png	3167	0	
168	168	I_QST_068.png	3168	1	
169	169	I_QST_158.png	3169	0	
170	170	I_QST_166.png	3170	0	
171	171	I_QST_041.png	3171	0	
172	172	I_QST_004.png	3172	0	
173	173	I_QST_173.png	3173	1	
174	174	I_QST_059.png	3174	0	
175	175	I_QST_059.png	3175	0	
176	176	I_QST_059.png	3176	0	
177	177	I_QST_008.png	3177	0	
178	178	I_QST_163.png	3178	0	
179	179	I_QST_179.png	3179	0	
180	180	I_QST_180.png	3180	0	
181	181	I_QST_086.png	3181	1	
182	182	I_QST_153.png	3182	0	
183	183	I_QST_068.png	3183	1	
184	184	I_QST_184.png	3184	0	
185	185	I_QST_031.png	3185	0	
186	186	I_QST_317.png	3186	0	
187	187	I_QST_057.png	3187	0	
188	188	I_QST_188.png	3188	0	
189	189	I_QST_061.png	3189	0	
190	190	I_QST_129.png	3190	0	
191	191	I_QST_191.png	3191	0	
192	192	I_QST_002.png	3192	0	
193	193	I_QST_002.png	3193	0	
194	194	I_QST_039.png	3194	0	
195	195	I_QST_153.png	3195	0	
196	196	I_QST_041.png	3196	0	
197	197	I_QST_197.png	3197	0	
198	198	I_QST_034.png	3198	0	
199	199	I_QST_153.png	3199	0	
200	200	I_QST_024.png	3200	0	
201	201	I_QST_024.png	3201	0	
202	202	I_QST_041.png	3202	0	
203	203	I_QST_039.png	3203	0	
204	204	I_QST_039.png	3204	0	
205	205	I_QST_027.png	3205	0	
206	206	I_QST_041.png	3206	0	
207	207	I_QST_041.png	3207	0	
208	208	I_QST_004.png	3208	0	
209	209	I_QST_041.png	3209	0	
210	210	I_QST_153.png	3210	0	
211	211	I_QST_039.png	3211	0	
212	212	I_QST_129.png	3212	0	
213	213	I_QST_024.png	3213	0	
214	214	I_QST_007.png	3214	0	
215	215	I_QST_215.png	3215	0	
216	216	I_QST_038.png	3216	1	
217	217	I_QST_120.png	3217	0	
218	218	I_QST_134.png	3218	0	
219	219	I_QST_010.png	3219	0	
220	220	I_QST_010.png	3220	0	
221	221	I_QST_002.png	3221	0	
222	222	I_QST_008.png	3222	1	
223	223	I_QST_050.png	3223	0	
224	224	I_QST_007.png	3224	0	
225	225	I_QST_162.png	3225	0	
226	226	I_QST_120.png	3226	0	
227	227	I_QST_120.png	3227	0	
228	228	I_QST_129.png	3228	0	
229	229	I_QST_038.png	3229	0	
230	230	I_QST_027.png	3230	0	
231	231	I_QST_038.png	3231	0	
232	232	I_QST_016.png	3232	0	
233	233	I_QST_133.png	3233	0	
234	234	I_QST_234.png	3234	0	
235	235	I_QST_002.png	3235	0	
236	236	I_QST_162.png	3236	0	
237	237	I_QST_050.png	3237	0	
238	238	I_QST_238.png	3238	0	
239	239	I_QST_238.png	3239	0	
240	240	I_QST_016.png	3240	0	
241	241	I_QST_162.png	3241	0	
242	242	I_QST_059.png	3242	0	
243	243	I_QST_050.png	3243	0	
244	244	I_QST_020.png	3244	0	
245	245	I_QST_017.png	3245	0	
246	246	I_QST_129.png	3246	0	
247	247	I_QST_025.png	3247	0	
248	248	I_QST_156.png	3248	1	
249	249	I_QST_249.png	3249	0	
250	250	I_QST_188.png	3250	0	
251	251	I_QST_129.png	3251	0	
252	252	I_QST_252.png	3252	0	
253	253	I_QST_253.png	3253	1	
254	254	I_QST_254.png	3254	0	
255	255	I_QST_255.png	3255	0	
256	256	I_QST_002.png	3256	0	
257	257	I_QST_008.png	3257	0	
258	258	I_QST_057.png	3258	0	
259	259	I_QST_008.png	3259	0	
260	260	I_QST_121.png	3260	0	
261	261	I_QST_135.png	3261	0	
262	262	I_QST_162.png	3262	0	
263	263	I_QST_263.png	3263	0	
264	264	I_QST_264.png	3264	0	
265	265	I_QST_039.png	3265	0	
266	266	I_QST_024.png	3266	0	
267	267	I_QST_057.png	3267	0	
268	268	I_QST_268.png	3268	0	
269	269	I_QST_269.png	3269	0	
270	270	I_QST_270.png	3270	0	
271	271	I_QST_024.png	3271	0	
272	272	I_QST_048.png	3272	0	
273	273	I_QST_027.png	3273	0	
274	274	I_QST_274.png	3274	0	
275	275	I_QST_026.png	3275	0	
276	276	I_QST_276.png	3276	0	
277	277	I_QST_277.png	3277	0	
278	278	I_QST_278.png	3278	0	
279	279	I_QST_274.png	3279	0	
280	280	I_QST_280.png	3280	0	
281	281	I_QST_280.png	3281	0	
282	282	I_QST_112.png	3282	0	
283	283	I_QST_001.png	3283	0	
284	284	I_QST_026.png	3284	0	
285	285	I_QST_285.png	3285	0	
286	286	I_QST_286.png	3286	0	
287	287	I_QST_286.png	3287	0	
288	288	I_QST_288.png	3288	0	
289	289	I_QST_288.png	3289	0	
290	290	I_QST_290.png	3290	0	
291	291	I_QST_291.png	3291	0	
292	292	I_QST_292.png	3292	0	
294	294	I_QST_148.png	3294	0	
295	295	I_QST_068.png	3295	0	
296	296	I_QST_184.png	3296	0	
298	298	I_QST_290.png	3298	0	
299	299	I_QST_068.png	3299	0	
300	300	I_QST_288.png	3300	0	
301	301	I_QST_134.png	3301	0	
302	302	I_QST_134.png	3302	0	
303	303	I_QST_020.png	3303	0	
304	304	I_QST_304.png	3304	0	
305	305	I_QST_305.png	3305	0	
306	306	I_QST_306.png	3306	0	
307	307	I_QST_307.png	3307	0	
308	308	I_QST_167.png	3308	0	
309	309	I_QST_108.png	3309	0	
310	310	I_QST_310.png	3310	0	
311	311	I_QST_280.png	3311	0	
312	312	I_QST_280.png	3312	0	
313	313	I_QST_313.png	3313	0	
314	314	I_QST_314.png	3314	0	
315	315	I_QST_315.png	3315	0	
316	316	I_JNK_A01.png	3316	0	
317	317	I_QST_317.png	3317	0	
318	318	I_QST_058.png	3318	0	
319	319	I_QST_059.png	3319	0	
320	320	I_QST_077.png	3320	0	
321	321	I_QST_147.png	3321	0	
322	322	I_QST_086.png	3322	0	
323	323	I_QST_075.png	3323	0	
324	324	I_QST_054.png	3324	0	
325	325	I_QST_119.png	3325	0	
326	326	I_QST_126.png	3326	0	
327	327	I_QST_061.png	3327	0	
328	328	I_QST_188.png	3328	0	
329	329	I_QST_184.png	3329	0	
330	330	I_QST_112.png	3330	0	
331	331	I_QST_001.png	3331	0	
332	332	I_QST_332.png	3332	0	
333	333	I_QST_008.png	3333	0	
334	334	I_QST_334.png	3334	0	
335	335	I_QST_335.png	3335	0	
336	336	I_QST_158.png	3336	0	
337	337	I_QST_148.png	3337	0	
338	338	I_QST_112.png	3338	0	
339	339	I_QST_054.png	3339	0	
340	340	A_BS_01_J.png	3340	0	
341	341	I_QST_069.png	3341	0	
342	342	I_QST_008.png	3342	0	
343	343	I_QST_066.png	3343	0	
344	344	I_QST_344.png	3344	0	
345	345	I_QST_075.png	3345	0	
346	346	I_QST_167.png	3346	0	
347	347	I_QST_002.png	3347	0	
348	348	I_QST_348.png	3348	0	
349	349	I_QST_348.png	3349	0	
350	350	I_QST_068.png	3350	0	
351	351	I_QST_263.png	3351	0	
352	352	I_QST_148.png	3352	0	
353	353	I_QST_348.png	3353	0	
354	354	I_QST_008.png	3354	0	
355	355	I_QST_278.png	3355	0	
356	356	I_QST_037.png	3356	0	
357	357	I_QST_037.png	3357	0	
358	358	I_QST_129.png	3358	0	
359	359	I_QST_037.png	3359	0	
360	360	I_QST_167.png	3360	0	
361	361	I_QST_252.png	3361	0	
362	362	I_QST_065.png	3362	0	
363	363	I_QST_039.png	3363	0	
364	364	I_QST_163.png	3364	0	
365	365	I_QST_046.png	3365	0	
366	366	I_QST_366.png	3366	0	
367	367	I_QST_367.png	3367	0	
368	368	I_QST_368.png	3368	0	
369	369	I_QST_152.png	3369	0	
370	370	I_QST_370.png	3370	0	
371	371	I_QST_061.png	3371	1	
372	372	I_QST_252.png	3372	0	
373	373	I_QST_373.png	3373	0	
374	374	I_QST_374.png	3374	0	
375	375	I_QST_167.png	3375	0	
376	376	I_QST_376.png	3376	0	
377	377	I_QST_377.png	3377	0	
378	378	I_QST_290.png	3378	0	
379	379	I_QST_290.png	3379	0	
380	380	I_QST_290.png	3380	0	
381	381	I_QST_290.png	3381	0	
382	382	I_QST_290.png	3382	0	
383	383	I_QST_290.png	3383	0	
384	384	I_QST_290.png	3384	0	
385	385	I_QST_290.png	3385	0	
386	386	I_QST_290.png	3386	0	
387	387	I_QST_290.png	3387	0	
388	388	I_QST_290.png	3388	0	
389	389	I_QST_389.png	3389	0	
390	390	I_QST_390.png	3390	0	
391	391	I_QST_391.png	3391	0	
392	392	I_QST_392.png	3392	0	
393	393	I_QST_264.png	3393	0	
394	394	I_QST_394.png	3394	0	
395	395	I_QST_395.png	3395	0	
396	396	I_QST_286.png	3396	0	
397	397	I_QST_148.png	3397	0	
398	398	I_QST_148.png	3398	0	
399	399	I_QST_148.png	3399	0	
400	400	I_QST_148.png	3400	0	
401	401	I_QST_148.png	3401	0	
402	402	I_QST_148.png	3402	0	
403	403	I_QST_147.png	3403	0	
404	404	I_QST_129.png	3404	0	
405	405	I_QST_129.png	3405	0	
406	406	I_QST_406.png	3406	0	
407	407	I_QST_039.png	3407	0	
408	408	I_QST_086.png	3408	0	
409	409	I_QST_075.png	3409	0	
410	410	I_QST_167.png	3410	0	
411	411	I_RCV_OT_ML05.png	3411	0	
412	412	I_QST_134.png	3412	0	
413	413	I_QST_286.png	3413	0	
414	414	I_QST_028.png	3414	0	
415	415	I_QST_075.png	3415	0	
416	416	I_QST_055.png	3416	0	
417	417	I_QST_252.png	3417	0	
418	418	I_QST_180.png	3418	0	
419	419	I_QST_038.png	3419	1	
420	420	I_QST_133.png	3420	0	
421	421	I_QST_153.png	3421	0	
422	422	I_QST_422.png	3422	0	
423	423	I_QST_238.png	3423	0	
424	424	I_QST_424.png	3424	1	
425	425	I_QST_374.png	3425	1	
426	426	I_QST_426.png	3426	1	
427	427	I_QST_059.png	3427	0	
428	428	I_QST_374.png	3428	0	
429	429	I_QST_429.png	3429	0	
430	430	I_QST_430.png	3430	1	
431	431	I_QST_431.png	3431	0	
432	432	I_QST_374.png	3432	1	
433	433	I_QST_433.png	3433	0	
434	434	I_QST_374.png	3434	0	
435	435	I_JNK_A09.png	3435	0	
436	436	I_QST_436.png	3436	1	
437	437	I_QST_437.png	3437	1	
438	438	I_QST_438.png	3438	1	
439	439	I_QST_439.png	3439	0	
440	440	I_QST_440.png	3440	1	
441	441	I_QST_068.png	3441	1	
442	442	I_JNK_A03.png	3442	0	
443	443	I_QST_430.png	3443	0	
444	444	I_QST_444.png	3444	0	
445	445	I_QST_445.png	3445	1	
446	446	I_QST_440.png	3446	1	
447	447	I_QST_447.png	3447	1	
448	448	I_JNK_A03.png	3448	0	
449	449	I_QST_449.png	3449	0	
450	450	I_QST_430.png	3450	1	
451	451	I_QST_451.png	3451	0	
452	452	I_QST_452.png	3452	0	
453	453	I_JNK_A05.png	3453	0	
454	454	I_QST_454.png	3454	0	
455	455	I_QST_120.png	3455	0	
456	456	I_QST_456.png	3456	0	
457	457	I_QST_457.png	3457	1	
458	458	I_QST_120.png	3458	0	
459	459	I_QST_459.png	3459	1	
460	460	I_QST_460.png	3460	0	
461	461	I_QST_461.png	3461	0	
462	462	I_QST_462.png	3462	1	
463	463	I_QST_054.png	3463	0	
464	464	I_QST_464.png	3464	0	
465	465	I_QST_465.png	3465	1	
466	466	I_QST_065.png	3466	0	
467	467	I_QST_467.png	3467	0	
468	468	I_JNK_B02.PNG	3468	1	
469	469	I_QST_469.png	3469	1	
470	470	I_QST_470.png	3470	1	
471	471	I_QST_471.png	3471	1	
472	472	I_QST_472.png	3472	0	
473	473	I_QST_473.png	3473	1	
474	474	I_QST_473.png	3474	0	
475	475	I_QST_475.png	3475	0	
476	476	I_DBL_05.png	3476	1	
477	477	I_QST_477.png	3477	1	
478	478	I_QST_478.png	3478	0	
479	479	I_QST_479.png	3479	0	
480	480	I_QST_480.png	3480	0	
481	481	I_QST_481.png	3481	0	
482	482	I_QST_482.png	3482	0	
483	483	I_QST_483.png	3483	1	
484	484	I_QST_002.png	3484	0	
485	485	I_QST_485.png	3485	1	
486	486	I_QST_152.png	3486	0	
487	487	I_QST_487.png	3487	1	
488	488	I_QST_479.png	3488	0	
489	489	I_QST_480.png	3489	0	
490	490	I_QST_490.png	3490	0	
491	491	I_QST_491.png	3491	1	
492	492	I_JNK_K05.PNG	3492	0	
493	493	I_QST_493.png	3493	1	
494	494	I_QST_494.png	3494	1	
495	495	I_QST_253.png	3495	0	
496	496	I_QST_496.png	3496	0	
497	497	I_QST_497.png	3497	0	
498	498	I_QST_498.png	3498	1	
499	499	I_QST_499.png	3499	0	
500	500	I_QST_479.png	3500	0	
501	501	I_QST_480.png	3501	0	
502	502	I_QST_426.png	3502	1	
503	503	I_QST_503.png	3503	0	
504	504	I_QST_504.png	3504	1	
505	505	I_QST_467.png	3505	0	
506	506	I_QST_506.png	3506	1	
507	507	I_QST_467.png	3507	0	
508	508	I_ACC_N05.PNG	3508	0	
509	509	I_QST_509.png	3509	0	
510	510	I_QST_129.png	3510	0	
511	511	I_QST_494.png	3511	0	
512	512	I_QST_068.png	3512	0	
513	513	I_QST_513.png	3513	0	
514	514	I_QST_129.png	3514	0	
515	515	I_QST_430.png	3515	1	
516	516	I_QST_T020.png	3516	1	
517	517	I_QST_517.png	3517	1	
518	518	I_QST_426.png	3518	0	
519	519	I_RCV_DH_EM.png	3519	1	
520	520	I_JNK_A02.PNG	3520	0	
521	521	I_QST_521.png	3521	0	
522	522	I_QST_159.png	3522	0	
523	523	I_QST_158.png	3523	0	
524	524	I_QST_524.png	3524	0	
525	525	I_QST_525.png	3525	0	
526	526	I_QST_167.png	3526	1	
527	527	I_QST_527.png	3527	1	
528	528	I_QST_528.png	3528	0	
529	529	I_QST_529.png	3529	0	
530	530	I_QST_530.png	3530	1	
531	531	I_QST_531.png	3531	0	
532	532	I_QST_532.png	3532	0	
533	533	I_QST_533.png	3533	0	
534	534	I_QST_288.png	3534	0	
535	535	I_QST_535.png	3535	1	
536	536	I_QST_536.png	3536	0	
537	537	I_QST_537.png	3537	0	
538	538	I_QST_538.png	3538	0	
539	539	I_QST_539.png	3539	1	
540	540	I_QST_540.png	3540	0	
541	541	I_QST_292.png	3541	1	
542	542	A_QST_001.PNG	3542	0	
543	543	I_QST_543.png	3543	0	
544	544	I_QST_430.png	3544	0	
545	545	I_JNK_A05.PNG	3545	0	
546	546	I_QST_546.png	3546	1	
547	547	I_QST_547.png	3547	0	
548	548	I_QST_449.png	3548	0	
549	549	I_QST_549.png	3549	1	
550	550	I_QST_550.png	3550	1	
551	551	I_QST_551.png	3551	0	
552	552	I_QST_552.png	3552	0	
553	553	I_QST_374.png	3553	1	
554	554	I_QST_118.png	3554	0	
555	555	I_QST_555.png	3555	0	
556	556	I_QST_556.png	3556	0	
557	557	I_QST_557.png	3557	0	
558	558	I_QST_430.png	3558	1	
559	559	I_QST_077.png	3559	0	
560	560	I_QST_560.png	3560	0	
561	561	I_QST_525.png	3561	0	
562	562	I_QST_525.png	3562	0	
563	563	I_QST_238.png	3563	0	
564	564	I_QST_374.png	3564	0	
565	565	I_QST_374.png	3565	0	
566	566	I_QST_008.png	3566	1	
567	567	I_JNK_A07.PNG	3567	1	
568	568	I_QST_533.png	3568	0	
569	569	I_QST_569.png	3569	0	
570	570	I_QST_570.png	3570	0	
571	571	I_QST_374.png	3571	1	
572	572	I_QST_572.png	3572	0	
573	573	I_QST_543.png	3573	0	
574	574	I_QST_543.png	3574	0	
575	575	I_QST_575.png	3575	0	
576	576	I_QST_576.png	3576	0	
577	577	I_JNK_C09.PNG	3577	0	
578	578	I_QST_374.png	3578	1	
579	579	I_QST_579.png	3579	0	
580	580	I_QST_426.png	3580	0	
581	581	I_QST_167.png	3581	0	
582	582	I_QST_582.png	3582	0	
583	583	A_HMY_05_02_B.png	3583	0	
584	584	I_QST_582.png	3584	1	
585	585	I_QST_585.png	3585	1	
586	586	I_QST_008.png	3586	0	
587	587	I_QST_008.png	3587	0	
588	588	I_QST_588.png	3588	0	
589	589	I_QST_374.png	3589	0	
590	590	I_QST_426.png	3590	0	
591	591	I_QST_591.png	3591	0	
592	592	I_QST_487.png	3592	0	
593	593	I_QST_046.png	3593	0	
594	594	I_QST_046.png	3594	0	
595	595	I_QST_595.png	3595	0	
596	596	I_QST_596.png	3596	0	
597	597	I_QST_597.png	3597	1	
598	598	I_QST_598.png	3598	0	
599	599	I_QST_027.png	3599	0	
600	600	I_QST_600.png	3600	0	
601	601	I_QST_600.png	3601	0	
602	602	I_QST_602.png	3602	0	
603	603	A_QST_013.png	3603	0	
604	604	I_QST_449.png	3604	0	
605	605	I_QST_159.png	3605	0	
606	606	I_JNK_A02.PNG	3606	0	
607	607	I_QST_607.png	3607	1	
608	608	I_QST_608.png	3608	0	
609	609	I_QST_430.png	3609	0	
610	610	I_QST_610.png	3610	0	
611	611	I_QST_023.png	3611	0	
612	612	I_QST_612.png	3612	0	
613	613	I_JNK_C08.PNG	3613	0	
614	614	I_QST_614.png	3614	1	
615	615	I_QST_615.png	3615	0	
616	616	I_QST_024.png	3616	0	
617	617	I_QST_159.png	3617	0	
618	618	I_RCV_OT_NE05.png	3618	0	
619	619	I_QST_153.png	3619	0	
620	620	I_QST_620.png	3620	0	
621	621	I_QST_290.PNG	3621	0	
622	622	I_QST_426.png	3622	0	
623	623	I_QST_147.png	3623	0	
624	624	I_QST_430.png	3624	0	
625	625	I_QST_430.png	3625	0	
626	626	I_RCV_DB_P03.png	3626	0	
627	627	W_FAN_01.PNG	3627	0	
628	628	I_QST_628.png	3628	0	
629	629	I_QST_135.png	3629	0	
630	630	I_QST_525.png	3630	0	
631	631	I_QST_023.png	3631	0	
632	632	I_QST_632.png	3632	0	
633	633	I_QST_059.png	3633	0	
634	634	I_RCV_OT_HL05.png	3634	0	
635	635	I_QST_238.png	3635	0	
636	636	I_QST_636.png	3636	0	
637	637	I_QST_426.png	3637	1	
638	638	I_QST_473.png	3638	0	
639	639	I_QST_639.png	3639	0	
640	640	I_QST_010.png	3640	0	
641	641	I_QST_068.png	3641	1	
642	642	I_QST_167.png	3642	0	
643	643	I_QST_167.png	3643	0	
644	644	I_QST_644.png	3644	0	
645	645	I_QST_645.png	3645	0	
646	646	I_QST_449.png	3646	0	
647	647	I_QST_167.png	3647	0	
648	648	I_QST_648.png	3648	0	
649	649	I_QST_007.png	3649	1	
650	650	I_QST_644.png	3650	0	
651	651	I_QST_644.png	3651	0	
652	652	I_QST_430.png	3652	1	
653	653	I_QST_653.png	3653	0	
654	654	I_QST_068.png	3654	1	
655	655	I_QST_655.png	3655	0	
656	656	I_QST_656.png	3656	1	
657	657	I_QST_167.png	3657	0	
658	658	I_QST_167.png	3658	0	
659	659	I_QST_167.png	3659	0	
660	660	I_QST_660.png	3660	1	
661	661	I_QST_661.png	3661	1	
662	662	I_QST_115.png	3662	0	
663	663	I_QST_317.png	3663	1	
664	664	I_QST_048.png	3664	1	
665	665	I_JNK_C09.PNG	3665	0	
666	666	I_QST_666.png	3666	1	
667	667	I_QST_447.png	3667	1	
668	668	I_QST_068.png	3668	1	
669	669	I_QST_653.png	3669	0	
670	670	I_QST_636.png	3670	0	
671	671	I_JNK_K08.PNG	3671	0	
672	672	I_QST_672.png	3672	0	
673	673	I_QST_673.png	3673	1	
674	674	I_QST_008.png	3674	0	
675	675	I_QST_675.png	3675	0	
676	676	I_QST_112.png	3676	0	
677	677	I_QST_390.png	3677	0	
678	678	I_RCV_OT_ML05.png	3678	1	
679	679	I_QST_010.png	3679	1	
680	680	I_QST_012.png	3680	0	
681	681	I_QST_681.png	3681	0	
682	682	I_QST_012.png	3682	1	
683	683	I_QST_683.png	3683	0	
684	684	I_QST_426.png	3684	0	
685	685	I_QST_426.png	3685	0	
686	686	I_QST_426.png	3686	0	
687	687	I_RCV_DH_S1.png	3687	1	
688	688	I_QST_280.png	3688	0	
689	689	I_QST_426.png	3689	1	
690	690	I_QST_456.png	3690	0	
691	691	I_QST_645.png	3691	0	
692	692	I_QST_010.png	3692	0	
693	693	I_JNK_J08.PNG	3693	0	
694	694	I_QST_162.png	3694	0	
695	695	I_JNK_J08.PNG	3695	0	
696	696	I_QST_014.png	3696	0	
697	697	I_QST_163.png	3697	0	
698	698	A_QST_015.png	3698	1	
699	699	A_QST_014.png	3699	1	
700	700	A_QST_016.png	3700	0	
701	701	I_QST_701.png	3701	0	
702	702	W_STK_01.PNG	3702	0	
703	703	W_FAN_01.PNG	3703	0	
704	704	A_QST_011.png	3704	0	
705	705	I_QST_608.png	3705	0	
706	706	I_QST_608.png	3706	0	
707	707	I_QST_707.png	3707	0	
708	708	I_QST_068.png	3708	1	
709	709	I_QST_661.png	3709	0	
710	710	I_QST_661.png	3710	0	
711	711	I_QST_068.png	3711	1	
712	712	I_QST_025.png	3712	0	
713	713	I_QST_713.png	3713	0	
714	714	I_QST_038.png	3714	0	
715	715	I_QST_057.png	3715	0	
716	716	I_QST_655.png	3716	1	
717	717	I_QST_075.png	3717	0	
718	718	I_QST_075.png	3718	0	
719	719	I_QST_075.png	3719	0	
720	720	I_QST_012.png	3720	0	
721	721	I_QST_046.png	3721	1	
722	722	I_QST_368.png	3722	1	
723	723	I_QST_133.png	3723	0	
724	724	I_QST_191.png	3724	1	
725	725	I_QST_046.png	3725	0	
726	726	I_QST_496.png	3726	0	
727	727	I_QST_727.png	3727	0	
728	728	I_QST_046.png	3728	0	
729	729	I_QST_729.png	3729	0	
730	730	I_QST_730.png	3730	0	
731	731	I_QST_731.png	3731	0	
732	732	I_QST_517.png	3732	0	
733	733	I_QST_009.png	3733	0	
734	734	I_QST_075.png	3734	0	
735	735	I_QST_068.png	3735	1	
736	736	I_QST_075.png	3736	0	
737	737	I_QST_737.png	3737	0	
738	738	I_QST_037.png	3738	0	
739	739	I_QST_550.png	3739	0	
740	740	I_QST_002.png	3740	0	
741	741	I_QST_741.png	3741	0	
742	742	I_QST_426.png	3742	1	
743	743	I_QST_743.png	3743	0	
744	744	I_QST_238.png	3744	1	
745	745	I_QST_426.png	3745	1	
746	746	I_QST_046.png	3746	0	
747	747	I_QST_747.png	3747	0	
748	748	I_QST_447.png	3748	1	
749	749	I_QST_075.png	3749	0	
750	750	I_QST_075.png	3750	0	
751	751	I_QST_471.png	3751	0	
752	752	I_QST_752.png	3752	0	
753	753	I_QST_447.png	3753	0	
754	754	I_QST_672.png	3754	1	
755	755	I_QST_132.png	3755	0	
756	756	I_QST_292.png	3756	0	
757	757	I_QST_757.png	3757	0	
758	758	I_QST_758.png	3758	0	
759	759	I_QST_759.png	3759	0	
760	760	I_QST_004.png	3760	0	
761	761	I_QST_278.png	3761	0	
762	762	I_QST_166.png	3762	1	
763	763	I_QST_188.png	3763	0	
764	764	I_QST_292.png	3764	0	
765	765	I_QST_447.png	3765	0	
766	766	I_QST_600.png	3766	0	
767	767	I_QST_767.png	3767	0	
768	768	I_QST_525.png	3768	1	
769	769	I_QST_769.png	3769	0	
770	770	I_QST_046.png	3770	1	
771	771	I_QST_595.png	3771	0	
772	772	I_QST_034.png	3772	0	
773	773	I_QST_069.png	3773	0	
774	774	I_QST_457.png	3774	1	
775	775	I_QST_068.png	3775	1	
776	776	I_QST_673.png	3776	0	
777	777	I_QST_922.png	3777	0	
778	778	I_QST_166.png	3778	0	
779	779	I_QST_525.png	3779	1	
780	780	I_QST_780.png	3780	0	
781	781	I_QST_781.png	3781	0	
782	782	I_QST_782.png	3782	0	
783	783	I_QST_462.png	3783	1	
784	784	I_QST_783.png	3784	0	
785	785	I_QST_785.png	3785	0	
786	786	I_QST_005.png	3786	1	
787	787	I_QST_065.png	3787	0	
788	788	I_QST_291.png	3788	0	
789	789	I_QST_126.png	3789	0	
790	790	I_QST_790.png	3790	0	
791	791	I_QST_126.png	3791	0	
792	792	I_QST_792.png	3792	1	
793	793	I_QST_783.png	3793	0	
794	794	I_QST_794.png	3794	0	
795	795	I_QST_600.png	3795	0	
796	796	I_QST_471.png	3796	1	
797	797	I_QST_525.png	3797	0	
798	798	I_QST_043.png	3798	0	
799	799	I_QST_799.png	3799	0	
800	800	I_QST_424.png	3800	0	
801	801	I_QST_801.png	3801	0	
802	802	I_QST_335.png	3802	0	
803	803	I_QST_310.png	3803	1	
804	804	I_QST_804.png	3804	0	
805	805	I_QST_805.png	3805	0	
806	806	I_QST_801.png	3806	0	
807	807	I_QST_807.png	3807	0	
808	808	I_QST_808.png	3808	0	
809	809	I_QST_809.png	3809	0	
810	810	I_QST_167.png	3810	0	
811	811	I_QST_167.png	3811	0	
812	812	I_QST_430.png	3812	1	
813	813	I_QST_813.png	3813	0	
814	814	I_QST_036.png	3814	0	
815	815	I_QST_016.png	3815	0	
816	816	I_PTL_01.png	3816	0	
817	817	I_QST_335.png	3817	1	
818	818	I_QST_166.png	3818	0	
819	819	I_QST_460.png	3819	1	
820	820	I_QST_600.png	3820	1	
821	821	I_QST_471.png	3821	0	
822	822	I_QST_822.png	3822	0	
823	823	I_QST_158.png	3823	0	
824	824	I_QST_159.png	3824	0	
825	825	I_QST_825.png	3825	0	
826	826	I_QST_826.png	3826	0	
827	827	I_QST_827.png	3827	0	
828	828	I_QST_828.png	3828	0	
829	829	I_QST_829.png	3829	1	
830	830	I_QST_036.png	3830	1	
831	831	I_QST_831.png	3831	0	
832	832	I_QST_255.png	3832	0	
833	833	I_QST_487.png	3833	0	
834	834	I_QST_046.png	3834	0	
835	835	I_QST_370.png	3835	0	
836	836	I_QST_344.png	3836	1	
837	837	I_QST_837.png	3837	0	
838	838	I_QST_525.png	3838	1	
839	839	I_QST_839.png	3839	1	
840	840	I_QST_840.png	3840	0	
841	841	I_QST_841.png	3841	1	
842	842	I_QST_828.png	3842	0	
843	843	I_QST_459.png	3843	1	
844	844	I_QST_844.png	3844	0	
845	845	I_QST_845.png	3845	1	
846	846	I_QST_846.png	3846	0	
847	847	I_QST_847.png	3847	1	
848	848	I_QST_525.png	3848	0	
849	849	I_QST_849.png	3849	1	
850	850	I_QST_162.png	3850	0	
851	851	I_QST_851.png	3851	1	
852	852	I_QST_922.png	3852	0	
853	853	I_ACC_E04.png	3853	1	
854	854	I_QST_854.png	3854	1	
855	855	I_QST_075.png	3855	0	
856	856	I_QST_075.png	3856	0	
857	857	I_JNK_G01.PNG	3857	1	
858	858	I_QST_162.png	3858	0	
859	859	I_QST_585.png	3859	1	
860	860	I_QST_436.png	3860	0	
861	861	I_QST_426.png	3861	1	
862	862	I_QST_148.png	3862	0	
863	863	I_QST_065.png	3863	1	
864	864	I_QST_126.png	3864	0	
865	865	I_QST_008.png	3865	0	
866	866	I_QST_809.png	3866	0	
867	867	I_QST_003.png	3867	0	
868	868	I_QST_046.png	3868	1	
869	869	I_QST_555.png	3869	0	
870	870	I_QST_660.png	3870	0	
871	871	I_QST_479.png	3871	0	
872	872	I_QST_480.png	3872	0	
873	873	I_QST_873.png	3873	0	
874	874	I_QST_874.png	3874	0	
875	875	I_QST_525.png	3875	1	
876	876	I_QST_447.png	3876	1	
877	877	I_QST_480.png	3877	0	
878	878	I_QST_034.png	3878	0	
879	879	I_QST_039.png	3879	0	
880	880	I_QST_535.png	3880	0	
881	881	I_QST_881.png	3881	0	
882	882	I_QST_560.png	3882	0	
883	883	I_QST_394.png	3883	0	
884	884	I_QST_077.png	3884	0	
885	885	I_QST_885.png	3885	1	
886	886	I_QST_886.png	3886	1	
887	887	I_QST_374.png	3887	1	
888	888	I_QST_888.png	3888	0	
889	889	A_QST_003.PNG	3889	0	
890	890	A_QST_003.PNG	3890	1	
891	891	I_QST_891.png	3891	1	
892	892	I_QST_153.png	3892	0	
893	893	I_QST_922.png	3893	1	
894	894	I_QST_840.png	3894	0	
895	895	I_QST_895.png	3895	1	
896	896	I_QST_672.png	3896	1	
897	897	I_QST_897.png	3897	1	
898	898	I_QST_898.png	3898	0	
899	899	I_QST_600.png	3899	0	
900	900	I_QST_010.png	3900	0	
901	901	I_QST_591.png	3901	1	
902	902	I_QST_902.png	3902	0	
903	903	I_QST_525.png	3903	0	
904	904	I_QST_374.png	3904	1	
905	905	I_QST_003.png	3905	0	
906	906	I_QST_426.png	3906	1	
907	907	I_QST_050.png	3907	0	
908	908	I_QST_885.png	3908	0	
909	909	I_QST_531.png	3909	0	
910	910	I_QST_910.png	3910	1	
911	911	I_JNK_E09.PNG	3911	0	
912	912	I_QST_655.png	3912	0	
913	913	I_QST_368.png	3913	0	
914	914	I_QST_532.png	3914	0	
915	915	I_QST_367.png	3915	0	
916	916	I_QST_254.png	3916	1	
917	917	I_QST_917.png	3917	0	
918	918	I_QST_008.png	3918	0	
919	919	I_QST_919.png	3919	0	
920	920	I_QST_533.png	3920	0	
921	921	I_QST_290.png	3921	0	
922	922	I_QST_922.png	3922	0	
923	923	I_QST_923.png	3923	0	
924	924	I_QST_924.png	3924	0	
925	925	I_QST_595.png	3925	0	
926	926	I_QST_672.png	3926	1	
927	927	I_QST_472.png	3927	0	
928	928	I_QST_928.png	3928	0	
929	929	I_QST_929.png	3929	1	
930	930	I_QST_672.png	3930	1	
931	931	I_QST_931.png	3931	0	
932	932	I_QST_932.png	3932	0	
933	933	I_QST_756.png	3933	0	
934	934	I_QST_934.png	3934	0	
935	935	I_QST_935.png	3935	0	
936	936	I_JNK_A08.PNG	3936	0	
937	937	I_QST_937.png	3937	1	
938	938	I_QST_153.png	3938	0	
939	939	I_QST_478.png	3939	0	
940	940	I_QST_940.png	3940	0	
941	941	I_QST_941.png	3941	0	
942	942	I_QST_600.png	3942	1	
943	943	I_QST_121.png	3943	1	
944	944	I_QST_118.png	3944	0	
945	945	I_QST_046.png	3945	0	
946	946	I_QST_046.png	3946	0	
947	947	I_QST_655.png	3947	0	
948	948	I_QST_426.png	3948	1	
949	949	I_QST_949.png	3949	0	
950	950	I_QST_147.png	3950	0	
951	951	I_QST_951.png	3951	0	
952	952	I_QST_533.png	3952	1	
953	953	I_QST_743.png	3953	1	
954	954	I_QST_068.png	3954	1	
955	955	I_QST_068.png	3955	1	
956	956	I_QST_956.png	3956	0	
957	957	I_QST_957.png	3957	0	
958	958	I_QST_374.png	3958	0	
959	959	I_QST_959.png	3959	1	
960	960	I_QST_960.png	3960	0	
961	961	I_RCV_OT_NL02.png	3961	1	
962	962	I_QST_962.png	3962	0	
963	963	I_QST_963.png	3963	0	
964	964	I_QST_068.png	3964	1	
965	965	I_QST_003.png	3965	1	
966	966	I_QST_966.png	3966	0	
967	967	I_QST_967.png	3967	0	
968	968	I_QST_743.png	3968	0	
969	969	I_QST_969.png	3969	0	
970	970	I_QST_150.png	3970	0	
971	971	I_QST_179.png	3971	0	
972	972	I_JNK_E01.PNG	3972	1	
973	973	I_QST_440.png	3973	1	
974	974	I_QST_885.png	3974	0	
975	975	I_QST_525.png	3975	0	
976	976	I_QST_885.png	3976	0	
977	977	I_QST_888.png	3977	0	
978	978	I_QST_826.png	3978	0	
979	979	I_QST_979.png	3979	0	
980	980	I_QST_043.png	3980	0	
981	981	I_QST_981.png	3981	0	
982	982	I_QST_982.png	3982	0	
983	983	I_QST_472.png	3983	0	
984	984	I_QST_984.png	3984	0	
985	985	I_QST_655.png	3985	0	
986	986	I_QST_600.png	3986	1	
987	987	I_QST_987.png	3987	0	
988	988	I_QST_471.png	3988	1	
989	989	I_JNK_E06.PNG	3989	0	
990	990	I_JNK_E03.PNG	3990	0	
991	991	I_JNK_E09.PNG	3991	0	
992	992	I_QST_046.png	3992	0	
993	993	I_QST_046.png	3993	0	
994	994	I_QST_046.png	3994	0	
995	995	I_QST_447.png	3995	1	
996	996	I_QST_895.png	3996	0	
997	997	I_QST_008.png	3997	1	
998	998	I_QST_600.png	3998	0	
999	999	I_QST_987.png	3999	0	
1000	1000	I_QST_471.png	4000	0	
1001	1001	I_QST_184.png	4001	0	
1002	1002	I_QST_291.PNG	4002	0	
1003	1003	I_QST_034.png	4003	0	
1004	1004	I_JNK_E03.PNG	4004	0	
1005	1005	I_JNK_E09.PNG	4005	0	
1006	1006	I_QST_046.png	4006	0	
1007	1007	I_QST_046.png	4007	0	
1008	1008	I_QST_046.png	4008	0	
1009	1009	I_QST_426.png	4009	1	
1010	1010	I_QST_713.png	4010	1	
1011	1011	I_QST_655.png	4011	0	
1012	1012	I_QST_A012.png	4012	0	
1013	1013	I_QST_068.png	4013	1	
1014	1014	I_QST_600.png	4014	0	
1015	1015	I_QST_881.png	4015	0	
1016	1016	I_QST_426.png	4016	0	
1017	1017	I_QST_471.png	4017	0	
1018	1018	I_QST_017.png	4018	0	
1019	1019	I_RCV_DB_S01.png	4019	0	
1020	1020	I_QST_034.png	4020	0	
1021	1021	I_QST_924.png	4021	0	
1022	1022	I_QST_007.png	4022	0	
1023	1023	I_QST_075.png	4023	0	
1024	1024	I_QST_533.png	4024	0	
1025	1025	I_QST_759.png	4025	0	
1026	1026	I_QST_158.png	4026	0	
1027	1027	I_QST_010.png	4027	0	
1028	1028	I_QST_487.png	4028	0	
1029	1029	I_QST_167.png	4029	0	
1030	1030	I_QST_799.png	4030	0	
1031	1031	I_QST_T020.png	4031	0	
1032	1032	I_QST_A032.png	4032	0	
1033	1033	A_QST_028.png	4033	1	
1034	1034	A_QST_029.png	4034	1	
1035	1035	A_QST_030.png	4035	0	
1036	1036	A_QST_031.png	4036	0	
1037	1037	A_QST_033.png	4037	0	
1038	1038	I_QST_254.PNG	4038	0	
1039	1039	I_QST_922.png	4039	0	
1040	1040	I_QST_922.png	4040	0	
1041	1041	I_QST_922.png	4041	0	
1042	1042	I_QST_367.png	4042	0	
1043	1043	I_QST_932.png	4043	0	
1044	1044	I_QST_451.png	4044	0	
1045	1045	I_QST_452.png	4045	0	
1046	1046	I_QST_334.png	4046	0	
1047	1047	I_QST_956.png	4047	0	
1048	1048	I_QST_153.png	4048	0	
1049	1049	I_QST_672.png	4049	0	
1050	1050	I_QST_941.png	4050	0	
1051	1051	I_QST_046.png	4051	0	
1052	1052	I_QST_560.png	4052	0	
1053	1053	I_QST_A053.png	4053	0	
1054	1054	I_QST_068.png	4054	1	
1055	1055	I_QST_600.png	4055	1	
1056	1056	I_QST_792.png	4056	0	
1057	1057	I_QST_792.png	4057	0	
1058	1058	I_QST_027.png	4058	0	
1059	1059	I_QST_A059.png	4059	0	
1060	1060	I_QST_840.png	4060	0	
1061	1061	I_QST_792.png	4061	0	
1062	1062	I_QST_046.png	4062	0	
1063	1063	I_QST_003.png	4063	0	
1064	1064	I_QST_672.png	4064	0	
1065	1065	I_QST_373.png	4065	0	
1066	1066	I_QST_156.png	4066	0	
1067	1067	I_QST_156.png	4067	0	
1068	1068	I_QST_529.png	4068	0	
1069	1069	I_QST_922.png	4069	0	
1070	1070	I_QST_040.png	4070	0	
1071	1071	I_QST_666.png	4071	0	
1072	1072	I_QST_023.png	4072	0	
1073	1073	I_RCK_01.png	4073	0	
1074	1074	I_QST_373.png	4074	0	
1075	1075	W_FAN_11.PNG	4075	0	
1076	1076	W_GLV_36.PNG	4076	0	
1077	1077	I_SCP_CNT.PNG	4077	0	
1078	1078	I_QST_A078.png	4078	0	
1079	1079	I_QST_440.png	4079	0	
1080	1080	I_QST_A080.png	4080	0	
1081	1081	I_QST_456.png	4081	0	
1082	1082	I_SCP_IDC.PNG	4082	0	
1083	1083	A_MMI_04_08_B.png	4083	0	
1084	1084	I_QST_509.png	4084	0	
1085	1085	I_QST_A085.png	4085	0	
1086	1086	I_QST_159.png	4086	0	
1087	1087	I_QST_528.png	4087	0	
1088	1088	I_QST_167.png	4088	0	
1089	1089	I_QST_A089.png	4089	0	
1090	1090	I_QST_406.png	4090	0	
1091	1091	I_QST_148.png	4091	0	
1092	1092	I_QST_046.png	4092	0	
1093	1093	I_QST_672.png	4093	0	
1094	1094	I_QST_T043.png	4094	0	
1095	1095	I_QST_A095.png	4095	0	
1096	1096	I_QST_A096.png	4096	0	
1097	1097	I_QST_167.png	4097	0	
1098	1098	I_QST_009.png	4098	0	
1099	1099	I_QST_769.png	4099	0	
1100	1100	I_QST_102.PNG	4100	0	
1101	1101	I_QST_A101.png	4101	0	
1102	1102	I_QST_462.PNG	4102	0	
1103	1103	I_QST_A103.png	4103	0	
1104	1104	I_QST_A104.png	4104	0	
1105	1105	I_QST_672.png	4105	0	
1106	1106	I_QST_531.png	4106	0	
1107	1107	I_QST_012.png	4107	0	
1108	1108	I_QST_013.png	4108	0	
1109	1109	I_ACC_N05.png	4109	0	
1110	1110	I_QST_A110.png	4110	0	
1111	1111	I_QST_A111.png	4111	0	
1112	1112	I_QST_529.png	4112	0	
1113	1113	I_QST_A113.png	4113	0	
1114	1114	I_QST_579.png	4114	0	
1115	1115	I_QST_A115.png	4115	0	
1116	1116	I_QST_158.png	4116	0	
1117	1117	I_QST_499.png	4117	0	
1118	1118	I_QST_932.png	4118	0	
1119	1119	I_QST_452.png	4119	0	
1120	1120	I_QST_935.png	4120	0	
1121	1121	A_QST_010.png	4121	0	
1122	1122	I_QST_430.png	4122	0	
1123	1123	I_QST_471.png	4123	1	
1124	1124	I_QST_656.png	4124	0	
1125	1125	I_QST_829.png	4125	0	
1126	1126	I_QST_A126.png	4126	0	
1127	1127	I_QST_656.png	4127	0	
1128	1128	I_QST_928.png	4128	0	
1129	1129	I_QST_886.png	4129	0	
1130	1130	I_QST_827.png	4130	0	
1131	1131	I_QST_068.png	4131	0	
1132	1132	I_QST_530.png	4132	0	
1133	1133	I_SCP_SHC.PNG	4133	0	
1134	1134	I_QST_600.png	4134	0	
1135	1135	I_SCP_BLA.PNG	4135	0	
1136	1136	I_SCP_SHS.png	4136	0	
1137	1137	I_QST_891.png	4137	0	
1138	1138	W_STK_14.PNG	4138	0	
1139	1139	I_QST_600.png	4139	0	
1140	1140	I_QST_254.PNG	4140	0	
1141	1141	I_QST_479.png	4141	0	
1142	1142	I_RCV_DH_LX.png	4142	0	
1143	1143	I_QST_600.png	4143	0	
1144	1144	I_QST_600.png	4144	0	
1145	1145	I_QST_891.png	4145	0	
1146	1146	I_QST_255.PNG	4146	0	
1147	1147	I_QST_254.PNG	4147	0	
1148	1148	I_QST_632.png	4148	0	
1149	1149	I_QST_008.png	4149	0	
1150	1150	I_QST_008.png	4150	0	
1151	1151	I_JNK_A02.PNG	4151	0	
1152	1152	I_QST_A152.png	4152	0	
1153	1153	I_QST_430.png	4153	1	
1154	1154	I_QST_A154.png	4154	0	
1155	1155	I_ACC_R01.png	4155	0	
1156	1156	I_QST_173.png	4156	1	
1157	1157	I_QST_897.png	4157	0	
1158	1158	I_QST_046.png	4158	0	
1159	1159	I_QST_A159.png	4159	0	
1160	1160	I_QST_059.png	4160	0	
1161	1161	I_QST_462.png	4161	0	
1162	1162	I_SCP_OLS.png	4162	0	
1163	1163	I_JNK_A06.PNG	4163	0	
1164	1164	I_JNK_A03.PNG	4164	0	
1165	1165	I_QST_922.png	4165	0	
1166	1166	I_QST_144.png	4166	0	
1167	1167	I_QST_979.png	4167	0	
1168	1168	I_SCP_GSC.PNG	4168	0	
1169	1169	I_SCP_BLM.PNG	4169	0	
1170	1170	I_SCP_BLM.PNG	4170	0	
1171	1171	I_QST_799.png	4171	1	
1172	1172	I_QST_451.png	4172	0	
1173	1173	I_QST_452.png	4173	0	
1174	1174	I_QST_430.png	4174	0	
1175	1175	I_RCV_DH_EX.png	4175	0	
1176	1176	I_RCV_DH_EX.png	4176	0	
1177	1177	I_QST_290.PNG	4177	0	
1178	1178	I_QST_T020.png	4178	0	
1179	1179	I_RCV_DH_LX.png	4179	0	
1180	1180	I_QST_752.png	4180	0	
1181	1181	I_QST_A181.png	4181	0	
1182	1182	I_QST_600.png	4182	0	
1183	1183	I_QST_017.PNG	4183	0	
1184	1184	I_QST_959.png	4184	0	
1185	1185	I_QST_707.png	4185	0	
1186	1186	I_JNK_A07.PNG	4186	0	
1187	1187	I_QST_T046.png	4187	0	
1188	1188	I_QST_A188.png	4188	0	
1189	1189	I_QST_886.png	4189	0	
1190	1190	I_QST_886.png	4190	0	
1191	1191	I_QST_783.png	4191	0	
1192	1192	I_QST_A192.png	4192	0	
1193	1193	I_QST_886.png	4193	0	
1194	1194	I_QST_A194.png	4194	0	
1195	1195	I_QST_A095.png	4195	0	
1196	1196	I_QST_886.png	4196	0	
1197	1197	I_QST_A197.png	4197	0	
1198	1198	I_STF_600.png	4198	0	
1199	1199	I_STF_900.png	4199	0	
1200	1200	I_QST_167.png	4200	0	
1201	1201	I_QST_146.png	4201	0	
1202	1202	I_QST_A202.png	4202	0	
1203	1203	I_QST_038.png	4203	0	
1204	1204	I_QST_438.png	4204	0	
1205	1205	I_QST_600.png	4205	1	
1206	1206	I_QST_STEALGEM_01.png	4206	0	
1207	1207	I_QST_713.png	4207	0	
1208	1208	I_QST_KARIN_01.png	4208	1	
1209	1209	I_JNK_C09.PNG	4209	0	
1210	1210	I_QST_632.png	4210	0	
1211	1211	I_QST_290.png	4211	0	
1212	1212	I_QST_525.png	4212	0	
1213	1213	I_QST_473.png	4213	0	
1214	1214	W_MSK_09.PNG	4214	0	
1215	1215	I_QST_DRUM_01.png	4215	1	
1216	1216	I_QST_290.png	4216	0	
1217	1217	I_QST_290.png	4217	0	
1218	1218	I_QST_290.png	4218	0	
1219	1219	I_QST_290.png	4219	0	
1220	1220	I_QST_057.png	4220	0	
1221	1221	I_QST_133.png	4221	0	
1222	1222	I_QST_570.png	4222	0	
1223	1223	I_QST_499.png	4223	0	
1224	1224	I_QST_885.png	4224	0	
1225	1225	I_QST_572.png	4225	0	
1226	1226	I_QST_655.png	4226	0	
1227	1227	I_QST_576.png	4227	0	
1228	1228	I_QST_191.png	4228	1	
1229	1229	I_QST_A113.png	4229	0	
1230	1230	I_QST_A110.png	4230	0	
1231	1231	I_QST_A231.png	4231	0	
1232	1232	I_QST_608.png	4232	1	
1233	1233	I_QST_477.png	4233	1	
1234	1234	I_QST_477.png	4234	0	
1235	1235	I_QST_426.png	4235	1	
1236	1236	I_QST_068.png	4236	1	
1237	1237	I_QST_024.png	4237	0	
1238	1238	I_QST_462.png	4238	0	
1239	1239	I_QST_264.PNG	4239	0	
1240	1240	I_QST_368.png	4240	0	
1241	1241	I_QST_002.png	4241	0	
1242	1242	I_QST_481.png	4242	0	
1243	1243	I_QST_524.png	4243	0	
1244	1244	I_QST_068.png	4244	0	
1245	1245	I_QST_008.png	4245	0	
1246	1246	I_STF_109.png	4246	0	
1247	1247	I_QST_530.png	4247	0	
1248	1248	I_QST_533.png	4248	1	
1249	1249	I_QST_006.png	4249	0	
1250	1250	I_QST_525.png	4250	1	
1251	1251	I_QST_A251.png	4251	0	
1252	1252	I_QST_743.png	4252	0	
1253	1253	I_QST_969.png	4253	0	
1254	1254	I_QST_935.png	4254	0	
1255	1255	I_QST_A255.png	4255	0	
1256	1256	I_QST_783.png	4256	1	
1257	1257	I_QST_792.png	4257	0	
1258	1258	I_QST_293.PNG	4258	1	
1259	1259	I_QST_477.png	4259	0	
1260	1260	I_QST_530.png	4260	1	
1261	1261	I_QST_077.png	4261	0	
1262	1262	I_QST_004.png	4262	0	
1263	1263	I_QST_632.png	4263	1	
1264	1264	I_QST_167.png	4264	1	
1265	1265	I_QST_269.PNG	4265	0	
1266	1266	I_QST_292.PNG	4266	0	
1267	1267	I_QST_959.png	4267	1	
1268	1268	I_QST_959.png	4268	0	
1269	1269	I_QST_895.png	4269	1	
1270	1270	I_QST_653.png	4270	0	
1271	1271	I_QST_059.png	4271	0	
1272	1272	I_QST_A272.png	4272	0	
1273	1273	I_QST_897.png	4273	0	
1274	1274	I_RCK_01.png	4274	0	
1275	1275	I_QST_959.png	4275	0	
1276	1276	I_QST_932.png	4276	0	
1277	1277	I_QST_897.png	4277	0	
1278	1278	I_QST_673.png	4278	0	
1279	1279	I_QST_026.png	4279	0	
1280	1280	I_QST_895.png	4280	0	
1281	1281	I_QST_269.PNG	4281	0	
1282	1282	I_QST_570.png	4282	0	
1283	1283	I_QST_430.png	4283	0	
1284	1284	I_QST_026.png	4284	0	
1285	1285	I_QST_006.png	4285	0	
1286	1286	I_QST_A286.png	4286	0	
1287	1287	I_JNK_C01.PNG	4287	0	
1288	1288	I_QST_509.png	4288	0	
1289	1289	I_JNK_J01.PNG	4289	1	
1290	1290	I_QST_509.png	4290	0	
1291	1291	I_JNK_G09.PNG	4291	0	
1292	1292	I_QST_440.png	4292	0	
1293	1293	I_QST_440.png	4293	0	
1294	1294	I_QST_A126.png	4294	0	
1295	1295	I_QST_979.png	4295	0	
1296	1296	I_QST_792.png	4296	0	
1297	1297	I_QST_701.png	4297	0	
1298	1298	I_QST_077.png	4298	1	
1299	1299	I_QST_888.png	4299	0	
1300	1300	I_QST_426.png	4300	1	
1301	1301	I_QST_426.png	4301	1	
1302	1302	I_QST_T020.png	4302	1	
1303	1303	I_QST_068.png	4303	1	
1304	1304	I_RCV_DB_S01.png	4304	1	
1305	1305	I_QST_158.png	4305	0	
1306	1306	I_JNK_G08.PNG	4306	0	
1307	1307	I_QST_527.png	4307	0	
1308	1308	I_JNK_G08.PNG	4308	0	
1309	1309	I_QST_648.png	4309	1	
1310	1310	I_QST_525.png	4310	0	
1311	1311	I_QST_033.png	4311	0	
1312	1312	I_QST_533.png	4312	1	
1313	1313	I_JNK_A03.PNG	4313	1	
1314	1314	I_QST_886.png	4314	1	
1315	1315	I_QST_956.png	4315	1	
1316	1316	I_QST_847.png	4316	1	
1317	1317	I_RCV_OT_NL03.png	4317	0	
1318	1318	I_QST_A197.png	4318	0	
1319	1319	I_QST_452.png	4319	0	
1320	1320	I_QST_374.png	4320	0	
1321	1321	I_QST_532.png	4321	0	
1322	1322	I_QST_895.png	4322	0	
1323	1323	I_QST_956.png	4323	0	
1324	1324	I_QST_008.png	4324	0	
1325	1325	I_QST_840.png	4325	0	
1326	1326	I_QST_471.png	4326	0	
1327	1327	I_QST_068.png	4327	1	
1328	1328	A_QST_003.PNG	4328	0	
1329	1329	I_QST_644.png	4329	0	
1330	1330	I_QST_002.png	4330	0	
1331	1331	I_QST_956.png	4331	1	
1332	1332	A_QST_030.png	4332	0	
1333	1333	I_QST_A333.png	4333	0	
1334	1334	I_QST_799.png	4334	0	
1335	1335	I_QST_A335.png	4335	0	
1336	1336	I_QST_A335.png	4336	0	
1337	1337	I_QST_406.png	4337	0	
1338	1338	I_QST_046.png	4338	0	
1339	1339	I_QST_A255.png	4339	0	
1340	1340	I_QST_897.png	4340	0	
1341	1341	I_QST_886.png	4341	0	
1342	1342	I_QST_799.png	4342	0	
1343	1343	I_QST_532.png	4343	0	
1344	1344	I_QST_004.png	4344	0	
1345	1345	I_QST_004.png	4345	0	
1346	1346	I_QST_144.png	4346	0	
1347	1347	W_GLV_01.png	4347	0	
1348	1348	A_HFI_04_02_B.png	4348	0	
1349	1349	I_QST_792.png	4349	0	
1350	1350	I_QST_394.png	4350	0	
1351	1351	I_QST_782.png	4351	0	
1352	1352	I_QST_129.png	4352	1	
1353	1353	I_QST_A353.png	4353	0	
1354	1354	I_QST_886.png	4354	0	
1355	1355	I_QST_A355.png	4355	0	
1356	1356	I_QST_A272.png	4356	0	
1357	1357	I_QST_897.png	4357	0	
1358	1358	I_QST_148.png	4358	0	
1359	1359	I_QST_471.png	4359	0	
1360	1360	I_QST_828.png	4360	0	
1361	1361	I_QST_033.png	4361	0	
1362	1362	I_QST_A362.png	4362	0	
1363	1363	I_QST_825.png	4363	0	
1364	1364	I_QST_A364.png	4364	0	
1365	1365	I_QST_291.PNG	4365	0	
1366	1366	I_QST_A251.png	4366	0	
1367	1367	I_QST_919.png	4367	0	
1368	1368	I_QST_367.png	4368	0	
1369	1369	I_QST_585.png	4369	1	
1370	1370	I_QST_987.png	4370	0	
1371	1371	I_QST_934.png	4371	0	
1372	1372	I_QST_934.png	4372	0	
1373	1373	I_QST_897.png	4373	0	
1374	1374	I_QST_293.PNG	4374	0	
1375	1375	I_QST_A375.png	4375	0	
1376	1376	I_QST_A375.PNG	4376	0	
1377	1377	I_QST_A375.PNG	4377	0	
1378	1378	I_QST_A181.png	4378	0	
1379	1379	I_QST_A192.png	4379	0	
1380	1380	I_QST_A380.png	4380	1	
1381	1381	I_QST_004.png	4381	0	
1382	1382	I_QST_792.png	4382	1	
1383	1383	I_JNK_F06.PNG	4383	0	
1384	1384	I_QST_525.png	4384	0	
1385	1385	I_QST_028.png	4385	0	
1386	1386	I_QST_525.png	4386	0	
1387	1387	I_QST_543.png	4387	0	
1388	1388	I_QST_525.png	4388	0	
1389	1389	I_QST_543.png	4389	1	
1390	1390	I_QST_956.png	4390	1	
1391	1391	I_QST_956.png	4391	0	
1392	1392	I_QST_525.png	4392	1	
1393	1393	I_QST_620.png	4393	0	
1394	1394	I_QST_922.png	4394	0	
1395	1395	I_QST_922.png	4395	1	
1396	1396	I_LOT_YLW.png	4396	0	
1397	1397	I_EVENT_04.PNG	4397	0	
1398	1398	I_QST_531.png	4398	0	
1399	1399	I_QST_840.png	4399	0	
1400	1400	I_QST_826.png	4400	1	
1401	1401	I_QST_525.png	4401	1	
1402	1402	I_EVENT_04.PNG	4402	0	
1403	1403	I_QST_120.png	4403	0	
1404	1404	I_QST_153.png	4404	0	
1405	1405	I_QST_525.png	4405	1	
1406	1406	I_QST_660.png	4406	0	
1407	1407	I_QST_525.png	4407	1	
1408	1408	I_QST_166.png	4408	0	
1409	1409	I_QST_068.png	4409	0	
1410	1410	I_RCV_OT_HL05.png	4410	0	
1411	1411	I_QST_045.png	4411	0	
1412	1412	I_QST_426.png	4412	0	
1413	1413	I_QST_525.png	4413	1	
1414	1414	I_QST_068.png	4414	1	
1415	1415	I_QST_957.png	4415	0	
1416	1416	I_QST_102.PNG	4416	0	
1417	1417	I_QST_792.png	4417	0	
1418	1418	I_RCV_OT_NL05.png	4418	0	
1419	1419	I_QST_376.png	4419	1	
1420	1420	I_QST_525.png	4420	0	
1421	1421	I_QST_525.png	4421	0	
1422	1422	I_QST_713.png	4422	0	
1423	1423	I_QST_648.png	4423	1	
1424	1424	I_QST_525.png	4424	0	
1425	1425	I_QST_290.PNG	4425	0	
1426	1426	I_QST_956.png	4426	0	
1427	1427	I_QST_462.png	4427	0	
1428	1428	I_QST_009.png	4428	0	
1429	1429	I_QST_632.png	4429	0	
1430	1430	I_QST_799.png	4430	0	
1431	1431	A_NFI_04_02_B.png	4431	0	
1432	1432	I_QST_135.png	4432	0	
1433	1433	I_STF_615.png	4433	0	
1434	1434	I_QST_008.png	4434	0	
1435	1435	I_QST_897.png	4435	0	
1436	1436	I_QST_660.png	4436	0	
1437	1437	I_QST_188.png	4437	0	
1438	1438	I_SCT_03.PNG	4438	0	
1439	1439	I_QST_003.png	4439	0	
1440	1440	I_QST_057.png	4440	0	
1441	1441	I_JNK_C01.PNG	4441	0	
1442	1442	I_QST_159.png	4442	0	
1443	1443	I_QST_151.png	4443	0	
1444	1444	A_HFI_06_10_J.PNG	4444	0	
1445	1445	I_QST_982.png	4445	0	
1446	1446	I_QST_801.png	4446	0	
1447	1447	I_QST_147.png	4447	0	
1448	1448	I_QST_153.png	4448	0	
1449	1449	I_JNK_E06.PNG	4449	0	
1450	1450	I_QST_426.png	4450	0	
1451	1451	I_QST_426.png	4451	0	
1452	1452	I_QST_013.png	4452	0	
1453	1453	I_QST_966.png	4453	0	
1454	1454	I_QST_424.png	4454	0	
1455	1455	I_QST_840.png	4455	0	
1456	1456	I_JNK_J07.PNG	4456	0	
1457	1457	I_JNK_H05.PNG	4457	0	
1458	1458	I_QST_555.png	4458	0	
1459	1459	I_QST_963.png	4459	0	
1460	1460	I_QST_426.png	4460	0	
1461	1461	I_QST_153.png	4461	0	
1462	1462	I_QST_426.png	4462	1	
1463	1463	I_QST_424.png	4463	0	
1464	1464	I_QST_440.png	4464	0	
1465	1465	I_QST_530.png	4465	0	
1466	1466	I_QST_527.png	4466	0	
1467	1467	I_QST_847.png	4467	0	
1468	1468	I_QST_264.PNG	4468	0	
1469	1469	I_QST_424.png	4469	0	
1470	1470	I_QST_424.png	4470	0	
1471	1471	I_QST_154.png	4471	0	
1472	1472	I_QST_424.png	4472	0	
1473	1473	I_QST_A375.png	4473	0	
1474	1474	I_QST_524.png	4474	0	
1475	1475	I_QST_847.png	4475	0	
1476	1476	I_QST_A375.png	4476	0	
1477	1477	I_QST_919.png	4477	0	
1478	1478	W_STF_05.png	4478	0	
1479	1479	I_QST_A159.png	4479	0	
1480	1480	I_QST_956.png	4480	0	
1481	1481	I_QST_752.png	4481	0	
1482	1482	W_STF_38.png	4482	0	
1483	1483	I_STF_206.png	4483	0	
1484	1484	I_QST_026.png	4484	0	
1485	1485	I_RCK_01.png	4485	0	
1486	1486	I_QST_555.png	4486	0	
1487	1487	I_QST_A375.png	4487	0	
1488	1488	I_STF_701.png	4488	0	
1489	1489	I_RCV_DH_S1.png	4489	0	
1490	1490	I_QST_373.png	4490	0	
1491	1491	I_QST_120.png	4491	0	
1492	1492	I_QST_A194.png	4492	0	
1493	1493	I_DOGI_DYE_16.png	4493	0	
1494	1494	I_QST_T060.png	4494	0	
1495	1495	Event_God_seed.png	4495	0	
1496	1496	Event_God_blue_seed.png	4496	0	
1497	1497	Event_God_yellow_seed.png	4497	0	
1498	1498	Event_God_purple_seed.png	4498	0	
1499	1499	Event_God_twinkle_seed.png	4499	0	
1500	1500	I_QST_956.png	4500	0	
1501	1501	I_QST_A197.png	4501	0	
1502	1502	I_QST_885.png	4502	0	
1503	1503	I_QST_752.png	4503	0	
1504	1504	I_QST_041.png	4504	0	
1505	1505	I_QST_459.png	4505	0	
1506	1506	I_QST_023.png	4506	0	
1507	1507	I_QST_956.png	4507	0	
1508	1508	I_QST_003.png	4508	0	
1509	1509	I_QST_041.png	4509	0	
1510	1510	I_QST_077.png	4510	0	
1511	1511	I_QST_758.png	4511	0	
1512	1512	I_QST_002.png	4512	0	
1513	1513	I_QST_A380.png	4513	0	
1514	1514	I_QST_317.png	4514	0	
1515	1515	I_QST_897.png	4515	1	
1516	1516	I_QST_A515.png	4516	0	
1517	1517	I_QST_A516.png	4517	0	
1518	1518	I_QST_A517.png	4518	0	
1519	1519	I_STF_708.png	4519	0	
1520	1520	I_QST_430.png	4520	1	
1521	1521	I_QST_008.png	4521	0	
1522	1522	I_QST_A521.png	4522	0	
1523	1523	I_QST_A522.png	4523	0	
1524	1524	I_QST_471.png	4524	1	
1525	1525	I_QST_008.png	4525	0	
1526	1526	I_QST_471.png	4526	1	
1527	1527	I_QST_430.png	4527	0	
1528	1528	I_QST_A526.png	4528	0	
1529	1529	I_QST_471.png	4529	0	
1530	1530	I_QST_173.png	4530	0	
1531	1531	I_QST_280.PNG	4531	1	
1532	1532	I_QST_075.png	4532	0	
1533	1533	I_QST_A532.png	4533	0	
1534	1534	I_QST_471.png	4534	0	
1535	1535	I_QST_430.png	4535	0	
1536	1536	I_QST_A355.png	4536	0	
1537	1537	I_QST_504.png	4537	0	
1538	1538	I_QST_043.png	4538	0	
1539	1539	I_QST_A380.png	4539	0	
1540	1540	I_QST_A380.png	4540	0	
1541	1541	I_QST_A541.png	4541	0	
1542	1542	I_QST_A542.png	4542	1	
1543	1543	I_QST_A543.png	4543	0	
1544	1544	I_QST_A544.png	4544	0	
1545	1545	I_QST_A545.png	4545	1	
1546	1546	I_QST_A546.png	4546	0	
1547	1547	I_QST_A547.png	4547	0	
1548	1548	I_QST_A548.png	4548	0	
1549	1549	I_QST_A549.png	4549	0	
1550	1550	I_QST_A550.png	4550	1	
1551	1551	I_QST_A551.png	4551	0	
1552	1552	I_QST_A552.png	4552	1	
1553	1553	I_QST_A553.png	4553	0	
1554	1554	I_QST_A554.png	4554	1	
1555	1555	I_QST_A555.png	4555	0	
1556	1556	I_QST_A556.png	4556	0	
1557	1557	I_QST_A557.png	4557	1	
1558	1558	I_QST_A558.png	4558	0	
1559	1559	I_QST_TO154.png	4559	1	
1560	1560	I_QST_A560.png	4560	0	
1561	1561	I_QST_290.png	4561	0	
1562	1562	I_QST_290.png	4562	0	
1563	1563	I_QST_T0152.png	4563	0	
1564	1564	I_QST_058.png	4564	0	
1565	1565	I_QST_430.png	4565	0	
1566	1566	W_STF_12.PNG	4566	0	
1567	1567	I_RCV_DB_S01.png	4567	0	
1568	1568	I_QST_530.png	4568	0	
1569	1569	I_HLS_DB_P01.png	4569	0	
1570	1570	I_SCP_RC03.PNG	4570	0	
1571	1571	I_QST_525.png	4571	0	
1572	1572	I_QST_790.png	4572	0	
1573	1573	I_QST_822.png	4573	0	
1574	1574	I_RCV_DH_LS.png	4574	0	
1575	1575	I_QST_475.png	4575	0	
1576	1576	I_QST_549.png	4576	0	
1577	1577	capsule.png	4577	0	
1578	1578	I_QST_002.png	4578	0	
1579	1579	I_QST_A353.png	4579	0	
1580	1580	I_QST_290.png	4580	0	
1581	1581	I_QST_A577.png	4581	0	
1582	1582	I_QST_A582.png	4582	0	
1583	1583	I_QST_A579.png	4583	0	
1584	1584	I_QST_A584.png	4584	0	
1585	1585	I_QST_A581.png	4585	0	
1586	1586	I_QST_A582.png	4586	0	
1587	1587	I_QST_A583.png	4587	0	
1588	1588	I_QST_A584.png	4588	0	
1589	1589	I_QST_A585.png	4589	0	
1590	1590	I_QST_A590.png	4590	0	
1591	1591	I_QST_U034.png	4591	0	
1592	1592	I_QST_A592.png	4592	0	
1593	1593	I_QST_A593.png	4593	0	
1594	1594	I_QST_A594.png	4594	0	
1595	1595	I_QST_A595.png	4595	0	
1596	1596	I_QST_A596.png	4596	0	
1597	1597	I_QST_A597.png	4597	0	
1598	1598	I_QST_A598.png	4598	0	
1599	1599	I_QST_A599.png	4599	0	
1600	1600	I_QST_A600.png	4600	0	
1601	1601	I_QST_A601.png	4601	0	
1602	1602	I_QST_290.png	4602	0	
1603	1603	I_QST_290.png	4603	0	
1604	1604	I_QST_A600.png	4604	0	
1605	1605	I_QST_A601.png	4605	0	
1606	1606	I_QST_A602.png	4606	0	
1607	1607	I_QST_A603.png	4607	0	
1608	1608	I_QST_A604.png	4608	0	
1609	1609	I_QST_A605.png	4609	0	
1610	1610	I_QST_A606.png	4610	0	
1611	1611	I_QST_A598.png	4611	1	
1612	1612	I_QST_A599.png	4612	0	
1613	1613	I_QST_A613.png	4613	1	
1614	1614	I_QST_A614.png	4614	1	
1615	1615	I_QST_A615.png	4615	0	
1616	1616	I_QST_A616.png	4616	1	
1617	1617	I_QST_A617.png	4617	1	
1618	1618	I_QST_A618.png	4618	0	
1619	1619	I_QST_A619.png	4619	0	
1620	1620	I_QST_A620.png	4620	1	
1621	1621	I_QST_A621.png	4621	0	
1622	1622	I_QST_A622.png	4622	1	
1623	1623	I_QST_A623.png	4623	0	
1624	1624	I_QST_A624.png	4624	0	
1625	1625	I_QST_A625.png	4625	0	
1626	1626	I_QST_A626.png	4626	0	
1627	1627	I_QST_A627.png	4627	0	
1628	1628	I_QST_A628.png	4628	0	
1629	1629	I_QST_A629.png	4629	0	
1630	1630	I_QST_A630.png	4630	1	
1631	1631	I_QST_A631.png	4631	0	
1632	1632	I_QST_A632.png	4632	0	
1633	1633	I_QST_U032.png	4633	0	
1634	1634	I_QST_A634.png	4634	0	
1635	1635	I_QST_016.png	4635	0	
1636	1636	I_QST_436.png	4636	0	
1637	1637	I_QST_493.png	4637	0	
1638	1638	I_QST_655.png	4638	0	
1639	1639	I_QST_873.png	4639	0	
1640	1640	I_QST_531.png	4640	0	
1641	1641	I_QST_620.png	4641	0	
1642	1642	I_QST_043.png	4642	0	
1643	1643	I_QST_373.png	4643	0	
1644	1644	I_QST_368.png	4644	0	
1645	1645	I_QST_533.png	4645	0	
1646	1646	I_QST_910.png	4646	0	
1647	1647	I_QST_002.png	4647	0	
1648	1648	I_QST_984.png	4648	0	
1649	1649	I_QST_036.png	4649	0	
1650	1650	I_QST_845.png	4650	0	
1651	1651	I_QST_043.png	4651	0	
1652	1652	I_QST_560.png	4652	0	
1653	1653	I_QST_597.png	4653	0	
1654	1654	I_QST_158.png	4654	0	
1655	1655	I_QST_509.png	4655	0	
1656	1656	I_QST_367.png	4656	0	
1657	1657	I_QST_133.png	4657	0	
1658	1658	I_QST_120.png	4658	0	
1659	1659	I_QST_555.png	4659	0	
1660	1660	I_QST_530.png	4660	0	
1661	1661	I_QST_660.png	4661	0	
1662	1662	I_QST_069.png	4662	0	
1663	1663	I_QST_653.png	4663	0	
1664	1664	I_QST_368.png	4664	0	
1665	1665	I_QST_285.png	4665	0	
1666	1666	I_QST_144.png	4666	0	
1667	1667	I_QST_532.png	4667	0	
