1	Weapon(N) 001	6	1	7	23	500002	3	501002	3	502002	3	503002	3	504002	3	505002	3	506002	5	4294967295	0	4294967295	0	4294967295	0	4294967295	0	4294967295	0	4294967295	0	4294967295	0	4294967295	0	4294967295	0	4294967295	0	4294967295	0	4294967295	0	4294967295	0	
2	Weapon(N) 002	11	1	7	23	500003	3	501003	3	502003	3	503003	3	504003	3	505003	3	506003	5	4294967295	0	4294967295	0	4294967295	0	4294967295	0	4294967295	0	4294967295	0	4294967295	0	4294967295	0	4294967295	0	4294967295	0	4294967295	0	4294967295	0	4294967295	0	
3	Weapon(N) 003	16	1	7	23	500004	3	501004	3	502004	3	503004	3	504004	3	505004	3	506004	5	4294967295	0	4294967295	0	4294967295	0	4294967295	0	4294967295	0	4294967295	0	4294967295	0	4294967295	0	4294967295	0	4294967295	0	4294967295	0	4294967295	0	4294967295	0	
4	Weapon(N) 004	21	1	7	23	500005	3	501005	3	502005	3	503005	3	504005	3	505005	3	506005	5	4294967295	0	4294967295	0	4294967295	0	4294967295	0	4294967295	0	4294967295	0	4294967295	0	4294967295	0	4294967295	0	4294967295	0	4294967295	0	4294967295	0	4294967295	0	
5	Weapon(N) 005	26	1	7	23	500006	3	501006	3	502006	3	503006	3	504006	3	505006	3	506006	5	4294967295	0	4294967295	0	4294967295	0	4294967295	0	4294967295	0	4294967295	0	4294967295	0	4294967295	0	4294967295	0	4294967295	0	4294967295	0	4294967295	0	4294967295	0	
6	Weapon(N) 006	30	1	8	28	500007	3	501007	3	502007	3	503007	3	504007	3	505007	3	506007	5	506008	5	4294967295	0	4294967295	0	4294967295	0	4294967295	0	4294967295	0	4294967295	0	4294967295	0	4294967295	0	4294967295	0	4294967295	0	4294967295	0	4294967295	0	
7	Weapon(N) 007	34	1	7	23	500008	3	501008	3	502008	3	503008	3	504008	3	505008	3	506009	5	4294967295	0	4294967295	0	4294967295	0	4294967295	0	4294967295	0	4294967295	0	4294967295	0	4294967295	0	4294967295	0	4294967295	0	4294967295	0	4294967295	0	4294967295	0	
8	Weapon(N) 008	38	1	7	23	500009	3	501009	3	502009	3	503009	3	504009	3	505009	3	506010	5	4294967295	0	4294967295	0	4294967295	0	4294967295	0	4294967295	0	4294967295	0	4294967295	0	4294967295	0	4294967295	0	4294967295	0	4294967295	0	4294967295	0	4294967295	0	
9	Weapon(N) 009	42	1	7	23	500010	3	501010	3	502010	3	503010	3	504010	3	505010	3	506011	5	4294967295	0	4294967295	0	4294967295	0	4294967295	0	4294967295	0	4294967295	0	4294967295	0	4294967295	0	4294967295	0	4294967295	0	4294967295	0	4294967295	0	4294967295	0	
10	Weapon(N) 010	46	1	7	23	500011	3	501011	3	502011	3	503011	3	504011	3	505011	3	506012	5	4294967295	0	4294967295	0	4294967295	0	4294967295	0	4294967295	0	4294967295	0	4294967295	0	4294967295	0	4294967295	0	4294967295	0	4294967295	0	4294967295	0	4294967295	0	
11	Weapon(N) 011	50	1	7	23	500012	3	501012	3	502012	3	503012	3	504012	3	505012	3	506013	5	4294967295	0	4294967295	0	4294967295	0	4294967295	0	4294967295	0	4294967295	0	4294967295	0	4294967295	0	4294967295	0	4294967295	0	4294967295	0	4294967295	0	4294967295	0	
12	Weapon(N) 012	53	1	7	23	500013	3	501013	3	502013	3	503013	3	504013	3	505013	3	506014	5	4294967295	0	4294967295	0	4294967295	0	4294967295	0	4294967295	0	4294967295	0	4294967295	0	4294967295	0	4294967295	0	4294967295	0	4294967295	0	4294967295	0	4294967295	0	
13	Weapon(N) 013	55	1	8	28	500014	3	501014	3	502014	3	503014	3	504014	3	505014	3	506015	5	506016	5	4294967295	0	4294967295	0	4294967295	0	4294967295	0	4294967295	0	4294967295	0	4294967295	0	4294967295	0	4294967295	0	4294967295	0	4294967295	0	4294967295	0	
14	Weapon(N) 014	56	1	7	21	500015	3	501015	3	502015	3	503015	3	504015	3	505015	3	506017	3	4294967295	0	4294967295	0	4294967295	0	4294967295	0	4294967295	0	4294967295	0	4294967295	0	4294967295	0	4294967295	0	4294967295	0	4294967295	0	4294967295	0	4294967295	0	
15	Weapon(N) 015	58	1	7	21	500016	3	501016	3	502016	3	503016	3	504016	3	505016	3	506018	3	4294967295	0	4294967295	0	4294967295	0	4294967295	0	4294967295	0	4294967295	0	4294967295	0	4294967295	0	4294967295	0	4294967295	0	4294967295	0	4294967295	0	4294967295	0	
16	Weapon(N) 016	60	1	7	21	500017	3	501017	3	502017	3	503017	3	504017	3	505017	3	506019	3	4294967295	0	4294967295	0	4294967295	0	4294967295	0	4294967295	0	4294967295	0	4294967295	0	4294967295	0	4294967295	0	4294967295	0	4294967295	0	4294967295	0	4294967295	0	
17	Weapon(N) 017	65	1	7	21	500018	3	501018	3	502018	3	503018	3	504018	3	505018	3	506020	3	4294967295	0	4294967295	0	4294967295	0	4294967295	0	4294967295	0	4294967295	0	4294967295	0	4294967295	0	4294967295	0	4294967295	0	4294967295	0	4294967295	0	4294967295	0	
18	Weapon(N) 018	70	1	7	21	500019	3	501019	3	502019	3	503019	3	504019	3	505019	3	506021	3	4294967295	0	4294967295	0	4294967295	0	4294967295	0	4294967295	0	4294967295	0	4294967295	0	4294967295	0	4294967295	0	4294967295	0	4294967295	0	4294967295	0	4294967295	0	
19	SWeapon(N) 001	30	1	12	36	508001	3	509001	3	510001	3	511001	3	512001	3	513001	3	514001	3	515001	3	518001	3	519001	3	520001	3	521001	3	4294967295	0	4294967295	0	4294967295	0	4294967295	0	4294967295	0	4294967295	0	4294967295	0	4294967295	0	
20	SWeapon(N) 002	34	1	12	36	508002	3	509002	3	510002	3	511002	3	512002	3	513002	3	514002	3	515002	3	518002	3	519002	3	520002	3	521002	3	4294967295	0	4294967295	0	4294967295	0	4294967295	0	4294967295	0	4294967295	0	4294967295	0	4294967295	0	
21	SWeapon(N) 003	38	1	12	36	508003	3	509003	3	510003	3	511003	3	512003	3	513003	3	514003	3	515003	3	518003	3	519003	3	520003	3	521003	3	4294967295	0	4294967295	0	4294967295	0	4294967295	0	4294967295	0	4294967295	0	4294967295	0	4294967295	0	
22	SWeapon(N) 004	42	1	12	36	508004	3	509004	3	510004	3	511004	3	512004	3	513004	3	514004	3	515004	3	518004	3	519004	3	520004	3	521004	3	4294967295	0	4294967295	0	4294967295	0	4294967295	0	4294967295	0	4294967295	0	4294967295	0	4294967295	0	
23	SWeapon(N) 005	46	1	12	36	508005	3	509005	3	510005	3	511005	3	512005	3	513005	3	514005	3	515005	3	518005	3	519005	3	520005	3	521005	3	4294967295	0	4294967295	0	4294967295	0	4294967295	0	4294967295	0	4294967295	0	4294967295	0	4294967295	0	
24	SWeapon(N) 006	50	1	12	36	508006	3	509006	3	510006	3	511006	3	512006	3	513006	3	514006	3	515006	3	518006	3	519006	3	520006	3	521006	3	4294967295	0	4294967295	0	4294967295	0	4294967295	0	4294967295	0	4294967295	0	4294967295	0	4294967295	0	
25	SWeapon(N) 007	53	1	12	36	508007	3	509007	3	510007	3	511007	3	512007	3	513007	3	514007	3	515007	3	518007	3	519007	3	520007	3	521007	3	4294967295	0	4294967295	0	4294967295	0	4294967295	0	4294967295	0	4294967295	0	4294967295	0	4294967295	0	
26	SWeapon(N) 008	55	1	12	36	508008	3	509008	3	510008	3	511008	3	512008	3	513008	3	514008	3	515008	3	518008	3	519008	3	520008	3	521008	3	4294967295	0	4294967295	0	4294967295	0	4294967295	0	4294967295	0	4294967295	0	4294967295	0	4294967295	0	
27	SWeapon(N) 009	56	1	12	36	508009	3	509009	3	510009	3	511009	3	512009	3	513009	3	514009	3	515009	3	518009	3	519009	3	520009	3	521009	3	4294967295	0	4294967295	0	4294967295	0	4294967295	0	4294967295	0	4294967295	0	4294967295	0	4294967295	0	
28	SWeapon(N) 010	58	1	12	36	508010	3	509010	3	510010	3	511010	3	512010	3	513010	3	514010	3	515010	3	518010	3	519010	3	520010	3	521010	3	4294967295	0	4294967295	0	4294967295	0	4294967295	0	4294967295	0	4294967295	0	4294967295	0	4294967295	0	
29	SWeapon(N) 011	60	1	12	36	508011	3	509011	3	510011	3	511011	3	512011	3	513011	3	514011	3	515011	3	518011	3	519011	3	520011	3	521011	3	4294967295	0	4294967295	0	4294967295	0	4294967295	0	4294967295	0	4294967295	0	4294967295	0	4294967295	0	
30	SWeapon(N) 012	65	1	12	36	508012	3	509012	3	510012	3	511012	3	512012	3	513012	3	514012	3	515012	3	518012	3	519012	3	520012	3	521012	3	4294967295	0	4294967295	0	4294967295	0	4294967295	0	4294967295	0	4294967295	0	4294967295	0	4294967295	0	
31	SWeapon(N) 013	70	1	12	36	508013	3	509013	3	510013	3	511013	3	512013	3	513013	3	514013	3	515013	3	518013	3	519013	3	520013	3	521013	3	4294967295	0	4294967295	0	4294967295	0	4294967295	0	4294967295	0	4294967295	0	4294967295	0	4294967295	0	
32	Armor(N) 001	6	1	18	54	522004	3	522005	3	522006	3	523004	3	523005	3	523006	3	525004	3	525005	3	525006	3	526004	3	526005	3	526006	3	527004	3	527005	3	527006	3	528004	3	528005	3	528006	3	4294967295	0	4294967295	0	
33	Armor(N) 002	6	1	18	54	522007	3	522008	3	522009	3	523007	3	523008	3	523009	3	525007	3	525008	3	525009	3	526007	3	526008	3	526009	3	527007	3	527008	3	527009	3	528007	3	528008	3	528009	3	4294967295	0	4294967295	0	
34	Armor(N) 003	11	1	18	54	522010	3	522011	3	522012	3	523010	3	523011	3	523012	3	525010	3	525011	3	525012	3	526010	3	526011	3	526012	3	527010	3	527011	3	527012	3	528010	3	528011	3	528012	3	4294967295	0	4294967295	0	
35	Armor(N) 004	11	1	18	54	522013	3	522014	3	522015	3	523013	3	523014	3	523015	3	525013	3	525014	3	525015	3	526013	3	526014	3	526015	3	527013	3	527014	3	527015	3	528013	3	528014	3	528015	3	4294967295	0	4294967295	0	
36	Armor(N) 005	16	1	18	54	522016	3	522017	3	522018	3	523016	3	523017	3	523018	3	525016	3	525017	3	525018	3	526016	3	526017	3	526018	3	527016	3	527017	3	527018	3	528016	3	528017	3	528018	3	4294967295	0	4294967295	0	
37	Armor(N) 006	16	1	18	54	522019	3	522020	3	522021	3	523019	3	523020	3	523021	3	525019	3	525020	3	525021	3	526019	3	526020	3	526021	3	527019	3	527020	3	527021	3	528019	3	528020	3	528021	3	4294967295	0	4294967295	0	
38	Armor(N) 007	21	1	18	54	522022	3	522023	3	522024	3	523022	3	523023	3	523024	3	525022	3	525023	3	525024	3	526022	3	526023	3	526024	3	527022	3	527023	3	527024	3	528022	3	528023	3	528024	3	4294967295	0	4294967295	0	
39	Armor(N) 008	26	1	18	54	522025	3	522026	3	522027	3	523025	3	523026	3	523027	3	525025	3	525026	3	525027	3	526025	3	526026	3	526027	3	527025	3	527026	3	527027	3	528025	3	528026	3	528027	3	4294967295	0	4294967295	0	
40	Armor(N) 009	26	1	18	54	522028	3	522029	3	522030	3	523028	3	523029	3	523030	3	525028	3	525029	3	525030	3	526028	3	526029	3	526030	3	527028	3	527029	3	527030	3	528028	3	528029	3	528030	3	4294967295	0	4294967295	0	
41	Armor(N) 010	30	1	18	54	522031	3	522032	3	522033	3	523031	3	523032	3	523033	3	525031	3	525032	3	525033	3	526031	3	526032	3	526033	3	527031	3	527032	3	527033	3	528031	3	528032	3	528033	3	4294967295	0	4294967295	0	
42	Armor(N) 011	30	1	18	54	522034	3	522035	3	522036	3	523034	3	523035	3	523036	3	525034	3	525035	3	525036	3	526034	3	526035	3	526036	3	527034	3	527035	3	527036	3	528034	3	528035	3	528036	3	4294967295	0	4294967295	0	
43	Armor(N) 012	30	1	18	54	522037	3	522038	3	522039	3	523037	3	523038	3	523039	3	525037	3	525038	3	525039	3	526037	3	526038	3	526039	3	527037	3	527038	3	527039	3	528037	3	528038	3	528039	3	4294967295	0	4294967295	0	
44	Armor(N) 013	34	1	18	54	522040	3	522041	3	522042	3	523040	3	523041	3	523042	3	525040	3	525041	3	525042	3	526040	3	526041	3	526042	3	527040	3	527041	3	527042	3	528040	3	528041	3	528042	3	4294967295	0	4294967295	0	
45	Armor(N) 014	38	1	18	54	522043	3	522044	3	522045	3	523043	3	523044	3	523045	3	525043	3	525044	3	525045	3	526043	3	526044	3	526045	3	527043	3	527044	3	527045	3	528043	3	528044	3	528045	3	4294967295	0	4294967295	0	
46	Armor(N) 015	38	1	18	54	522046	3	522047	3	522048	3	523046	3	523047	3	523048	3	525046	3	525047	3	525048	3	526046	3	526047	3	526048	3	527046	3	527047	3	527048	3	528046	3	528047	3	528048	3	4294967295	0	4294967295	0	
47	Armor(N) 016	42	1	18	54	522049	3	522050	3	522051	3	523049	3	523050	3	523051	3	525049	3	525050	3	525051	3	526049	3	526050	3	526051	3	527049	3	527050	3	527051	3	528049	3	528050	3	528051	3	4294967295	0	4294967295	0	
48	Armor(N) 017	42	1	18	54	522052	3	522053	3	522054	3	523052	3	523053	3	523054	3	525052	3	525053	3	525054	3	526052	3	526053	3	526054	3	527052	3	527053	3	527054	3	528052	3	528053	3	528054	3	4294967295	0	4294967295	0	
49	Armor(N) 018	42	1	18	54	522055	3	522056	3	522057	3	523055	3	523056	3	523057	3	525055	3	525056	3	525057	3	526055	3	526056	3	526057	3	527055	3	527056	3	527057	3	528055	3	528056	3	528057	3	4294967295	0	4294967295	0	
50	Armor(N) 019	46	1	18	54	522058	3	522059	3	522060	3	523058	3	523059	3	523060	3	525058	3	525059	3	525060	3	526058	3	526059	3	526060	3	527058	3	527059	3	527060	3	528058	3	528059	3	528060	3	4294967295	0	4294967295	0	
51	Armor(N) 020	50	1	18	54	522061	3	522062	3	522063	3	523061	3	523062	3	523063	3	525061	3	525062	3	525063	3	526061	3	526062	3	526063	3	527061	3	527062	3	527063	3	528061	3	528062	3	528063	3	4294967295	0	4294967295	0	
52	Armor(N) 021	50	1	18	54	522064	3	522065	3	522066	3	523064	3	523065	3	523066	3	525064	3	525065	3	525066	3	526064	3	526065	3	526066	3	527064	3	527065	3	527066	3	528064	3	528065	3	528066	3	4294967295	0	4294967295	0	
53	Armor(N) 022	50	1	18	54	522067	3	522068	3	522069	3	523067	3	523068	3	523069	3	525067	3	525068	3	525069	3	526067	3	526068	3	526069	3	527067	3	527068	3	527069	3	528067	3	528068	3	528069	3	4294967295	0	4294967295	0	
54	Armor(N) 023	53	1	18	54	522070	3	522071	3	522072	3	523070	3	523071	3	523072	3	525070	3	525071	3	525072	3	526070	3	526071	3	526072	3	527070	3	527071	3	527072	3	528070	3	528071	3	528072	3	4294967295	0	4294967295	0	
55	Armor(N) 024	55	1	18	54	522073	3	522074	3	522075	3	523073	3	523074	3	523075	3	525073	3	525074	3	525075	3	526073	3	526074	3	526075	3	527073	3	527074	3	527075	3	528073	3	528074	3	528075	3	4294967295	0	4294967295	0	
56	Armor(N) 025	55	1	18	54	522076	3	522077	3	522078	3	523076	3	523077	3	523078	3	525076	3	525077	3	525078	3	526076	3	526077	3	526078	3	527076	3	527077	3	527078	3	528076	3	528077	3	528078	3	4294967295	0	4294967295	0	
57	Armor(N) 026	55	1	18	54	522079	3	522080	3	522081	3	523079	3	523080	3	523081	3	525079	3	525080	3	525081	3	526079	3	526080	3	526081	3	527079	3	527080	3	527081	3	528079	3	528080	3	528081	3	4294967295	0	4294967295	0	
58	Armor(N) 027	56	1	18	54	522082	3	522083	3	522084	3	523082	3	523083	3	523084	3	525082	3	525083	3	525084	3	526082	3	526083	3	526084	3	527082	3	527083	3	527084	3	528082	3	528083	3	528084	3	4294967295	0	4294967295	0	
59	Armor(N) 028	58	1	18	54	522085	3	522086	3	522087	3	522088	3	522089	3	522090	3	522091	3	522092	3	522093	3	523085	3	523086	3	523087	3	523088	3	523089	3	523090	3	523091	3	523092	3	523093	3	4294967295	0	4294967295	0	
60	Armor(N) 029	58	1	18	54	525085	3	525086	3	525087	3	525088	3	525089	3	525090	3	525091	3	525092	3	525093	3	526085	3	526086	3	526087	3	526088	3	526089	3	526090	3	526091	3	526092	3	526093	3	4294967295	0	4294967295	0	
61	Armor(N) 030	58	1	18	54	527085	3	527086	3	527087	3	527088	3	527089	3	527090	3	527091	3	527092	3	527093	3	528085	3	528086	3	528087	3	528088	3	528089	3	528090	3	528091	3	528092	3	528093	3	4294967295	0	4294967295	0	
62	Armor(N) 031	60	1	18	54	522094	3	522095	3	522096	3	523094	3	523095	3	523096	3	525094	3	525095	3	525096	3	526094	3	526095	3	526096	3	527094	3	527095	3	527096	3	528094	3	528095	3	528096	3	4294967295	0	4294967295	0	
63	Armor(N) 032	65	1	18	54	522097	3	522098	3	522099	3	522100	3	522101	3	522102	3	523097	3	523098	3	523099	3	523100	3	523101	3	523102	3	525097	3	525098	3	525099	3	525100	3	525101	3	525102	3	4294967295	0	4294967295	0	
64	Armor(N) 033	65	1	18	54	526097	3	526098	3	526099	3	526100	3	526101	3	526102	3	527097	3	527098	3	527099	3	527100	3	527101	3	527102	3	528097	3	528098	3	528099	3	528100	3	528101	3	528102	3	4294967295	0	4294967295	0	
65	Armor(N) 034	70	1	18	54	522103	3	522104	3	522105	3	522106	3	522107	3	522108	3	523103	3	523104	3	523105	3	523106	3	523107	3	523108	3	525103	3	525104	3	525105	3	525106	3	525107	3	525108	3	4294967295	0	4294967295	0	
66	Armor(N) 035	70	1	18	54	526103	3	526104	3	526105	3	526106	3	526107	3	526108	3	527103	3	527104	3	527105	3	527106	3	527107	3	527108	3	528103	3	528104	3	528105	3	528106	3	528107	3	528108	3	4294967295	0	4294967295	0	
67	Necklace 001	30	1	4	12	529003	3	529019	3	529035	3	529051	3	4294967295	0	4294967295	0	4294967295	0	4294967295	0	4294967295	0	4294967295	0	4294967295	0	4294967295	0	4294967295	0	4294967295	0	4294967295	0	4294967295	0	4294967295	0	4294967295	0	4294967295	0	4294967295	0	
68	Necklace 002	34	1	4	12	529004	3	529020	3	529036	3	529052	3	4294967295	0	4294967295	0	4294967295	0	4294967295	0	4294967295	0	4294967295	0	4294967295	0	4294967295	0	4294967295	0	4294967295	0	4294967295	0	4294967295	0	4294967295	0	4294967295	0	4294967295	0	4294967295	0	
69	Necklace 003	38	1	4	12	529005	3	529021	3	529037	3	529053	3	4294967295	0	4294967295	0	4294967295	0	4294967295	0	4294967295	0	4294967295	0	4294967295	0	4294967295	0	4294967295	0	4294967295	0	4294967295	0	4294967295	0	4294967295	0	4294967295	0	4294967295	0	4294967295	0	
70	Necklace 004	42	1	4	12	529006	3	529022	3	529038	3	529054	3	4294967295	0	4294967295	0	4294967295	0	4294967295	0	4294967295	0	4294967295	0	4294967295	0	4294967295	0	4294967295	0	4294967295	0	4294967295	0	4294967295	0	4294967295	0	4294967295	0	4294967295	0	4294967295	0	
71	Necklace 005	46	1	4	12	529007	3	529023	3	529039	3	529055	3	4294967295	0	4294967295	0	4294967295	0	4294967295	0	4294967295	0	4294967295	0	4294967295	0	4294967295	0	4294967295	0	4294967295	0	4294967295	0	4294967295	0	4294967295	0	4294967295	0	4294967295	0	4294967295	0	
72	Necklace 006	50	1	4	12	529008	3	529024	3	529040	3	529056	3	4294967295	0	4294967295	0	4294967295	0	4294967295	0	4294967295	0	4294967295	0	4294967295	0	4294967295	0	4294967295	0	4294967295	0	4294967295	0	4294967295	0	4294967295	0	4294967295	0	4294967295	0	4294967295	0	
73	Necklace 007	56	1	4	12	529012	3	529028	3	529044	3	529060	3	4294967295	0	4294967295	0	4294967295	0	4294967295	0	4294967295	0	4294967295	0	4294967295	0	4294967295	0	4294967295	0	4294967295	0	4294967295	0	4294967295	0	4294967295	0	4294967295	0	4294967295	0	4294967295	0	
74	Necklace 008	58	1	4	12	529013	3	529029	3	529045	3	529061	3	4294967295	0	4294967295	0	4294967295	0	4294967295	0	4294967295	0	4294967295	0	4294967295	0	4294967295	0	4294967295	0	4294967295	0	4294967295	0	4294967295	0	4294967295	0	4294967295	0	4294967295	0	4294967295	0	
75	Necklace 009	60	1	4	12	529014	3	529030	3	529046	3	529062	3	4294967295	0	4294967295	0	4294967295	0	4294967295	0	4294967295	0	4294967295	0	4294967295	0	4294967295	0	4294967295	0	4294967295	0	4294967295	0	4294967295	0	4294967295	0	4294967295	0	4294967295	0	4294967295	0	
76	Necklace 010	65	1	4	12	529015	3	529031	3	529047	3	529063	3	4294967295	0	4294967295	0	4294967295	0	4294967295	0	4294967295	0	4294967295	0	4294967295	0	4294967295	0	4294967295	0	4294967295	0	4294967295	0	4294967295	0	4294967295	0	4294967295	0	4294967295	0	4294967295	0	
77	Necklace 011	70	1	4	12	529016	3	529032	3	529048	3	529064	3	4294967295	0	4294967295	0	4294967295	0	4294967295	0	4294967295	0	4294967295	0	4294967295	0	4294967295	0	4294967295	0	4294967295	0	4294967295	0	4294967295	0	4294967295	0	4294967295	0	4294967295	0	4294967295	0	
78	Earing 001	26	1	4	12	531002	3	531018	3	531034	3	531050	3	4294967295	0	4294967295	0	4294967295	0	4294967295	0	4294967295	0	4294967295	0	4294967295	0	4294967295	0	4294967295	0	4294967295	0	4294967295	0	4294967295	0	4294967295	0	4294967295	0	4294967295	0	4294967295	0	
79	Earing 002	30	1	4	12	531003	3	531019	3	531035	3	531051	3	4294967295	0	4294967295	0	4294967295	0	4294967295	0	4294967295	0	4294967295	0	4294967295	0	4294967295	0	4294967295	0	4294967295	0	4294967295	0	4294967295	0	4294967295	0	4294967295	0	4294967295	0	4294967295	0	
80	Earing 003	34	1	4	12	531004	3	531020	3	531036	3	531052	3	4294967295	0	4294967295	0	4294967295	0	4294967295	0	4294967295	0	4294967295	0	4294967295	0	4294967295	0	4294967295	0	4294967295	0	4294967295	0	4294967295	0	4294967295	0	4294967295	0	4294967295	0	4294967295	0	
81	Earing 004	38	1	4	12	531005	3	531021	3	531037	3	531053	3	4294967295	0	4294967295	0	4294967295	0	4294967295	0	4294967295	0	4294967295	0	4294967295	0	4294967295	0	4294967295	0	4294967295	0	4294967295	0	4294967295	0	4294967295	0	4294967295	0	4294967295	0	4294967295	0	
82	Earing 005	42	1	4	12	531006	3	531022	3	531038	3	531054	3	4294967295	0	4294967295	0	4294967295	0	4294967295	0	4294967295	0	4294967295	0	4294967295	0	4294967295	0	4294967295	0	4294967295	0	4294967295	0	4294967295	0	4294967295	0	4294967295	0	4294967295	0	4294967295	0	
83	Earing 006	46	1	4	12	531007	3	531023	3	531039	3	531055	3	4294967295	0	4294967295	0	4294967295	0	4294967295	0	4294967295	0	4294967295	0	4294967295	0	4294967295	0	4294967295	0	4294967295	0	4294967295	0	4294967295	0	4294967295	0	4294967295	0	4294967295	0	4294967295	0	
84	Earing 007	50	1	4	12	531008	3	531024	3	531040	3	531056	3	4294967295	0	4294967295	0	4294967295	0	4294967295	0	4294967295	0	4294967295	0	4294967295	0	4294967295	0	4294967295	0	4294967295	0	4294967295	0	4294967295	0	4294967295	0	4294967295	0	4294967295	0	4294967295	0	
85	Earing 008	53	1	4	12	531010	3	531025	3	531041	3	531057	3	4294967295	0	4294967295	0	4294967295	0	4294967295	0	4294967295	0	4294967295	0	4294967295	0	4294967295	0	4294967295	0	4294967295	0	4294967295	0	4294967295	0	4294967295	0	4294967295	0	4294967295	0	4294967295	0	
86	Earing 009	55	1	4	12	531011	3	531026	3	531042	3	531058	3	4294967295	0	4294967295	0	4294967295	0	4294967295	0	4294967295	0	4294967295	0	4294967295	0	4294967295	0	4294967295	0	4294967295	0	4294967295	0	4294967295	0	4294967295	0	4294967295	0	4294967295	0	4294967295	0	
87	Earing 010	56	0	4	12	531012	3	531027	3	531043	3	531059	3	4294967295	0	4294967295	0	4294967295	0	4294967295	0	4294967295	0	4294967295	0	4294967295	0	4294967295	0	4294967295	0	4294967295	0	4294967295	0	4294967295	0	4294967295	0	4294967295	0	4294967295	0	4294967295	0	
88	Earing 011	58	0	4	12	531013	3	531028	3	531044	3	531060	3	4294967295	0	4294967295	0	4294967295	0	4294967295	0	4294967295	0	4294967295	0	4294967295	0	4294967295	0	4294967295	0	4294967295	0	4294967295	0	4294967295	0	4294967295	0	4294967295	0	4294967295	0	4294967295	0	
89	Earing 012	60	0	4	12	531014	3	531029	3	531045	3	531061	3	4294967295	0	4294967295	0	4294967295	0	4294967295	0	4294967295	0	4294967295	0	4294967295	0	4294967295	0	4294967295	0	4294967295	0	4294967295	0	4294967295	0	4294967295	0	4294967295	0	4294967295	0	4294967295	0	
90	Earing 013	65	0	4	12	531015	3	531030	3	531046	3	531062	3	4294967295	0	4294967295	0	4294967295	0	4294967295	0	4294967295	0	4294967295	0	4294967295	0	4294967295	0	4294967295	0	4294967295	0	4294967295	0	4294967295	0	4294967295	0	4294967295	0	4294967295	0	4294967295	0	
91	Earing 014	70	0	4	12	531016	3	531031	3	531047	3	531063	3	4294967295	0	4294967295	0	4294967295	0	4294967295	0	4294967295	0	4294967295	0	4294967295	0	4294967295	0	4294967295	0	4294967295	0	4294967295	0	4294967295	0	4294967295	0	4294967295	0	4294967295	0	4294967295	0	
92	Ring 001	21	0	4	12	530001	3	530017	3	530033	3	530049	3	4294967295	0	4294967295	0	4294967295	0	4294967295	0	4294967295	0	4294967295	0	4294967295	0	4294967295	0	4294967295	0	4294967295	0	4294967295	0	4294967295	0	4294967295	0	4294967295	0	4294967295	0	4294967295	0	
93	Ring 002	25	0	4	12	530101	3	530108	3	530115	3	530122	3	4294967295	0	4294967295	0	4294967295	0	4294967295	0	4294967295	0	4294967295	0	4294967295	0	4294967295	0	4294967295	0	4294967295	0	4294967295	0	4294967295	0	4294967295	0	4294967295	0	4294967295	0	4294967295	0	
94	Ring 003	26	0	4	12	530002	3	530018	3	530034	3	530050	3	4294967295	0	4294967295	0	4294967295	0	4294967295	0	4294967295	0	4294967295	0	4294967295	0	4294967295	0	4294967295	0	4294967295	0	4294967295	0	4294967295	0	4294967295	0	4294967295	0	4294967295	0	4294967295	0	
95	Ring 004	30	0	11	33	530003	3	530019	3	530035	3	530051	3	530065	3	530071	3	530077	3	530083	3	530089	3	530095	3	530102	3	4294967295	0	4294967295	0	4294967295	0	4294967295	0	4294967295	0	4294967295	0	4294967295	0	4294967295	0	4294967295	0	
96	Ring 005	30	0	11	33	530109	3	530116	3	530123	3	530129	3	530135	3	530141	3	530147	3	530153	3	530159	3	530165	3	530171	3	4294967295	0	4294967295	0	4294967295	0	4294967295	0	4294967295	0	4294967295	0	4294967295	0	4294967295	0	4294967295	0	
97	Ring 006	34	0	4	12	530004	3	530020	3	530036	3	530052	3	4294967295	0	4294967295	0	4294967295	0	4294967295	0	4294967295	0	4294967295	0	4294967295	0	4294967295	0	4294967295	0	4294967295	0	4294967295	0	4294967295	0	4294967295	0	4294967295	0	4294967295	0	4294967295	0	
98	Ring 007	35	0	18	54	530066	3	530072	3	530078	3	530084	3	530090	3	530096	3	530103	3	530110	3	530117	3	530124	3	530130	3	530136	3	530142	3	530148	3	530154	3	530160	3	530166	3	530172	3	4294967295	0	4294967295	0	
99	Ring 008	38	0	4	12	530005	3	530021	3	530037	3	530053	3	4294967295	0	4294967295	0	4294967295	0	4294967295	0	4294967295	0	4294967295	0	4294967295	0	4294967295	0	4294967295	0	4294967295	0	4294967295	0	4294967295	0	4294967295	0	4294967295	0	4294967295	0	4294967295	0	
100	Ring 009	40	0	18	54	530067	3	530073	3	530079	3	530085	3	530091	3	530097	3	530104	3	530111	3	530118	3	530125	3	530131	3	530137	3	530143	3	530149	3	530155	3	530161	3	530167	3	530173	3	4294967295	0	4294967295	0	
101	Ring 010	42	0	4	12	530006	3	530022	3	530038	3	530054	3	4294967295	0	4294967295	0	4294967295	0	4294967295	0	4294967295	0	4294967295	0	4294967295	0	4294967295	0	4294967295	0	4294967295	0	4294967295	0	4294967295	0	4294967295	0	4294967295	0	4294967295	0	4294967295	0	
102	Ring 011	45	0	18	54	530068	3	530074	3	530080	3	530086	3	530092	3	530098	3	530105	3	530112	3	530119	3	530126	3	530132	3	530138	3	530144	3	530150	3	530156	3	530162	3	530168	3	530174	3	4294967295	0	4294967295	0	
103	Ring 012	46	0	4	12	530007	3	530023	3	530039	3	530055	3	4294967295	0	4294967295	0	4294967295	0	4294967295	0	4294967295	0	4294967295	0	4294967295	0	4294967295	0	4294967295	0	4294967295	0	4294967295	0	4294967295	0	4294967295	0	4294967295	0	4294967295	0	4294967295	0	
104	Ring 013	50	0	11	33	530008	3	530024	3	530040	3	530056	3	530069	3	530075	3	530081	3	530087	3	530093	3	530099	3	530106	3	4294967295	0	4294967295	0	4294967295	0	4294967295	0	4294967295	0	4294967295	0	4294967295	0	4294967295	0	4294967295	0	
105	Ring 014	50	0	11	33	530113	3	530120	3	530127	3	530133	3	530139	3	530145	3	530151	3	530157	3	530163	3	530169	3	530175	3	4294967295	0	4294967295	0	4294967295	0	4294967295	0	4294967295	0	4294967295	0	4294967295	0	4294967295	0	4294967295	0	
106	Ring 015	53	0	3	9	530011	3	530025	3	530041	3	4294967295	0	4294967295	0	4294967295	0	4294967295	0	4294967295	0	4294967295	0	4294967295	0	4294967295	0	4294967295	0	4294967295	0	4294967295	0	4294967295	0	4294967295	0	4294967295	0	4294967295	0	4294967295	0	4294967295	0	
107	Ring 016	56	0	4	12	530012	3	530027	3	530043	3	530059	3	4294967295	0	4294967295	0	4294967295	0	4294967295	0	4294967295	0	4294967295	0	4294967295	0	4294967295	0	4294967295	0	4294967295	0	4294967295	0	4294967295	0	4294967295	0	4294967295	0	4294967295	0	4294967295	0	
108	Ring 017	58	0	11	33	530013	3	530028	3	530044	3	530060	3	530177	3	530178	3	530179	3	530180	3	530181	3	530182	3	530183	3	4294967295	0	4294967295	0	4294967295	0	4294967295	0	4294967295	0	4294967295	0	4294967295	0	4294967295	0	4294967295	0	
109	Ring 018	58	0	11	33	530184	3	530185	3	530186	3	530187	3	530188	3	530189	3	530190	3	530191	3	530192	3	530193	3	530194	3	4294967295	0	4294967295	0	4294967295	0	4294967295	0	4294967295	0	4294967295	0	4294967295	0	4294967295	0	4294967295	0	
110	Ring 019	60	0	4	12	530014	3	530029	3	530045	3	530061	3	4294967295	0	4294967295	0	4294967295	0	4294967295	0	4294967295	0	4294967295	0	4294967295	0	4294967295	0	4294967295	0	4294967295	0	4294967295	0	4294967295	0	4294967295	0	4294967295	0	4294967295	0	4294967295	0	
111	Ring 020	65	0	4	12	530015	3	530030	3	530046	3	530062	3	4294967295	0	4294967295	0	4294967295	0	4294967295	0	4294967295	0	4294967295	0	4294967295	0	4294967295	0	4294967295	0	4294967295	0	4294967295	0	4294967295	0	4294967295	0	4294967295	0	4294967295	0	4294967295	0	
112	Ring 021	65	0	18	54	530195	3	530196	3	530197	3	530198	3	530199	3	530200	3	530201	3	530202	3	530203	3	530204	3	530205	3	530206	3	530207	3	530208	3	530209	3	530210	3	530211	3	530212	3	4294967295	0	4294967295	0	
113	Ring 022	70	0	4	12	530016	3	530031	3	530047	3	530063	3	4294967295	0	4294967295	0	4294967295	0	4294967295	0	4294967295	0	4294967295	0	4294967295	0	4294967295	0	4294967295	0	4294967295	0	4294967295	0	4294967295	0	4294967295	0	4294967295	0	4294967295	0	4294967295	0	
114	Scouter 001	11	0	1	3	532002	3	4294967295	0	4294967295	0	4294967295	0	4294967295	0	4294967295	0	4294967295	0	4294967295	0	4294967295	0	4294967295	0	4294967295	0	4294967295	0	4294967295	0	4294967295	0	4294967295	0	4294967295	0	4294967295	0	4294967295	0	4294967295	0	4294967295	0	
115	Scouter 002	16	0	1	3	532003	3	4294967295	0	4294967295	0	4294967295	0	4294967295	0	4294967295	0	4294967295	0	4294967295	0	4294967295	0	4294967295	0	4294967295	0	4294967295	0	4294967295	0	4294967295	0	4294967295	0	4294967295	0	4294967295	0	4294967295	0	4294967295	0	4294967295	0	
116	Scouter 003	21	0	1	3	532004	3	4294967295	0	4294967295	0	4294967295	0	4294967295	0	4294967295	0	4294967295	0	4294967295	0	4294967295	0	4294967295	0	4294967295	0	4294967295	0	4294967295	0	4294967295	0	4294967295	0	4294967295	0	4294967295	0	4294967295	0	4294967295	0	4294967295	0	
117	Scouter 004	26	0	1	3	532005	3	4294967295	0	4294967295	0	4294967295	0	4294967295	0	4294967295	0	4294967295	0	4294967295	0	4294967295	0	4294967295	0	4294967295	0	4294967295	0	4294967295	0	4294967295	0	4294967295	0	4294967295	0	4294967295	0	4294967295	0	4294967295	0	4294967295	0	
118	Scouter 005	30	0	1	3	532006	3	4294967295	0	4294967295	0	4294967295	0	4294967295	0	4294967295	0	4294967295	0	4294967295	0	4294967295	0	4294967295	0	4294967295	0	4294967295	0	4294967295	0	4294967295	0	4294967295	0	4294967295	0	4294967295	0	4294967295	0	4294967295	0	4294967295	0	
119	Scouter 006	34	0	1	3	532007	3	4294967295	0	4294967295	0	4294967295	0	4294967295	0	4294967295	0	4294967295	0	4294967295	0	4294967295	0	4294967295	0	4294967295	0	4294967295	0	4294967295	0	4294967295	0	4294967295	0	4294967295	0	4294967295	0	4294967295	0	4294967295	0	4294967295	0	
120	Scouter 007	38	0	1	3	532008	3	4294967295	0	4294967295	0	4294967295	0	4294967295	0	4294967295	0	4294967295	0	4294967295	0	4294967295	0	4294967295	0	4294967295	0	4294967295	0	4294967295	0	4294967295	0	4294967295	0	4294967295	0	4294967295	0	4294967295	0	4294967295	0	4294967295	0	
121	Scouter 008	42	0	1	3	532009	3	4294967295	0	4294967295	0	4294967295	0	4294967295	0	4294967295	0	4294967295	0	4294967295	0	4294967295	0	4294967295	0	4294967295	0	4294967295	0	4294967295	0	4294967295	0	4294967295	0	4294967295	0	4294967295	0	4294967295	0	4294967295	0	4294967295	0	
122	ScouterChip 001	1	0	6	18	533123	3	533124	3	533125	3	533126	3	533127	3	533128	3	4294967295	0	4294967295	0	4294967295	0	4294967295	0	4294967295	0	4294967295	0	4294967295	0	4294967295	0	4294967295	0	4294967295	0	4294967295	0	4294967295	0	4294967295	0	4294967295	0	
123	ScouterChip 002	6	0	4	12	533131	3	533132	3	533133	3	533134	3	4294967295	0	4294967295	0	4294967295	0	4294967295	0	4294967295	0	4294967295	0	4294967295	0	4294967295	0	4294967295	0	4294967295	0	4294967295	0	4294967295	0	4294967295	0	4294967295	0	4294967295	0	4294967295	0	
124	ScouterChip 003	11	0	5	15	533139	3	533140	3	533141	3	533142	3	533143	3	4294967295	0	4294967295	0	4294967295	0	4294967295	0	4294967295	0	4294967295	0	4294967295	0	4294967295	0	4294967295	0	4294967295	0	4294967295	0	4294967295	0	4294967295	0	4294967295	0	4294967295	0	
125	ScouterChip 004	16	0	5	15	533147	3	533148	3	533149	3	533150	3	533151	3	4294967295	0	4294967295	0	4294967295	0	4294967295	0	4294967295	0	4294967295	0	4294967295	0	4294967295	0	4294967295	0	4294967295	0	4294967295	0	4294967295	0	4294967295	0	4294967295	0	4294967295	0	
126	ScouterChip 005	21	0	5	15	533155	3	533156	3	533157	3	533158	3	533159	3	4294967295	0	4294967295	0	4294967295	0	4294967295	0	4294967295	0	4294967295	0	4294967295	0	4294967295	0	4294967295	0	4294967295	0	4294967295	0	4294967295	0	4294967295	0	4294967295	0	4294967295	0	
127	ScouterChip 006	26	0	6	18	533163	3	533164	3	533165	3	533166	3	533167	3	533168	3	4294967295	0	4294967295	0	4294967295	0	4294967295	0	4294967295	0	4294967295	0	4294967295	0	4294967295	0	4294967295	0	4294967295	0	4294967295	0	4294967295	0	4294967295	0	4294967295	0	
128	ScouterChip 007	30	0	5	15	533171	3	533172	3	533173	3	533174	3	533175	3	4294967295	0	4294967295	0	4294967295	0	4294967295	0	4294967295	0	4294967295	0	4294967295	0	4294967295	0	4294967295	0	4294967295	0	4294967295	0	4294967295	0	4294967295	0	4294967295	0	4294967295	0	
129	ScouterChip 008	34	0	4	12	533179	3	533180	3	533181	3	533182	3	4294967295	0	4294967295	0	4294967295	0	4294967295	0	4294967295	0	4294967295	0	4294967295	0	4294967295	0	4294967295	0	4294967295	0	4294967295	0	4294967295	0	4294967295	0	4294967295	0	4294967295	0	4294967295	0	
130	ScouterChip 009	38	0	6	18	533187	3	533188	3	533189	3	533190	3	533191	3	533192	3	4294967295	0	4294967295	0	4294967295	0	4294967295	0	4294967295	0	4294967295	0	4294967295	0	4294967295	0	4294967295	0	4294967295	0	4294967295	0	4294967295	0	4294967295	0	4294967295	0	
131	ScouterChip 010	42	0	4	12	533195	3	533196	3	533197	3	533198	3	4294967295	0	4294967295	0	4294967295	0	4294967295	0	4294967295	0	4294967295	0	4294967295	0	4294967295	0	4294967295	0	4294967295	0	4294967295	0	4294967295	0	4294967295	0	4294967295	0	4294967295	0	4294967295	0	
132	ScouterChip 011	46	0	5	15	533203	3	533204	3	533205	3	533206	3	533207	3	4294967295	0	4294967295	0	4294967295	0	4294967295	0	4294967295	0	4294967295	0	4294967295	0	4294967295	0	4294967295	0	4294967295	0	4294967295	0	4294967295	0	4294967295	0	4294967295	0	4294967295	0	
133	ScouterChip 012	50	0	6	18	533211	3	533212	3	533213	3	533214	3	533215	3	533216	3	4294967295	0	4294967295	0	4294967295	0	4294967295	0	4294967295	0	4294967295	0	4294967295	0	4294967295	0	4294967295	0	4294967295	0	4294967295	0	4294967295	0	4294967295	0	4294967295	0	
134	UpgradeW 001	6	0	3	10	160001	6	160401	1	160801	3	4294967295	0	4294967295	0	4294967295	0	4294967295	0	4294967295	0	4294967295	0	4294967295	0	4294967295	0	4294967295	0	4294967295	0	4294967295	0	4294967295	0	4294967295	0	4294967295	0	4294967295	0	4294967295	0	4294967295	0	
135	UpgradeW 002	11	0	3	10	160002	6	160402	1	160802	3	4294967295	0	4294967295	0	4294967295	0	4294967295	0	4294967295	0	4294967295	0	4294967295	0	4294967295	0	4294967295	0	4294967295	0	4294967295	0	4294967295	0	4294967295	0	4294967295	0	4294967295	0	4294967295	0	4294967295	0	
136	UpgradeW 003	16	0	3	10	160003	6	160403	1	160803	3	4294967295	0	4294967295	0	4294967295	0	4294967295	0	4294967295	0	4294967295	0	4294967295	0	4294967295	0	4294967295	0	4294967295	0	4294967295	0	4294967295	0	4294967295	0	4294967295	0	4294967295	0	4294967295	0	4294967295	0	
137	UpgradeW 004	21	0	3	10	160004	6	160404	1	160804	3	4294967295	0	4294967295	0	4294967295	0	4294967295	0	4294967295	0	4294967295	0	4294967295	0	4294967295	0	4294967295	0	4294967295	0	4294967295	0	4294967295	0	4294967295	0	4294967295	0	4294967295	0	4294967295	0	4294967295	0	
138	UpgradeW 005	26	0	3	10	160005	6	160405	1	160805	3	4294967295	0	4294967295	0	4294967295	0	4294967295	0	4294967295	0	4294967295	0	4294967295	0	4294967295	0	4294967295	0	4294967295	0	4294967295	0	4294967295	0	4294967295	0	4294967295	0	4294967295	0	4294967295	0	4294967295	0	
139	UpgradeW 006	30	0	3	10	160006	6	160406	1	160806	3	4294967295	0	4294967295	0	4294967295	0	4294967295	0	4294967295	0	4294967295	0	4294967295	0	4294967295	0	4294967295	0	4294967295	0	4294967295	0	4294967295	0	4294967295	0	4294967295	0	4294967295	0	4294967295	0	4294967295	0	
140	UpgradeW 007	34	0	3	10	160007	6	160407	1	160807	3	4294967295	0	4294967295	0	4294967295	0	4294967295	0	4294967295	0	4294967295	0	4294967295	0	4294967295	0	4294967295	0	4294967295	0	4294967295	0	4294967295	0	4294967295	0	4294967295	0	4294967295	0	4294967295	0	4294967295	0	
141	UpgradeW 008	38	0	3	10	160008	6	160408	1	160808	3	4294967295	0	4294967295	0	4294967295	0	4294967295	0	4294967295	0	4294967295	0	4294967295	0	4294967295	0	4294967295	0	4294967295	0	4294967295	0	4294967295	0	4294967295	0	4294967295	0	4294967295	0	4294967295	0	4294967295	0	
142	UpgradeW 009	42	0	3	10	160009	6	160409	1	160809	3	4294967295	0	4294967295	0	4294967295	0	4294967295	0	4294967295	0	4294967295	0	4294967295	0	4294967295	0	4294967295	0	4294967295	0	4294967295	0	4294967295	0	4294967295	0	4294967295	0	4294967295	0	4294967295	0	4294967295	0	
143	UpgradeW 010	46	0	3	10	160010	6	160410	1	160810	3	4294967295	0	4294967295	0	4294967295	0	4294967295	0	4294967295	0	4294967295	0	4294967295	0	4294967295	0	4294967295	0	4294967295	0	4294967295	0	4294967295	0	4294967295	0	4294967295	0	4294967295	0	4294967295	0	4294967295	0	
144	UpgradeW 011	50	0	3	10	160011	6	160411	1	160811	3	4294967295	0	4294967295	0	4294967295	0	4294967295	0	4294967295	0	4294967295	0	4294967295	0	4294967295	0	4294967295	0	4294967295	0	4294967295	0	4294967295	0	4294967295	0	4294967295	0	4294967295	0	4294967295	0	4294967295	0	
145	UpgradeW 012	53	0	3	10	160012	6	160412	1	160812	3	4294967295	0	4294967295	0	4294967295	0	4294967295	0	4294967295	0	4294967295	0	4294967295	0	4294967295	0	4294967295	0	4294967295	0	4294967295	0	4294967295	0	4294967295	0	4294967295	0	4294967295	0	4294967295	0	4294967295	0	
146	UpgradeW 013	55	0	4	10	160013	6	160413	1	160813	3	11120088	3	4294967295	0	4294967295	0	4294967295	0	4294967295	0	4294967295	0	4294967295	0	4294967295	0	4294967295	0	4294967295	0	4294967295	0	4294967295	0	4294967295	0	4294967295	0	4294967295	0	4294967295	0	4294967295	0	
147	UpgradeW 014	58	0	4	10	160014	6	160414	1	160814	3	11120088	3	4294967295	0	4294967295	0	4294967295	0	4294967295	0	4294967295	0	4294967295	0	4294967295	0	4294967295	0	4294967295	0	4294967295	0	4294967295	0	4294967295	0	4294967295	0	4294967295	0	4294967295	0	4294967295	0	
148	UpgradeW 015	60	0	4	10	160015	6	160415	1	160815	3	11120098	2	4294967295	0	4294967295	0	4294967295	0	4294967295	0	4294967295	0	4294967295	0	4294967295	0	4294967295	0	4294967295	0	4294967295	0	4294967295	0	4294967295	0	4294967295	0	4294967295	0	4294967295	0	4294967295	0	
149	UpgradeW 016	65	0	4	10	160016	6	160416	1	160816	3	11120098	2	4294967295	0	4294967295	0	4294967295	0	4294967295	0	4294967295	0	4294967295	0	4294967295	0	4294967295	0	4294967295	0	4294967295	0	4294967295	0	4294967295	0	4294967295	0	4294967295	0	4294967295	0	4294967295	0	
150	UpgradeW 017	70	0	4	10	160017	6	160417	1	160817	3	11120219	1	4294967295	0	4294967295	0	4294967295	0	4294967295	0	4294967295	0	4294967295	0	4294967295	0	4294967295	0	4294967295	0	4294967295	0	4294967295	0	4294967295	0	4294967295	0	4294967295	0	4294967295	0	4294967295	0	
151	UpgradeA 001	6	0	3	10	160201	6	160601	1	161001	3	4294967295	0	4294967295	0	4294967295	0	4294967295	0	4294967295	0	4294967295	0	4294967295	0	4294967295	0	4294967295	0	4294967295	0	4294967295	0	4294967295	0	4294967295	0	4294967295	0	4294967295	0	4294967295	0	4294967295	0	
152	UpgradeA 002	11	0	3	10	160202	6	160602	1	161002	3	4294967295	0	4294967295	0	4294967295	0	4294967295	0	4294967295	0	4294967295	0	4294967295	0	4294967295	0	4294967295	0	4294967295	0	4294967295	0	4294967295	0	4294967295	0	4294967295	0	4294967295	0	4294967295	0	4294967295	0	
153	UpgradeA 003	16	0	3	10	160203	6	160603	1	161003	3	4294967295	0	4294967295	0	4294967295	0	4294967295	0	4294967295	0	4294967295	0	4294967295	0	4294967295	0	4294967295	0	4294967295	0	4294967295	0	4294967295	0	4294967295	0	4294967295	0	4294967295	0	4294967295	0	4294967295	0	
154	UpgradeA 004	21	0	3	10	160204	6	160604	1	161004	3	4294967295	0	4294967295	0	4294967295	0	4294967295	0	4294967295	0	4294967295	0	4294967295	0	4294967295	0	4294967295	0	4294967295	0	4294967295	0	4294967295	0	4294967295	0	4294967295	0	4294967295	0	4294967295	0	4294967295	0	
155	UpgradeA 005	26	0	3	10	160205	6	160605	1	161005	3	4294967295	0	4294967295	0	4294967295	0	4294967295	0	4294967295	0	4294967295	0	4294967295	0	4294967295	0	4294967295	0	4294967295	0	4294967295	0	4294967295	0	4294967295	0	4294967295	0	4294967295	0	4294967295	0	4294967295	0	
156	UpgradeA 006	30	0	3	10	160206	6	160606	1	161006	3	4294967295	0	4294967295	0	4294967295	0	4294967295	0	4294967295	0	4294967295	0	4294967295	0	4294967295	0	4294967295	0	4294967295	0	4294967295	0	4294967295	0	4294967295	0	4294967295	0	4294967295	0	4294967295	0	4294967295	0	
157	UpgradeA 007	34	0	3	10	160207	6	160607	1	161007	3	4294967295	0	4294967295	0	4294967295	0	4294967295	0	4294967295	0	4294967295	0	4294967295	0	4294967295	0	4294967295	0	4294967295	0	4294967295	0	4294967295	0	4294967295	0	4294967295	0	4294967295	0	4294967295	0	4294967295	0	
158	UpgradeA 008	38	0	3	10	160208	6	160608	1	161008	3	4294967295	0	4294967295	0	4294967295	0	4294967295	0	4294967295	0	4294967295	0	4294967295	0	4294967295	0	4294967295	0	4294967295	0	4294967295	0	4294967295	0	4294967295	0	4294967295	0	4294967295	0	4294967295	0	4294967295	0	
159	UpgradeA 009	42	0	3	10	160209	6	160609	1	161009	3	4294967295	0	4294967295	0	4294967295	0	4294967295	0	4294967295	0	4294967295	0	4294967295	0	4294967295	0	4294967295	0	4294967295	0	4294967295	0	4294967295	0	4294967295	0	4294967295	0	4294967295	0	4294967295	0	4294967295	0	
160	UpgradeA 010	46	0	3	10	160210	6	160610	1	161010	3	4294967295	0	4294967295	0	4294967295	0	4294967295	0	4294967295	0	4294967295	0	4294967295	0	4294967295	0	4294967295	0	4294967295	0	4294967295	0	4294967295	0	4294967295	0	4294967295	0	4294967295	0	4294967295	0	4294967295	0	
161	UpgradeA 011	50	0	3	10	160211	6	160611	1	161011	3	4294967295	0	4294967295	0	4294967295	0	4294967295	0	4294967295	0	4294967295	0	4294967295	0	4294967295	0	4294967295	0	4294967295	0	4294967295	0	4294967295	0	4294967295	0	4294967295	0	4294967295	0	4294967295	0	4294967295	0	
162	UpgradeA 012	53	0	3	10	160212	6	160612	1	161012	3	4294967295	0	4294967295	0	4294967295	0	4294967295	0	4294967295	0	4294967295	0	4294967295	0	4294967295	0	4294967295	0	4294967295	0	4294967295	0	4294967295	0	4294967295	0	4294967295	0	4294967295	0	4294967295	0	4294967295	0	
163	UpgradeA 013	55	0	4	10	160213	6	160613	1	161013	3	11120088	3	4294967295	0	4294967295	0	4294967295	0	4294967295	0	4294967295	0	4294967295	0	4294967295	0	4294967295	0	4294967295	0	4294967295	0	4294967295	0	4294967295	0	4294967295	0	4294967295	0	4294967295	0	4294967295	0	
164	UpgradeA 014	58	0	4	10	160214	6	160614	1	161014	3	11120088	3	4294967295	0	4294967295	0	4294967295	0	4294967295	0	4294967295	0	4294967295	0	4294967295	0	4294967295	0	4294967295	0	4294967295	0	4294967295	0	4294967295	0	4294967295	0	4294967295	0	4294967295	0	4294967295	0	
165	UpgradeA 015	60	0	4	10	160215	6	160615	1	161015	3	11120098	2	4294967295	0	4294967295	0	4294967295	0	4294967295	0	4294967295	0	4294967295	0	4294967295	0	4294967295	0	4294967295	0	4294967295	0	4294967295	0	4294967295	0	4294967295	0	4294967295	0	4294967295	0	4294967295	0	
166	UpgradeA 016	65	0	4	10	160216	6	160616	1	161016	3	11120098	2	4294967295	0	4294967295	0	4294967295	0	4294967295	0	4294967295	0	4294967295	0	4294967295	0	4294967295	0	4294967295	0	4294967295	0	4294967295	0	4294967295	0	4294967295	0	4294967295	0	4294967295	0	4294967295	0	
167	UpgradeA 017	70	0	4	10	160217	6	160617	1	101617	3	11120219	1	4294967295	0	4294967295	0	4294967295	0	4294967295	0	4294967295	0	4294967295	0	4294967295	0	4294967295	0	4294967295	0	4294967295	0	4294967295	0	4294967295	0	4294967295	0	4294967295	0	4294967295	0	4294967295	0	
168	Recover 001	8	0	10	50	18011	6	18021	6	18031	6	18041	6	18051	6	18061	6	18071	6	18081	2	18091	3	18094	3	4294967295	0	4294967295	0	4294967295	0	4294967295	0	4294967295	0	4294967295	0	4294967295	0	4294967295	0	4294967295	0	4294967295	0	
169	Recover 002	16	0	8	44	18012	6	18022	6	18032	6	18042	6	18052	6	18062	6	18072	6	18082	2	4294967295	0	4294967295	0	4294967295	0	4294967295	0	4294967295	0	4294967295	0	4294967295	0	4294967295	0	4294967295	0	4294967295	0	4294967295	0	4294967295	0	
170	Recover 003	24	0	10	50	18013	6	18023	6	18033	6	18043	6	18053	6	18063	6	18073	6	18083	2	18092	3	18095	3	4294967295	0	4294967295	0	4294967295	0	4294967295	0	4294967295	0	4294967295	0	4294967295	0	4294967295	0	4294967295	0	4294967295	0	
171	Recover 004	32	0	10	50	18014	6	18024	6	18034	6	18044	6	18054	6	18064	6	18074	6	18084	2	18093	3	18096	3	4294967295	0	4294967295	0	4294967295	0	4294967295	0	4294967295	0	4294967295	0	4294967295	0	4294967295	0	4294967295	0	4294967295	0	
172	Recover 005	40	0	8	44	18097	6	18101	6	18035	6	18045	6	18055	6	18065	6	18075	6	18085	2	4294967295	0	4294967295	0	4294967295	0	4294967295	0	4294967295	0	4294967295	0	4294967295	0	4294967295	0	4294967295	0	4294967295	0	4294967295	0	4294967295	0	
173	Recover 006	48	0	8	44	18098	6	18102	6	18036	6	18046	6	18056	6	18066	6	18076	6	18086	2	4294967295	0	4294967295	0	4294967295	0	4294967295	0	4294967295	0	4294967295	0	4294967295	0	4294967295	0	4294967295	0	4294967295	0	4294967295	0	4294967295	0	
174	Recover 007	56	0	8	48	18099	6	18103	6	18037	6	18047	6	18057	6	18067	6	18077	6	18087	6	4294967295	0	4294967295	0	4294967295	0	4294967295	0	4294967295	0	4294967295	0	4294967295	0	4294967295	0	4294967295	0	4294967295	0	4294967295	0	4294967295	0	
175	Recover 008	65	0	8	48	18100	6	18104	6	18038	6	18048	6	18058	6	18068	6	18078	6	18088	6	4294967295	0	4294967295	0	4294967295	0	4294967295	0	4294967295	0	4294967295	0	4294967295	0	4294967295	0	4294967295	0	4294967295	0	4294967295	0	4294967295	0	
176	Tutorial 001	1	0	1	100	18011	100	4294967295	0	4294967295	0	4294967295	0	4294967295	0	4294967295	0	4294967295	0	4294967295	0	4294967295	0	4294967295	0	4294967295	0	4294967295	0	4294967295	0	4294967295	0	4294967295	0	4294967295	0	4294967295	0	4294967295	0	4294967295	0	4294967295	0	
177	Class 001	30	0	1	3	99077	100	4294967295	0	4294967295	0	4294967295	0	4294967295	0	4294967295	0	4294967295	0	4294967295	0	4294967295	0	4294967295	0	4294967295	0	4294967295	0	4294967295	0	4294967295	0	4294967295	0	4294967295	0	4294967295	0	4294967295	0	4294967295	0	4294967295	0	
178	Unique(O) 001	1	0	5	15	540012	3	541012	3	542012	3	541012	3	546013	3	4294967295	0	4294967295	0	4294967295	0	4294967295	0	4294967295	0	4294967295	0	4294967295	0	4294967295	0	4294967295	0	4294967295	0	4294967295	0	4294967295	0	4294967295	0	4294967295	0	4294967295	0	
179	Unique(O) 002	1	0	6	18	562049	3	563049	3	565049	3	566048	3	567049	3	568049	3	4294967295	0	4294967295	0	4294967295	0	4294967295	0	4294967295	0	4294967295	0	4294967295	0	4294967295	0	4294967295	0	4294967295	0	4294967295	0	4294967295	0	4294967295	0	4294967295	0	
180	Unique(O) 003	1	0	2	6	562022	3	563022	3	4294967295	0	4294967295	0	4294967295	0	4294967295	0	4294967295	0	4294967295	0	4294967295	0	4294967295	0	4294967295	0	4294967295	0	4294967295	0	4294967295	0	4294967295	0	4294967295	0	4294967295	0	4294967295	0	4294967295	0	4294967295	0	
181	Unique(O) 004	1	0	6	18	562032	3	563032	3	565032	3	566032	3	567032	3	568032	3	4294967295	0	4294967295	0	4294967295	0	4294967295	0	4294967295	0	4294967295	0	4294967295	0	4294967295	0	4294967295	0	4294967295	0	4294967295	0	4294967295	0	4294967295	0	4294967295	0	
182	Unique(O) 005	1	0	6	18	565025	3	568025	3	562025	3	563025	3	567025	3	566025	3	4294967295	0	4294967295	0	4294967295	0	4294967295	0	4294967295	0	4294967295	0	4294967295	0	4294967295	0	4294967295	0	4294967295	0	4294967295	0	4294967295	0	4294967295	0	4294967295	0	
183	Unique(O) 006	1	0	6	18	562040	3	563040	3	565040	3	566040	3	567040	3	568040	3	4294967295	0	4294967295	0	4294967295	0	4294967295	0	4294967295	0	4294967295	0	4294967295	0	4294967295	0	4294967295	0	4294967295	0	4294967295	0	4294967295	0	4294967295	0	4294967295	0	
184	Unique(O) 007	1	0	6	18	565064	3	568064	3	562064	3	563064	3	567064	3	566064	3	4294967295	0	4294967295	0	4294967295	0	4294967295	0	4294967295	0	4294967295	0	4294967295	0	4294967295	0	4294967295	0	4294967295	0	4294967295	0	4294967295	0	4294967295	0	4294967295	0	
185	Unique(O) 008	1	0	2	6	18032	3	18062	3	4294967295	0	4294967295	0	4294967295	0	4294967295	0	4294967295	0	4294967295	0	4294967295	0	4294967295	0	4294967295	0	4294967295	0	4294967295	0	4294967295	0	4294967295	0	4294967295	0	4294967295	0	4294967295	0	4294967295	0	4294967295	0	
186	Unique(O) 009	1	0	2	6	18033	3	18063	3	4294967295	0	4294967295	0	4294967295	0	4294967295	0	4294967295	0	4294967295	0	4294967295	0	4294967295	0	4294967295	0	4294967295	0	4294967295	0	4294967295	0	4294967295	0	4294967295	0	4294967295	0	4294967295	0	4294967295	0	4294967295	0	
187	Unique(O) 010	1	0	2	6	18035	3	18065	3	4294967295	0	4294967295	0	4294967295	0	4294967295	0	4294967295	0	4294967295	0	4294967295	0	4294967295	0	4294967295	0	4294967295	0	4294967295	0	4294967295	0	4294967295	0	4294967295	0	4294967295	0	4294967295	0	4294967295	0	4294967295	0	
188	Unique(O) 011	1	0	6	18	562050	3	563050	3	565050	3	566049	3	567050	3	568050	3	4294967295	0	4294967295	0	4294967295	0	4294967295	0	4294967295	0	4294967295	0	4294967295	0	4294967295	0	4294967295	0	4294967295	0	4294967295	0	4294967295	0	4294967295	0	4294967295	0	
189	Unique(O) 012	1	0	18	54	602058	3	603058	3	605058	3	606058	3	607058	3	608058	3	602059	3	603059	3	605059	3	606059	3	607059	3	608059	3	602060	3	603060	3	605060	3	606060	3	607060	3	608060	3	4294967295	0	4294967295	0	
190	Unique(O) 013	1	0	2	6	567022	3	568022	3	4294967295	0	4294967295	0	4294967295	0	4294967295	0	4294967295	0	4294967295	0	4294967295	0	4294967295	0	4294967295	0	4294967295	0	4294967295	0	4294967295	0	4294967295	0	4294967295	0	4294967295	0	4294967295	0	4294967295	0	4294967295	0	
191	U_TMQ 1-1(E) 1	25	1	19	54	722143	3	722144	3	722145	3	723143	3	723144	3	723145	3	725143	3	725144	3	725145	3	726143	3	726144	3	726145	3	727143	3	727144	3	727145	3	728143	3	728144	3	728145	3	11120107	3	4294967295	0	
192	U_TMQ 1-1(N) 1	25	1	19	54	722346	3	722347	3	722348	3	723346	3	723347	3	723348	3	725346	3	725347	3	725348	3	726346	3	726347	3	726348	3	727346	3	727347	3	727348	3	728346	3	728347	3	728348	3	11120107	5	4294967295	0	
193	U_TMQ 1-1(N) 2	25	1	13	36	712001	3	713001	3	714001	3	715001	3	708001	3	709001	3	710001	3	711001	3	718001	3	719001	3	720001	3	721001	3	11120107	5	4294967295	0	4294967295	0	4294967295	0	4294967295	0	4294967295	0	4294967295	0	4294967295	0	
194	U_TMQ 1-1(H) 1	25	1	19	54	722543	3	722544	3	722545	3	723543	3	723544	3	723545	3	725543	3	725544	3	725545	3	726543	3	726544	3	726545	3	727543	3	727544	3	727545	3	728543	3	728544	3	728545	3	11120107	6	4294967295	0	
195	U_TMQ 1-1(H) 2	25	1	13	36	708002	3	709002	3	710002	3	711002	3	712002	3	713002	3	714002	3	715002	3	718002	3	719002	3	720002	3	721002	3	11120107	6	4294967295	0	4294967295	0	4294967295	0	4294967295	0	4294967295	0	4294967295	0	4294967295	0	
196	U_TMQ 1-2(E) 1	33	1	19	54	722146	3	722147	3	722148	3	723146	3	723147	3	723148	3	725146	3	725147	3	725148	3	726146	3	726147	3	726148	3	727146	3	727147	3	727148	3	728146	3	728147	3	728148	3	11120107	3	4294967295	0	
197	U_TMQ 1-2(N) 1	33	1	19	54	722349	3	722350	3	722351	3	723349	3	723350	3	723351	3	725349	3	725350	3	725351	3	726349	3	726350	3	726351	3	727349	3	727350	3	727351	3	728349	3	728350	3	728351	3	11120107	5	4294967295	0	
198	U_TMQ 1-2(N) 2	33	1	13	36	708003	3	709003	3	710003	3	711003	3	712003	3	713003	3	714003	3	715003	3	718003	3	719003	3	720003	3	721003	3	11120107	5	4294967295	0	4294967295	0	4294967295	0	4294967295	0	4294967295	0	4294967295	0	4294967295	0	
199	U_TMQ 1-2(H) 1	33	1	19	54	722546	3	722547	3	722548	3	723546	3	723547	3	723548	3	725546	3	725547	3	725548	3	726546	3	726547	3	726548	3	727546	3	727547	3	727548	3	728546	3	728547	3	728548	3	11120107	6	4294967295	0	
200	U_TMQ 1-2(H) 2	33	1	13	36	708004	3	709004	3	710004	3	711004	3	712004	3	713004	3	714004	3	715004	3	718004	3	719004	3	720004	3	721004	3	11120107	6	4294967295	0	4294967295	0	4294967295	0	4294967295	0	4294967295	0	4294967295	0	4294967295	0	
201	U_TMQ 1-3(E) 1	41	1	19	54	722149	3	722150	3	722151	3	723149	3	723150	3	723151	3	725149	3	725150	3	725151	3	726149	3	726150	3	726151	3	727149	3	727150	3	727151	3	728149	3	728150	3	728151	3	11120107	3	4294967295	0	
202	U_TMQ 1-3(N) 1	41	1	19	54	722352	3	722353	3	722354	3	723352	3	723353	3	723354	3	725352	3	725353	3	725354	3	726352	3	726353	3	726354	3	727352	3	727353	3	727354	3	728352	3	728353	3	728354	3	11120107	5	4294967295	0	
203	U_TMQ 1-3(N) 2	41	1	13	36	708005	3	709005	3	710005	3	711005	3	712005	3	713005	3	714005	3	715005	3	718005	3	719005	3	720005	3	721005	3	11120107	5	4294967295	0	4294967295	0	4294967295	0	4294967295	0	4294967295	0	4294967295	0	4294967295	0	
204	U_TMQ 1-3(H) 1	41	1	19	54	722549	3	722550	3	722551	3	723549	3	723550	3	723551	3	725549	3	725550	3	725551	3	726549	3	726550	3	726551	3	727549	3	727550	3	727551	3	728549	3	728550	3	728551	3	11120107	6	4294967295	0	
205	U_TMQ 1-3(H) 2	41	1	13	36	708006	3	709006	3	710006	3	711006	3	712006	3	713006	3	714006	3	715006	3	718006	3	719006	3	720006	3	721006	3	11120107	6	4294967295	0	4294967295	0	4294967295	0	4294967295	0	4294967295	0	4294967295	0	4294967295	0	
206	U_TMQ 1-4(E) 1	47	1	10	27	722152	3	722153	3	722154	3	725152	3	725153	3	725154	3	727152	3	727153	3	727154	3	11120107	3	4294967295	0	4294967295	0	4294967295	0	4294967295	0	4294967295	0	4294967295	0	4294967295	0	4294967295	0	4294967295	0	4294967295	0	
207	U_TMQ 1-4(E) 2	47	1	10	27	723152	3	723153	3	723154	3	726152	3	726153	3	726154	3	728152	3	728153	3	728154	3	11120107	3	4294967295	0	4294967295	0	4294967295	0	4294967295	0	4294967295	0	4294967295	0	4294967295	0	4294967295	0	4294967295	0	4294967295	0	
208	U_TMQ 1-4(E) 3	47	1	19	54	722152	3	722153	3	722154	3	723152	3	723153	3	723154	3	725152	3	725153	3	725154	3	726152	3	726153	3	726154	3	727152	3	727153	3	727154	3	728152	3	728153	3	728154	3	11120107	3	4294967295	0	
209	U_TMQ 1-4(N) 1	47	1	19	54	722355	3	722356	3	722357	3	723355	3	723356	3	723357	3	725355	3	725356	3	725357	3	726355	3	726356	3	726357	3	727355	3	727356	3	727357	3	728355	3	728356	3	728357	3	11120107	5	4294967295	0	
210	U_TMQ 1-4(N) 2	47	1	13	36	708007	3	709007	3	710007	3	711007	3	712007	3	713007	3	714007	3	715007	3	718007	3	719007	3	720007	3	721007	3	11120107	5	4294967295	0	4294967295	0	4294967295	0	4294967295	0	4294967295	0	4294967295	0	4294967295	0	
211	U_TMQ 2-1(N) 1	49	1	11	30	722155	3	722156	3	722157	3	726155	3	726156	3	726157	3	708009	3	709009	3	710009	3	711009	3	11120107	5	4294967295	0	4294967295	0	4294967295	0	4294967295	0	4294967295	0	4294967295	0	4294967295	0	4294967295	0	4294967295	0	
212	U_TMQ 2-1(N) 2	49	1	11	30	723155	3	723156	3	723157	3	727155	3	727156	3	727157	3	712009	3	713009	3	714009	3	715009	3	11120107	5	4294967295	0	4294967295	0	4294967295	0	4294967295	0	4294967295	0	4294967295	0	4294967295	0	4294967295	0	4294967295	0	
213	U_TMQ 2-1(N) 3	49	1	11	30	725155	3	725156	3	725157	3	728155	3	728156	3	728157	3	718009	3	719009	3	720009	3	721009	3	11120107	5	4294967295	0	4294967295	0	4294967295	0	4294967295	0	4294967295	0	4294967295	0	4294967295	0	4294967295	0	4294967295	0	
214	U_TMQ 2-1(H) 1	49	1	11	30	722558	3	722559	3	722560	3	726558	3	726559	3	726560	3	708012	3	709012	3	710012	3	711012	3	11120107	6	4294967295	0	4294967295	0	4294967295	0	4294967295	0	4294967295	0	4294967295	0	4294967295	0	4294967295	0	4294967295	0	
215	U_TMQ 2-1(H) 2	49	1	11	30	723558	3	723559	3	723560	3	727558	3	727559	3	727560	3	712012	3	713012	3	715012	3	714012	3	11120107	6	4294967295	0	4294967295	0	4294967295	0	4294967295	0	4294967295	0	4294967295	0	4294967295	0	4294967295	0	4294967295	0	
216	U_TMQ 2-1(H) 3	49	1	11	30	725558	3	725559	3	725560	3	728558	3	728559	3	728560	3	718012	3	719012	3	720012	3	721012	3	11120107	6	4294967295	0	4294967295	0	4294967295	0	4294967295	0	4294967295	0	4294967295	0	4294967295	0	4294967295	0	4294967295	0	
217	U_TMQ 2-2(N) 1	52	1	11	30	722158	3	722159	3	722160	3	726158	3	726159	3	726160	3	708010	3	709010	3	710010	3	711010	3	11120107	5	4294967295	0	4294967295	0	4294967295	0	4294967295	0	4294967295	0	4294967295	0	4294967295	0	4294967295	0	4294967295	0	
218	U_TMQ 2-2(N) 2	52	1	11	30	723158	3	723159	3	723160	3	727158	3	727159	3	727160	3	712010	3	713010	3	714010	3	715010	3	11120107	5	4294967295	0	4294967295	0	4294967295	0	4294967295	0	4294967295	0	4294967295	0	4294967295	0	4294967295	0	4294967295	0	
219	U_TMQ 2-2(N) 3	52	1	11	30	725158	3	725159	3	725160	3	728158	3	728159	3	728160	3	718010	3	719010	3	720010	3	721010	3	11120107	5	4294967295	0	4294967295	0	4294967295	0	4294967295	0	4294967295	0	4294967295	0	4294967295	0	4294967295	0	4294967295	0	
220	U_TMQ 2-2(H) 1	52	1	11	30	722561	3	722562	3	722563	3	726561	3	726562	3	726563	3	708013	3	709013	3	710013	3	711013	3	11120107	6	4294967295	0	4294967295	0	4294967295	0	4294967295	0	4294967295	0	4294967295	0	4294967295	0	4294967295	0	4294967295	0	
221	U_TMQ 2-2(H) 2	52	1	11	30	723561	3	723562	3	723563	3	727561	3	727562	3	727563	3	712013	3	713013	3	715013	3	714013	3	11120107	6	4294967295	0	4294967295	0	4294967295	0	4294967295	0	4294967295	0	4294967295	0	4294967295	0	4294967295	0	4294967295	0	
222	U_TMQ 2-2(H) 3	52	1	11	30	725561	3	725562	3	725563	3	728561	3	728562	3	728563	3	718013	3	719013	3	720013	3	721013	3	11120107	6	4294967295	0	4294967295	0	4294967295	0	4294967295	0	4294967295	0	4294967295	0	4294967295	0	4294967295	0	4294967295	0	
223	U_TMQ 2-3(N) 1	58	1	10	27	722555	3	722556	3	722557	3	725555	3	725556	3	725557	3	727555	3	727556	3	727557	3	11120107	5	4294967295	0	4294967295	0	4294967295	0	4294967295	0	4294967295	0	4294967295	0	4294967295	0	4294967295	0	4294967295	0	4294967295	0	
224	U_TMQ 2-3(N) 2	58	1	10	27	723555	3	723556	3	723557	3	726555	3	726556	3	726557	3	728555	3	728556	3	728557	3	11120107	5	4294967295	0	4294967295	0	4294967295	0	4294967295	0	4294967295	0	4294967295	0	4294967295	0	4294967295	0	4294967295	0	4294967295	0	
225	U_TMQ 2-3(N) 3	58	1	7	18	708011	3	709011	3	710011	3	711011	3	712011	3	713011	3	11120107	5	4294967295	0	4294967295	0	4294967295	0	4294967295	0	4294967295	0	4294967295	0	4294967295	0	4294967295	0	4294967295	0	4294967295	0	4294967295	0	4294967295	0	4294967295	0	
226	U_TMQ 2-3(N) 4	58	1	7	18	715011	3	714011	3	718011	3	719011	3	720011	3	721011	3	11120107	5	4294967295	0	4294967295	0	4294967295	0	4294967295	0	4294967295	0	4294967295	0	4294967295	0	4294967295	0	4294967295	0	4294967295	0	4294967295	0	4294967295	0	4294967295	0	
227	U_UD1(N) 1	22	1	19	54	762001	3	762002	3	762003	3	763001	3	763002	3	763003	3	765001	3	765002	3	765003	3	766001	3	766002	3	766003	3	767001	3	767002	3	767003	3	768001	3	768002	3	768003	3	11120107	5	4294967295	0	
228	U_UD1(N) 2	22	1	6	15	740006	3	741006	3	742006	3	745006	3	746006	3	11120107	5	4294967295	0	4294967295	0	4294967295	0	4294967295	0	4294967295	0	4294967295	0	4294967295	0	4294967295	0	4294967295	0	4294967295	0	4294967295	0	4294967295	0	4294967295	0	4294967295	0	
229	U_UD1(H) 1	30	1	19	54	762004	3	762005	3	762006	3	763004	3	763005	3	763006	3	765004	3	765005	3	765006	3	766004	3	766005	3	766006	3	767004	3	767005	3	767006	3	768004	3	768005	3	768006	6	11120107	3	4294967295	0	
230	U_UD1(H) 2	30	1	6	15	740256	3	741256	3	742256	3	745256	3	746256	3	11120107	6	4294967295	0	4294967295	0	4294967295	0	4294967295	0	4294967295	0	4294967295	0	4294967295	0	4294967295	0	4294967295	0	4294967295	0	4294967295	0	4294967295	0	4294967295	0	4294967295	0	
231	U_UD2(N) 1	38	1	19	54	762007	3	762008	3	762009	3	763007	3	763008	3	763009	3	765007	3	765008	3	765009	3	766007	3	766008	3	766009	3	767007	3	767008	3	767009	3	768007	3	768008	3	768009	3	11120107	5	4294967295	0	
232	U_UD2(N) 2	38	1	6	15	740007	3	741007	3	742007	3	746007	3	745007	3	11120107	5	4294967295	0	4294967295	0	4294967295	0	4294967295	0	4294967295	0	4294967295	0	4294967295	0	4294967295	0	4294967295	0	4294967295	0	4294967295	0	4294967295	0	4294967295	0	4294967295	0	
233	U_UD2(H) 1	54	1	7	18	762016	3	763016	3	765016	3	766016	3	767016	3	768016	3	11120107	6	4294967295	0	4294967295	0	4294967295	0	4294967295	0	4294967295	0	4294967295	0	4294967295	0	4294967295	0	4294967295	0	4294967295	0	4294967295	0	4294967295	0	4294967295	0	
234	U_UD2(H) 2	54	1	6	15	740257	3	741257	3	742257	3	746257	3	745257	3	11120107	6	4294967295	0	4294967295	0	4294967295	0	4294967295	0	4294967295	0	4294967295	0	4294967295	0	4294967295	0	4294967295	0	4294967295	0	4294967295	0	4294967295	0	4294967295	0	4294967295	0	
235	U_UD3(N) 1	45	1	19	54	762010	3	762011	3	762012	3	763010	3	763011	3	763012	3	765010	3	765011	3	765012	3	766010	3	766011	3	766012	3	767010	3	767011	3	767012	3	768010	3	768011	3	768012	3	11120107	5	4294967295	0	
236	U_UD3(N) 2	45	1	6	15	740008	3	741008	3	742008	3	745008	3	746008	3	11120107	5	4294967295	0	4294967295	0	4294967295	0	4294967295	0	4294967295	0	4294967295	0	4294967295	0	4294967295	0	4294967295	0	4294967295	0	4294967295	0	4294967295	0	4294967295	0	4294967295	0	
237	U_UD3(H) 1	54	1	7	18	762017	3	763017	3	765017	3	766017	3	767017	3	768017	3	11120107	6	4294967295	0	4294967295	0	4294967295	0	4294967295	0	4294967295	0	4294967295	0	4294967295	0	4294967295	0	4294967295	0	4294967295	0	4294967295	0	4294967295	0	4294967295	0	
238	U_UD3(H) 2	54	1	6	15	740258	3	741258	3	742258	3	745258	3	746258	3	11120107	6	4294967295	0	4294967295	0	4294967295	0	4294967295	0	4294967295	0	4294967295	0	4294967295	0	4294967295	0	4294967295	0	4294967295	0	4294967295	0	4294967295	0	4294967295	0	4294967295	0	
239	U_UD4(N) 1	51	1	1	3	21110021	3	4294967295	0	4294967295	0	4294967295	0	4294967295	0	4294967295	0	4294967295	0	4294967295	0	4294967295	0	4294967295	0	4294967295	0	4294967295	0	4294967295	0	4294967295	0	4294967295	0	4294967295	0	4294967295	0	4294967295	0	4294967295	0	4294967295	0	
240	U_UD4(N) 2	51	1	1	3	21110020	3	4294967295	0	4294967295	0	4294967295	0	4294967295	0	4294967295	0	4294967295	0	4294967295	0	4294967295	0	4294967295	0	4294967295	0	4294967295	0	4294967295	0	4294967295	0	4294967295	0	4294967295	0	4294967295	0	4294967295	0	4294967295	0	4294967295	0	
241	U_UD4(H) 1	59	1	19	54	762025	3	762026	3	762027	3	763025	3	763026	3	763027	3	765025	3	765026	3	765027	3	766025	3	766026	3	766027	3	767025	3	767026	3	767027	3	768025	3	768026	3	768027	3	11120107	6	4294967295	0	
242	U_UD4(H) 2	59	1	6	15	740011	3	741011	3	742011	3	745011	3	746011	3	11120107	6	4294967295	0	4294967295	0	4294967295	0	4294967295	0	4294967295	0	4294967295	0	4294967295	0	4294967295	0	4294967295	0	4294967295	0	4294967295	0	4294967295	0	4294967295	0	4294967295	0	
243	U_UD5(N) 1	54	1	7	18	762018	3	763018	3	765018	3	766018	3	767018	3	768018	3	11120107	5	4294967295	0	4294967295	0	4294967295	0	4294967295	0	4294967295	0	4294967295	0	4294967295	0	4294967295	0	4294967295	0	4294967295	0	4294967295	0	4294967295	0	4294967295	0	
244	U_UD5(N) 2	54	1	6	15	740010	3	741010	3	742010	3	745010	3	746010	3	11120107	5	4294967295	0	4294967295	0	4294967295	0	4294967295	0	4294967295	0	4294967295	0	4294967295	0	4294967295	0	4294967295	0	4294967295	0	4294967295	0	4294967295	0	4294967295	0	4294967295	0	
245	U_UD6(N) 1	60	1	19	54	762019	3	762020	3	762021	3	763019	3	763020	3	763021	3	765019	3	765020	3	765021	3	766019	3	766020	3	766021	3	767019	3	767020	3	767021	3	768019	3	768020	3	768021	3	11120107	5	4294967295	0	
246	U_UD6(N) 2	60	1	10	27	762022	3	762023	3	762024	3	765022	3	765023	3	765024	3	767022	3	767023	3	767024	3	11120107	5	4294967295	0	4294967295	0	4294967295	0	4294967295	0	4294967295	0	4294967295	0	4294967295	0	4294967295	0	4294967295	0	4294967295	0	
247	U_UD6(N) 3	60	1	10	27	763022	3	763023	3	763024	3	766022	3	766023	3	766024	3	768022	3	768023	3	768024	3	11120107	5	4294967295	0	4294967295	0	4294967295	0	4294967295	0	4294967295	0	4294967295	0	4294967295	0	4294967295	0	4294967295	0	4294967295	0	
248	U_UD6(N) 4	60	1	6	15	740261	3	740262	3	743506	3	743507	3	746506	3	11120107	5	4294967295	0	4294967295	0	4294967295	0	4294967295	0	4294967295	0	4294967295	0	4294967295	0	4294967295	0	4294967295	0	4294967295	0	4294967295	0	4294967295	0	4294967295	0	4294967295	0	
249	U_UD6(N) 5	60	0	2	3	200202	3	11120107	5	4294967295	0	4294967295	0	4294967295	0	4294967295	0	4294967295	0	4294967295	0	4294967295	0	4294967295	0	4294967295	0	4294967295	0	4294967295	0	4294967295	0	4294967295	0	4294967295	0	4294967295	0	4294967295	0	4294967295	0	4294967295	0	
250	U_UD6(N) 6	60	0	2	3	200203	3	11120107	5	4294967295	0	4294967295	0	4294967295	0	4294967295	0	4294967295	0	4294967295	0	4294967295	0	4294967295	0	4294967295	0	4294967295	0	4294967295	0	4294967295	0	4294967295	0	4294967295	0	4294967295	0	4294967295	0	4294967295	0	4294967295	0	
251	U_UD6(N) 7	60	0	2	3	200201	3	11120107	5	4294967295	0	4294967295	0	4294967295	0	4294967295	0	4294967295	0	4294967295	0	4294967295	0	4294967295	0	4294967295	0	4294967295	0	4294967295	0	4294967295	0	4294967295	0	4294967295	0	4294967295	0	4294967295	0	4294967295	0	4294967295	0	
252	U_UD6(N) 8	60	0	2	3	200204	3	11120107	5	4294967295	0	4294967295	0	4294967295	0	4294967295	0	4294967295	0	4294967295	0	4294967295	0	4294967295	0	4294967295	0	4294967295	0	4294967295	0	4294967295	0	4294967295	0	4294967295	0	4294967295	0	4294967295	0	4294967295	0	4294967295	0	
253	U_UD6(N) 9	60	0	2	3	200207	3	11120107	5	4294967295	0	4294967295	0	4294967295	0	4294967295	0	4294967295	0	4294967295	0	4294967295	0	4294967295	0	4294967295	0	4294967295	0	4294967295	0	4294967295	0	4294967295	0	4294967295	0	4294967295	0	4294967295	0	4294967295	0	4294967295	0	
254	U_UD6(N) 10	60	0	2	3	200209	3	11120107	5	4294967295	0	4294967295	0	4294967295	0	4294967295	0	4294967295	0	4294967295	0	4294967295	0	4294967295	0	4294967295	0	4294967295	0	4294967295	0	4294967295	0	4294967295	0	4294967295	0	4294967295	0	4294967295	0	4294967295	0	4294967295	0	
255	U_UD6(N) 11	60	0	2	3	200208	3	11120107	5	4294967295	0	4294967295	0	4294967295	0	4294967295	0	4294967295	0	4294967295	0	4294967295	0	4294967295	0	4294967295	0	4294967295	0	4294967295	0	4294967295	0	4294967295	0	4294967295	0	4294967295	0	4294967295	0	4294967295	0	4294967295	0	
256	U_UD6(N) 12	60	0	2	3	200206	3	11120107	5	4294967295	0	4294967295	0	4294967295	0	4294967295	0	4294967295	0	4294967295	0	4294967295	0	4294967295	0	4294967295	0	4294967295	0	4294967295	0	4294967295	0	4294967295	0	4294967295	0	4294967295	0	4294967295	0	4294967295	0	4294967295	0	
257	U_UD6(N) 13	60	0	2	3	200205	3	11120107	5	4294967295	0	4294967295	0	4294967295	0	4294967295	0	4294967295	0	4294967295	0	4294967295	0	4294967295	0	4294967295	0	4294967295	0	4294967295	0	4294967295	0	4294967295	0	4294967295	0	4294967295	0	4294967295	0	4294967295	0	4294967295	0	
258	Quest 001	1	0	3	9	99074	3	99075	3	99076	3	4294967295	0	4294967295	0	4294967295	0	4294967295	0	4294967295	0	4294967295	0	4294967295	0	4294967295	0	4294967295	0	4294967295	0	4294967295	0	4294967295	0	4294967295	0	4294967295	0	4294967295	0	4294967295	0	4294967295	0	
259	Quest 002	1	0	3	9	99090	3	99091	3	99092	3	4294967295	0	4294967295	0	4294967295	0	4294967295	0	4294967295	0	4294967295	0	4294967295	0	4294967295	0	4294967295	0	4294967295	0	4294967295	0	4294967295	0	4294967295	0	4294967295	0	4294967295	0	4294967295	0	4294967295	0	
260	Quest 003	1	0	3	9	99093	3	99094	3	99095	3	4294967295	0	4294967295	0	4294967295	0	4294967295	0	4294967295	0	4294967295	0	4294967295	0	4294967295	0	4294967295	0	4294967295	0	4294967295	0	4294967295	0	4294967295	0	4294967295	0	4294967295	0	4294967295	0	4294967295	0	
261	Quest 004	1	0	1	3	99073	3	4294967295	0	4294967295	0	4294967295	0	4294967295	0	4294967295	0	4294967295	0	4294967295	0	4294967295	0	4294967295	0	4294967295	0	4294967295	0	4294967295	0	4294967295	0	4294967295	0	4294967295	0	4294967295	0	4294967295	0	4294967295	0	4294967295	0	
262	Quest 005	1	0	1	3	99073	3	4294967295	0	4294967295	0	4294967295	0	4294967295	0	4294967295	0	4294967295	0	4294967295	0	4294967295	0	4294967295	0	4294967295	0	4294967295	0	4294967295	0	4294967295	0	4294967295	0	4294967295	0	4294967295	0	4294967295	0	4294967295	0	4294967295	0	
263	Quest 006	1	0	1	3	99073	3	4294967295	0	4294967295	0	4294967295	0	4294967295	0	4294967295	0	4294967295	0	4294967295	0	4294967295	0	4294967295	0	4294967295	0	4294967295	0	4294967295	0	4294967295	0	4294967295	0	4294967295	0	4294967295	0	4294967295	0	4294967295	0	4294967295	0	
264	Quest 007	1	0	1	3	99073	3	4294967295	0	4294967295	0	4294967295	0	4294967295	0	4294967295	0	4294967295	0	4294967295	0	4294967295	0	4294967295	0	4294967295	0	4294967295	0	4294967295	0	4294967295	0	4294967295	0	4294967295	0	4294967295	0	4294967295	0	4294967295	0	4294967295	0	
265	Quest 008	1	0	1	3	99073	3	4294967295	0	4294967295	0	4294967295	0	4294967295	0	4294967295	0	4294967295	0	4294967295	0	4294967295	0	4294967295	0	4294967295	0	4294967295	0	4294967295	0	4294967295	0	4294967295	0	4294967295	0	4294967295	0	4294967295	0	4294967295	0	4294967295	0	
266	Quest 009	1	0	1	3	99073	3	4294967295	0	4294967295	0	4294967295	0	4294967295	0	4294967295	0	4294967295	0	4294967295	0	4294967295	0	4294967295	0	4294967295	0	4294967295	0	4294967295	0	4294967295	0	4294967295	0	4294967295	0	4294967295	0	4294967295	0	4294967295	0	4294967295	0	
267	Quest 010	1	0	3	9	99074	3	99075	3	99076	3	4294967295	0	4294967295	0	4294967295	0	4294967295	0	4294967295	0	4294967295	0	4294967295	0	4294967295	0	4294967295	0	4294967295	0	4294967295	0	4294967295	0	4294967295	0	4294967295	0	4294967295	0	4294967295	0	4294967295	0	
268	Quest 011	1	0	3	9	99090	3	99091	3	99092	3	4294967295	0	4294967295	0	4294967295	0	4294967295	0	4294967295	0	4294967295	0	4294967295	0	4294967295	0	4294967295	0	4294967295	0	4294967295	0	4294967295	0	4294967295	0	4294967295	0	4294967295	0	4294967295	0	4294967295	0	
269	Quest 012	1	0	3	9	99093	3	99094	3	99095	3	4294967295	0	4294967295	0	4294967295	0	4294967295	0	4294967295	0	4294967295	0	4294967295	0	4294967295	0	4294967295	0	4294967295	0	4294967295	0	4294967295	0	4294967295	0	4294967295	0	4294967295	0	4294967295	0	4294967295	0	
270	Quest 013	1	0	3	9	99074	3	99075	3	99076	3	4294967295	0	4294967295	0	4294967295	0	4294967295	0	4294967295	0	4294967295	0	4294967295	0	4294967295	0	4294967295	0	4294967295	0	4294967295	0	4294967295	0	4294967295	0	4294967295	0	4294967295	0	4294967295	0	4294967295	0	
271	Quest 014	1	0	3	9	99090	3	99091	3	99092	3	4294967295	0	4294967295	0	4294967295	0	4294967295	0	4294967295	0	4294967295	0	4294967295	0	4294967295	0	4294967295	0	4294967295	0	4294967295	0	4294967295	0	4294967295	0	4294967295	0	4294967295	0	4294967295	0	4294967295	0	
272	Quest 015	1	0	3	9	99093	3	99094	3	99095	3	4294967295	0	4294967295	0	4294967295	0	4294967295	0	4294967295	0	4294967295	0	4294967295	0	4294967295	0	4294967295	0	4294967295	0	4294967295	0	4294967295	0	4294967295	0	4294967295	0	4294967295	0	4294967295	0	4294967295	0	
273	Quest 016	1	0	3	9	99074	3	99075	3	99076	3	4294967295	0	4294967295	0	4294967295	0	4294967295	0	4294967295	0	4294967295	0	4294967295	0	4294967295	0	4294967295	0	4294967295	0	4294967295	0	4294967295	0	4294967295	0	4294967295	0	4294967295	0	4294967295	0	4294967295	0	
274	Quest 017	1	0	5	15	99090	3	99091	3	99092	3	99091	3	99092	3	4294967295	0	4294967295	0	4294967295	0	4294967295	0	4294967295	0	4294967295	0	4294967295	0	4294967295	0	4294967295	0	4294967295	0	4294967295	0	4294967295	0	4294967295	0	4294967295	0	4294967295	0	
275	Quest 018	1	0	3	9	99093	3	99094	3	99095	3	4294967295	0	4294967295	0	4294967295	0	4294967295	0	4294967295	0	4294967295	0	4294967295	0	4294967295	0	4294967295	0	4294967295	0	4294967295	0	4294967295	0	4294967295	0	4294967295	0	4294967295	0	4294967295	0	4294967295	0	
276	Quest 019	1	0	6	18	99074	3	99075	3	99076	3	99074	3	99075	3	99076	3	4294967295	0	4294967295	0	4294967295	0	4294967295	0	4294967295	0	4294967295	0	4294967295	0	4294967295	0	4294967295	0	4294967295	0	4294967295	0	4294967295	0	4294967295	0	4294967295	0	
277	Quest 020	1	0	5	15	99090	3	99091	3	99092	3	99091	3	99092	3	4294967295	0	4294967295	0	4294967295	0	4294967295	0	4294967295	0	4294967295	0	4294967295	0	4294967295	0	4294967295	0	4294967295	0	4294967295	0	4294967295	0	4294967295	0	4294967295	0	4294967295	0	
278	Quest 021	1	0	3	9	99093	3	99094	3	99095	3	4294967295	0	4294967295	0	4294967295	0	4294967295	0	4294967295	0	4294967295	0	4294967295	0	4294967295	0	4294967295	0	4294967295	0	4294967295	0	4294967295	0	4294967295	0	4294967295	0	4294967295	0	4294967295	0	4294967295	0	
279	Quest 022	1	0	6	18	99074	3	99075	3	99076	3	99074	3	99075	3	99076	3	4294967295	0	4294967295	0	4294967295	0	4294967295	0	4294967295	0	4294967295	0	4294967295	0	4294967295	0	4294967295	0	4294967295	0	4294967295	0	4294967295	0	4294967295	0	4294967295	0	
280	Quest 023	1	0	5	15	99090	3	99091	3	99092	3	99091	3	99092	3	4294967295	0	4294967295	0	4294967295	0	4294967295	0	4294967295	0	4294967295	0	4294967295	0	4294967295	0	4294967295	0	4294967295	0	4294967295	0	4294967295	0	4294967295	0	4294967295	0	4294967295	0	
281	Quest 024	1	0	3	9	99093	3	99094	3	99095	3	4294967295	0	4294967295	0	4294967295	0	4294967295	0	4294967295	0	4294967295	0	4294967295	0	4294967295	0	4294967295	0	4294967295	0	4294967295	0	4294967295	0	4294967295	0	4294967295	0	4294967295	0	4294967295	0	4294967295	0	
282	Quest 025	1	0	6	18	99074	3	99075	3	99076	3	99074	3	99075	3	99076	3	4294967295	0	4294967295	0	4294967295	0	4294967295	0	4294967295	0	4294967295	0	4294967295	0	4294967295	0	4294967295	0	4294967295	0	4294967295	0	4294967295	0	4294967295	0	4294967295	0	
283	Quest 026	1	0	5	15	99090	3	99091	3	99092	3	99091	3	99092	3	4294967295	0	4294967295	0	4294967295	0	4294967295	0	4294967295	0	4294967295	0	4294967295	0	4294967295	0	4294967295	0	4294967295	0	4294967295	0	4294967295	0	4294967295	0	4294967295	0	4294967295	0	
284	Quest 027	1	0	3	9	99093	3	99094	3	99095	3	4294967295	0	4294967295	0	4294967295	0	4294967295	0	4294967295	0	4294967295	0	4294967295	0	4294967295	0	4294967295	0	4294967295	0	4294967295	0	4294967295	0	4294967295	0	4294967295	0	4294967295	0	4294967295	0	4294967295	0	
285	Quest 028	1	0	6	18	99074	3	99075	3	99076	3	99074	3	99075	3	99076	3	4294967295	0	4294967295	0	4294967295	0	4294967295	0	4294967295	0	4294967295	0	4294967295	0	4294967295	0	4294967295	0	4294967295	0	4294967295	0	4294967295	0	4294967295	0	4294967295	0	
286	Quest 029	1	0	5	15	99090	3	99091	3	99092	3	99091	3	99092	3	4294967295	0	4294967295	0	4294967295	0	4294967295	0	4294967295	0	4294967295	0	4294967295	0	4294967295	0	4294967295	0	4294967295	0	4294967295	0	4294967295	0	4294967295	0	4294967295	0	4294967295	0	
287	Quest 030	1	0	3	9	99093	3	99094	3	99095	3	4294967295	0	4294967295	0	4294967295	0	4294967295	0	4294967295	0	4294967295	0	4294967295	0	4294967295	0	4294967295	0	4294967295	0	4294967295	0	4294967295	0	4294967295	0	4294967295	0	4294967295	0	4294967295	0	4294967295	0	
288	Quest 031	1	0	6	18	99074	3	99075	3	99076	3	99074	3	99075	3	99076	3	4294967295	0	4294967295	0	4294967295	0	4294967295	0	4294967295	0	4294967295	0	4294967295	0	4294967295	0	4294967295	0	4294967295	0	4294967295	0	4294967295	0	4294967295	0	4294967295	0	
289	Quest 032	1	0	5	15	99090	3	99091	3	99092	3	99091	3	99092	3	4294967295	0	4294967295	0	4294967295	0	4294967295	0	4294967295	0	4294967295	0	4294967295	0	4294967295	0	4294967295	0	4294967295	0	4294967295	0	4294967295	0	4294967295	0	4294967295	0	4294967295	0	
290	Quest 033	1	0	3	9	99093	3	99094	3	99095	3	4294967295	0	4294967295	0	4294967295	0	4294967295	0	4294967295	0	4294967295	0	4294967295	0	4294967295	0	4294967295	0	4294967295	0	4294967295	0	4294967295	0	4294967295	0	4294967295	0	4294967295	0	4294967295	0	4294967295	0	
291	Quest 034	1	0	6	18	99074	3	99075	3	99076	3	99074	3	99075	3	99076	3	4294967295	0	4294967295	0	4294967295	0	4294967295	0	4294967295	0	4294967295	0	4294967295	0	4294967295	0	4294967295	0	4294967295	0	4294967295	0	4294967295	0	4294967295	0	4294967295	0	
292	Quest 035	1	0	5	15	99090	3	99091	3	99092	3	99091	3	99092	3	4294967295	0	4294967295	0	4294967295	0	4294967295	0	4294967295	0	4294967295	0	4294967295	0	4294967295	0	4294967295	0	4294967295	0	4294967295	0	4294967295	0	4294967295	0	4294967295	0	4294967295	0	
293	Quest 036	1	0	3	9	99093	3	99094	3	99095	3	4294967295	0	4294967295	0	4294967295	0	4294967295	0	4294967295	0	4294967295	0	4294967295	0	4294967295	0	4294967295	0	4294967295	0	4294967295	0	4294967295	0	4294967295	0	4294967295	0	4294967295	0	4294967295	0	4294967295	0	
294	Recipe 001	15	0	6	18	1041030	3	1041031	3	1041034	3	1041035	3	1041037	3	1041038	3	4294967295	0	4294967295	0	4294967295	0	4294967295	0	4294967295	0	4294967295	0	4294967295	0	4294967295	0	4294967295	0	4294967295	0	4294967295	0	4294967295	0	4294967295	0	4294967295	0	
295	Recipe 002	16	0	15	45	4000038	3	4000039	3	4000040	3	4000059	3	4000060	3	4000061	3	4000080	3	4000081	3	4000082	3	4000101	3	4000102	3	4000103	3	4000122	3	4000123	3	4000124	3	4294967295	0	4294967295	0	4294967295	0	4294967295	0	4294967295	0	
296	Recipe 003	16	0	15	45	4000143	3	4000144	3	4000145	3	4000164	3	4000165	3	4000166	3	4000188	3	4000196	3	4000264	3	4000265	3	4000266	3	4000285	3	4000286	3	4000287	3	4000306	3	4294967295	0	4294967295	0	4294967295	0	4294967295	0	4294967295	0	
297	Recipe 004	16	0	16	48	4000307	3	4000308	3	4000327	3	4000328	3	4000329	3	4000348	3	4000349	3	4000350	3	4000369	3	4000370	3	4000371	3	4000390	3	4000391	3	4000392	3	4000414	3	4000422	3	4294967295	0	4294967295	0	4294967295	0	4294967295	0	
298	Recipe 005	21	0	15	45	4000041	3	4000042	3	4000043	3	4000062	3	4000063	3	4000064	3	4000083	3	4000084	3	4000085	3	4000104	3	4000105	3	4000106	3	4000125	3	4000126	3	4000127	3	4294967295	0	4294967295	0	4294967295	0	4294967295	0	4294967295	0	
299	Recipe 006	21	0	15	45	4000146	3	4000147	3	4000148	3	4000167	3	4000168	3	4000169	3	4000189	3	4000197	3	4000267	3	4000268	3	4000269	3	4000288	3	4000289	3	4000290	3	4000309	3	4294967295	0	4294967295	0	4294967295	0	4294967295	0	4294967295	0	
300	Recipe 007	21	0	16	48	4000310	3	4000311	3	4000330	3	4000331	3	4000332	3	4000351	3	4000352	3	4000353	3	4000372	3	4000373	3	4000374	3	4000393	3	4000394	3	4000395	3	4000415	3	4000423	3	4294967295	0	4294967295	0	4294967295	0	4294967295	0	
301	Recipe 008	25	0	3	9	1041032	3	1041036	3	1041039	3	4294967295	0	4294967295	0	4294967295	0	4294967295	0	4294967295	0	4294967295	0	4294967295	0	4294967295	0	4294967295	0	4294967295	0	4294967295	0	4294967295	0	4294967295	0	4294967295	0	4294967295	0	4294967295	0	4294967295	0	
302	Recipe 009	26	0	15	45	4000044	3	4000045	3	4000046	3	4000065	3	4000066	3	4000067	3	4000086	3	4000087	3	4000088	3	4000107	3	4000108	3	4000109	3	4000128	3	4000129	3	4000130	3	4294967295	0	4294967295	0	4294967295	0	4294967295	0	4294967295	0	
303	Recipe 010	26	0	15	45	4000149	3	4000150	3	4000151	3	4000170	3	4000171	3	4000172	3	4000190	3	4000198	3	4000270	3	4000271	3	4000272	3	4000291	3	4000292	3	4000293	3	4000312	3	4294967295	0	4294967295	0	4294967295	0	4294967295	0	4294967295	0	
304	Recipe 011	26	0	16	48	4000313	3	4000314	3	4000333	3	4000334	3	4000335	3	4000354	3	4000355	3	4000356	3	4000375	3	4000376	3	4000377	3	4000396	3	4000397	3	4000398	3	4000416	3	4000424	3	4294967295	0	4294967295	0	4294967295	0	4294967295	0	
305	Recipe 012	30	0	17	51	4000047	3	4000048	3	4000049	3	4000068	3	4000069	3	4000070	3	4000089	3	4000090	3	4000091	3	4000110	3	4000111	3	4000112	3	4000131	3	4000132	3	4000133	3	4000152	3	4000153	3	4294967295	0	4294967295	0	4294967295	0	
306	Recipe 013	30	0	17	51	4000154	3	4000173	3	4000174	3	4000175	3	4000191	3	4000199	3	4000204	3	4000209	3	4000214	3	4000219	3	4000224	3	4000229	3	4000234	3	4000239	3	4000244	3	4000249	3	4000254	3	4294967295	0	4294967295	0	4294967295	0	
307	Recipe 014	30	0	18	54	4000259	3	4000273	3	4000274	3	4000275	3	4000294	3	4000295	3	4000296	3	4000315	3	4000316	3	4000317	3	4000336	3	4000337	3	4000338	3	4000357	3	4000358	3	4000359	3	4000378	3	4000379	3	4294967295	0	4294967295	0	
308	Recipe 015	30	0	18	54	4000380	3	4000399	3	4000400	3	4000401	3	4000417	3	4000425	3	4000430	3	4000435	3	4000440	3	4000445	3	4000450	3	4000455	3	4000460	3	4000465	3	4000470	3	4000475	3	4000480	3	4000485	3	4294967295	0	4294967295	0	
309	Recipe 016	34	0	20	60	4000050	3	4000051	3	4000052	3	4000071	3	4000072	3	4000073	3	4000092	3	4000093	3	4000094	3	4000113	3	4000114	3	4000115	3	4000134	3	4000135	3	4000136	3	4000155	3	4000156	3	4000157	3	4000176	3	4000177	3	
310	Recipe 017	34	0	20	60	4000178	3	4000192	3	4000200	3	4000205	3	4000210	3	4000215	3	4000220	3	4000225	3	4000230	3	4000235	3	4000240	3	4000245	3	4000250	3	4000255	3	4000260	3	4000276	3	4000277	3	4000278	3	4000297	3	4000298	3	
311	Recipe 018	34	0	20	60	4000299	3	4000318	3	4000319	3	4000320	3	4000339	3	4000340	3	4000341	3	4000360	3	4000361	3	4000362	3	4000381	3	4000382	3	4000383	3	4000402	3	4000403	3	4000404	3	4000418	3	4000426	3	4000436	3	4000441	3	
312	Recipe 019	34	0	19	57	4000446	3	4000451	3	4000456	3	4000461	3	4000466	3	4000471	3	4000476	3	4000481	3	4000486	3	4000490	3	4000495	3	4000500	3	4000505	3	4000510	3	4000515	3	4000520	3	4000525	3	4000530	3	4000535	3	4294967295	0	
313	Recipe 020	34	0	19	57	4000540	3	4000545	3	4000550	3	4000555	3	4000560	3	4000565	3	4000570	3	4000575	3	4000580	3	4000585	3	4000590	3	4000595	3	4000600	3	4000605	3	4000610	3	4000615	3	4000620	3	4000625	3	4000635	3	4294967295	0	
314	Recipe 021	35	0	2	6	1041033	3	1041041	3	4294967295	0	4294967295	0	4294967295	0	4294967295	0	4294967295	0	4294967295	0	4294967295	0	4294967295	0	4294967295	0	4294967295	0	4294967295	0	4294967295	0	4294967295	0	4294967295	0	4294967295	0	4294967295	0	4294967295	0	4294967295	0	
315	Recipe 022	38	0	20	60	4000053	3	4000054	3	4000055	3	4000074	3	4000075	3	4000076	3	4000095	3	4000096	3	4000097	3	4000116	3	4000117	3	4000118	3	4000137	3	4000138	3	4000139	3	4000158	3	4000159	3	4000160	3	4000179	3	4000180	3	
316	Recipe 023	38	0	20	60	4000181	3	4000193	3	4000201	3	4000206	3	4000211	3	4000216	3	4000221	3	4000226	3	4000231	3	4000236	3	4000241	3	4000246	3	4000251	3	4000256	3	4000261	3	4000279	3	4000280	3	4000281	3	4000300	3	4000301	3	
317	Recipe 024	38	0	20	60	4000302	3	4000321	3	4000322	3	4000323	3	4000342	3	4000343	3	4000344	3	4000363	3	4000364	3	4000365	3	4000384	3	4000385	3	4000386	3	4000405	3	4000406	3	4000407	3	4000419	3	4000427	3	4000432	3	4000437	3	
318	Recipe 025	38	0	20	60	4000442	3	4000447	3	4000452	3	4000457	3	4000462	3	4000467	3	4000472	3	4000477	3	4000482	3	4000487	3	4000491	3	4000496	3	4000501	3	4000506	3	4000511	3	4000516	3	4000521	3	4000526	3	4000531	3	4000536	3	
319	Recipe 026	38	0	20	60	4000541	3	4000546	3	4000551	3	4000556	3	4000561	3	4000566	3	4000571	3	4000576	3	4000581	3	4000586	3	4000591	3	4000596	3	4000601	3	4000606	3	4000611	3	4000616	3	4000621	3	4000626	3	4000631	3	4000636	3	
320	Recipe 027	42	0	20	60	4000056	3	4000057	3	4000058	3	4000077	3	4000078	3	4000079	3	4000098	3	4000099	3	4000100	3	4000119	3	4000120	3	4000121	3	4000140	3	4000141	3	4000142	3	4000161	3	4000162	3	4000163	3	4000182	3	4000183	3	
321	Recipe 028	42	0	20	60	4000184	3	4000194	3	4000202	3	4000207	3	4000212	3	4000217	3	4000222	3	4000227	3	4000232	3	4000237	3	4000242	3	4000247	3	4000252	3	4000257	3	4000262	3	4000282	3	4000283	3	4000284	3	4000303	3	4000304	3	
322	Recipe 029	42	0	20	60	4000305	3	4000324	3	4000325	3	4000326	3	4000345	3	4000346	3	4000347	3	4000366	3	4000367	3	4000368	3	4000387	3	4000388	3	4000389	3	4000408	3	4000409	3	4000410	3	4000420	3	4000428	3	4000433	3	4000438	3	
323	Recipe 030	42	0	20	60	4000443	3	4000448	3	4000453	3	4000458	3	4000463	3	4000468	3	4000473	3	4000478	3	4000483	3	4000488	3	4000492	3	4000497	3	4000502	3	4000507	3	4000512	3	4000517	3	4000522	3	4000527	3	4000532	3	4000537	3	
324	Recipe 031	42	0	20	60	4000542	3	4000547	3	4000552	3	4000557	3	4000562	3	4000567	3	4000572	3	4000577	3	4000582	3	4000587	3	4000592	3	4000597	3	4000602	3	4000607	3	4000612	3	4000617	3	4000622	3	4000627	3	4000632	3	4000637	3	
325	Recipe 032	46	0	16	48	4000185	3	4000186	3	4000187	3	4000195	3	4000203	3	4000208	3	4000213	3	4000218	3	4000223	3	4000228	3	4000233	3	4000238	3	4000243	3	4000248	3	4000253	3	4000258	3	4294967295	0	4294967295	0	4294967295	0	4294967295	0	
326	Recipe 033	46	0	16	48	4000263	3	4000411	3	4000412	3	4000413	3	4000421	3	4000429	3	4000434	3	4000439	3	4000444	3	4000449	3	4000454	3	4000459	3	4000464	3	4000469	3	4000474	3	4000479	3	4294967295	0	4294967295	0	4294967295	0	4294967295	0	
327	Recipe 034	46	0	16	48	4000484	3	4000489	3	4000493	3	4000498	3	4000503	3	4000508	3	4000513	3	4000518	3	4000523	3	4000528	3	4000533	3	4000538	3	4000543	3	4000548	3	4000553	3	4000558	3	4294967295	0	4294967295	0	4294967295	0	4294967295	0	
328	Recipe 035	46	0	16	48	4000563	3	4000568	3	4000573	3	4000578	3	4000583	3	4000588	3	4000593	3	4000598	3	4000603	3	4000608	3	4000613	3	4000618	3	4000623	3	4000628	3	4000633	3	4000638	3	4294967295	0	4294967295	0	4294967295	0	4294967295	0	
329	Recipe 036	50	0	1	3	1041040	3	4294967295	0	4294967295	0	4294967295	0	4294967295	0	4294967295	0	4294967295	0	4294967295	0	4294967295	0	4294967295	0	4294967295	0	4294967295	0	4294967295	0	4294967295	0	4294967295	0	4294967295	0	4294967295	0	4294967295	0	4294967295	0	4294967295	0	
330	Material 001	4	1	9	27	2961001	3	2962001	3	2963001	3	2964001	3	2965001	3	2966001	3	2967001	3	2968001	3	2969001	3	4294967295	0	4294967295	0	4294967295	0	4294967295	0	4294967295	0	4294967295	0	4294967295	0	4294967295	0	4294967295	0	4294967295	0	4294967295	0	
331	Material 002	14	1	9	27	2961002	3	2962002	3	2963002	3	2964002	3	2965002	3	2966002	3	2967002	3	2968002	3	2969002	3	4294967295	0	4294967295	0	4294967295	0	4294967295	0	4294967295	0	4294967295	0	4294967295	0	4294967295	0	4294967295	0	4294967295	0	4294967295	0	
332	Material 003	24	1	9	27	2961003	3	2962003	3	2963003	3	2964003	3	2965003	3	2966003	3	2967003	3	2968003	3	2969003	3	4294967295	0	4294967295	0	4294967295	0	4294967295	0	4294967295	0	4294967295	0	4294967295	0	4294967295	0	4294967295	0	4294967295	0	4294967295	0	
333	Material 004	34	1	9	27	2961004	3	2962004	3	2963004	3	2964004	3	2965004	3	2966004	3	2967004	3	2968004	3	2969004	3	4294967295	0	4294967295	0	4294967295	0	4294967295	0	4294967295	0	4294967295	0	4294967295	0	4294967295	0	4294967295	0	4294967295	0	4294967295	0	
334	Material 005	44	1	9	27	2961005	3	2962005	3	2963005	3	2964005	3	2965005	3	2966005	3	2967005	3	2968005	3	2969005	3	4294967295	0	4294967295	0	4294967295	0	4294967295	0	4294967295	0	4294967295	0	4294967295	0	4294967295	0	4294967295	0	4294967295	0	4294967295	0	
335	Material 006	54	1	9	27	2961006	3	2962006	3	2963006	3	2964006	3	2965006	3	2966006	3	2967006	3	2968006	3	2969006	3	4294967295	0	4294967295	0	4294967295	0	4294967295	0	4294967295	0	4294967295	0	4294967295	0	4294967295	0	4294967295	0	4294967295	0	4294967295	0	
336	Nest Egg 001	1	0	20	88610	129	6000	130	6000	131	5000	132	5000	133	15000	134	15000	135	12000	136	12000	137	4000	138	3000	139	2000	140	1000	141	800	142	700	143	600	144	500	145	4	146	3	147	2	148	1	
337	SKD1 Material 001	1	0	1	3	7006001	3	4294967295	0	4294967295	0	4294967295	0	4294967295	0	4294967295	0	4294967295	0	4294967295	0	4294967295	0	4294967295	0	4294967295	0	4294967295	0	4294967295	0	4294967295	0	4294967295	0	4294967295	0	4294967295	0	4294967295	0	4294967295	0	4294967295	0	
338	SKD1 Material 002	1	0	1	3	7006002	3	4294967295	0	4294967295	0	4294967295	0	4294967295	0	4294967295	0	4294967295	0	4294967295	0	4294967295	0	4294967295	0	4294967295	0	4294967295	0	4294967295	0	4294967295	0	4294967295	0	4294967295	0	4294967295	0	4294967295	0	4294967295	0	4294967295	0	
339	SKD1 Material 003	1	0	1	3	7006003	3	4294967295	0	4294967295	0	4294967295	0	4294967295	0	4294967295	0	4294967295	0	4294967295	0	4294967295	0	4294967295	0	4294967295	0	4294967295	0	4294967295	0	4294967295	0	4294967295	0	4294967295	0	4294967295	0	4294967295	0	4294967295	0	4294967295	0	
340	SKD1 Material 004	1	0	1	3	7006004	3	4294967295	0	4294967295	0	4294967295	0	4294967295	0	4294967295	0	4294967295	0	4294967295	0	4294967295	0	4294967295	0	4294967295	0	4294967295	0	4294967295	0	4294967295	0	4294967295	0	4294967295	0	4294967295	0	4294967295	0	4294967295	0	4294967295	0	
341	SKD1 Coin 001	1	0	1	3	7008001	3	4294967295	0	4294967295	0	4294967295	0	4294967295	0	4294967295	0	4294967295	0	4294967295	0	4294967295	0	4294967295	0	4294967295	0	4294967295	0	4294967295	0	4294967295	0	4294967295	0	4294967295	0	4294967295	0	4294967295	0	4294967295	0	4294967295	0	
342	SKD1 Coin 002	1	0	1	3	7008002	3	4294967295	0	4294967295	0	4294967295	0	4294967295	0	4294967295	0	4294967295	0	4294967295	0	4294967295	0	4294967295	0	4294967295	0	4294967295	0	4294967295	0	4294967295	0	4294967295	0	4294967295	0	4294967295	0	4294967295	0	4294967295	0	4294967295	0	
343	SKD1 Coin 003	1	0	1	3	7008003	3	4294967295	0	4294967295	0	4294967295	0	4294967295	0	4294967295	0	4294967295	0	4294967295	0	4294967295	0	4294967295	0	4294967295	0	4294967295	0	4294967295	0	4294967295	0	4294967295	0	4294967295	0	4294967295	0	4294967295	0	4294967295	0	4294967295	0	
344	BID 001	70	1	19	57	21000001	3	21001001	3	21002001	3	21003001	3	21004001	3	21005001	3	21006001	3	21008001	3	21008501	3	21009001	3	21009501	3	21010001	3	21010501	3	21011001	3	21011501	3	21013001	3	21013501	3	21014001	3	21014501	3	4294967295	0	
345	BID 003-1	70	1	2	8	31000001	4	31000006	4	4294967295	0	4294967295	0	4294967295	0	4294967295	0	4294967295	0	4294967295	0	4294967295	0	4294967295	0	4294967295	0	4294967295	0	4294967295	0	4294967295	0	4294967295	0	4294967295	0	4294967295	0	4294967295	0	4294967295	0	4294967295	0	
346	BID 003-2	70	0	4	4	31000002	1	31000003	1	31000004	1	31000005	1	4294967295	0	4294967295	0	4294967295	0	4294967295	0	4294967295	0	4294967295	0	4294967295	0	4294967295	0	4294967295	0	4294967295	0	4294967295	0	4294967295	0	4294967295	0	4294967295	0	4294967295	0	4294967295	0	
347	BID 004-1	70	1	2	8	31000007	4	31000008	4	4294967295	0	4294967295	0	4294967295	0	4294967295	0	4294967295	0	4294967295	0	4294967295	0	4294967295	0	4294967295	0	4294967295	0	4294967295	0	4294967295	0	4294967295	0	4294967295	0	4294967295	0	4294967295	0	4294967295	0	4294967295	0	
348	BID 004-2	70	0	12	36	31000009	3	31000010	3	31000011	3	31000012	3	31000013	3	31000014	3	31000015	3	31000016	3	31000017	3	31000018	3	31000019	3	31000020	3	4294967295	0	4294967295	0	4294967295	0	4294967295	0	4294967295	0	4294967295	0	4294967295	0	4294967295	0	
349	BID 004-3	70	1	9	90	11160080	10	11160081	10	11160082	10	11160083	10	11160084	10	11160085	10	11160086	10	11160087	10	11160088	10	4294967295	0	4294967295	0	4294967295	0	4294967295	0	4294967295	0	4294967295	0	4294967295	0	4294967295	0	4294967295	0	4294967295	0	4294967295	0	
350	Dogi Capsule	1	0	1	10	11190005	10	4294967295	0	4294967295	0	4294967295	0	4294967295	0	4294967295	0	4294967295	0	4294967295	0	4294967295	0	4294967295	0	4294967295	0	4294967295	0	4294967295	0	4294967295	0	4294967295	0	4294967295	0	4294967295	0	4294967295	0	4294967295	0	4294967295	0	
351	Dogi Capsule	1	0	1	100	11190005	100	4294967295	0	4294967295	0	4294967295	0	4294967295	0	4294967295	0	4294967295	0	4294967295	0	4294967295	0	4294967295	0	4294967295	0	4294967295	0	4294967295	0	4294967295	0	4294967295	0	4294967295	0	4294967295	0	4294967295	0	4294967295	0	4294967295	0	
352	BID 003-2	75	1	2	8	31000001	4	31000006	4	4294967295	0	4294967295	0	4294967295	0	4294967295	0	4294967295	0	4294967295	0	4294967295	0	4294967295	0	4294967295	0	4294967295	0	4294967295	0	4294967295	0	4294967295	0	4294967295	0	4294967295	0	4294967295	0	4294967295	0	4294967295	0	
353	BID 000	70	1	19	57	11160048	3	11160049	3	11160050	3	11160051	3	11160052	3	11160053	3	11160054	3	11160055	3	11160056	3	11160057	3	11160058	3	11160059	3	11160060	3	11160061	3	11160062	3	11160063	3	11160064	3	11160065	3	11160066	3	4294967295	0	
354	BID 000	70	0	12	38	7001414	3	7001415	3	7001416	3	7001417	3	7001418	3	7001419	3	7001420	3	7001421	3	7001422	3	7001423	3	7001424	3	7001425	3	0	0	0	0	0	0	0	0	0	0	0	0	0	0	0	0	
355	BID 000	70	1	2	8	7001403	4	11160067	4	4294967295	0	4294967295	0	4294967295	0	4294967295	0	4294967295	0	4294967295	0	4294967295	0	4294967295	0	4294967295	0	4294967295	0	4294967295	0	4294967295	0	4294967295	0	4294967295	0	4294967295	0	4294967295	0	4294967295	0	4294967295	0	
356	Stones	1	0	5	500	11160090	1	11160089	1	4294967295	1	4294967295	1	4294967295	1	4294967295	0	4294967295	0	4294967295	0	4294967295	0	4294967295	0	4294967295	0	4294967295	0	4294967295	0	4294967295	0	4294967295	0	4294967295	0	4294967295	0	4294967295	0	4294967295	0	4294967295	0	
357	BID 003-2	75	1	1	4	11160093	4	4294967295	0	4294967295	0	4294967295	0	4294967295	0	4294967295	0	4294967295	0	4294967295	0	4294967295	0	4294967295	0	4294967295	0	4294967295	0	4294967295	0	4294967295	0	4294967295	0	4294967295	0	4294967295	0	4294967295	0	4294967295	0	4294967295	0	
358	World Boss	75	1	1	4	21110001	4	4294967295	0	4294967295	0	4294967295	0	4294967295	0	4294967295	0	4294967295	0	4294967295	0	4294967295	0	4294967295	0	4294967295	0	4294967295	0	4294967295	0	4294967295	0	4294967295	0	4294967295	0	4294967295	0	4294967295	0	4294967295	0	4294967295	0	
359	World Boss	75	1	1	4	11120092	4	4294967295	0	4294967295	0	4294967295	0	4294967295	0	4294967295	0	4294967295	0	4294967295	0	4294967295	0	4294967295	0	4294967295	0	4294967295	0	4294967295	0	4294967295	0	4294967295	0	4294967295	0	4294967295	0	4294967295	0	4294967295	0	4294967295	0	
360	U_UD4(N) 1	51	1	1	3	21110021	3	4294967295	0	4294967295	0	4294967295	0	4294967295	0	4294967295	0	4294967295	0	4294967295	0	4294967295	0	4294967295	0	4294967295	0	4294967295	0	4294967295	0	4294967295	0	4294967295	0	4294967295	0	4294967295	0	4294967295	0	4294967295	0	4294967295	0	
361	U_UD4(N) 1	51	1	1	3	21110021	3	4294967295	0	4294967295	0	4294967295	0	4294967295	0	4294967295	0	4294967295	0	4294967295	0	4294967295	0	4294967295	0	4294967295	0	4294967295	0	4294967295	0	4294967295	0	4294967295	0	4294967295	0	4294967295	0	4294967295	0	4294967295	0	4294967295	0	
362	BID 003-2	75	1	2	4	11160092	4	11160091	0	4294967295	0	4294967295	0	4294967295	0	4294967295	0	4294967295	0	4294967295	0	4294967295	0	4294967295	0	4294967295	0	4294967295	0	4294967295	0	4294967295	0	4294967295	0	4294967295	0	4294967295	0	4294967295	0	4294967295	0	4294967295	0	
