1	1	2	1000	ACT_SOC_ICO_001.png	11000	1	255	
2	1	2	1001	ACT_SOC_ICO_002.png	11001	2	255	
3	1	2	1002	ACT_SOC_ICO_003.png	11002	3	255	
4	1	2	1003	ACT_SOC_ICO_004.png	11003	4	255	
5	1	2	1004	ACT_SOC_ICO_005.png	11004	5	255	
6	1	2	1005	ACT_SOC_ICO_006.png	11005	6	255	
7	1	2	1006	ACT_SOC_ICO_007.png	11006	7	255	
8	1	2	1007	ACT_SOC_ICO_008.png	11007	8	255	
9	1	2	1008	ACT_SOC_ICO_009.png	11008	9	255	
10	1	2	1009	ACT_SOC_ICO_010.png	11009	10	255	
12	1	2	1011	ACT_SOC_ICO_012.png	11011	12	255	
13	1	2	1012	ACT_SOC_ICO_013.png	11012	13	255	
14	1	2	1013	ACT_SOC_ICO_014.png	11013	14	255	
15	1	2	1014	ACT_SOC_ICO_015.png	11014	15	255	
16	1	2	1015	ACT_SOC_ICO_011.png	11015	16	7	
100	1	1	100001	ACT_ETC_ICO_001.png	1100001	4294967295	0	
101	1	1	100002	ACT_ETC_ICO_002.png	1100002	4294967295	1	
102	1	1	100003	ACT_ETC_ICO_003.png	1100003	4294967295	2	
103	1	1	100004	ACT_ETC_ICO_004.png	1100004	4294967295	3	
104	1	1	100005	ACT_ETC_ICO_005.png	1100005	4294967295	4	
105	1	1	100006	ACT_ETC_ICO_006.png	1100006	4294967295	5	
106	1	1	100007	ACT_ETC_ICO_007.png	1100007	4294967295	6	
