1211101	1	1	
1211102	1	1	
1211103	1	1	
1211104	1	1	
1211105	1	1	
1211106	1	1	
1212101	1	1	
1212102	1	1	
1212103	1	1	
1213101	1	1	
1213102	1	1	
1213103	1	1	
1411101	1	1	
1411102	1	1	
1411103	1	1	
1411104	1	1	
1411105	1	1	
1411106	1	1	
1412101	1	1	
1412102	1	1	
1412103	1	1	
1412104	1	1	
1412105	1	1	
1412106	1	1	
1412107	1	1	
1412108	1	1	
1412109	1	1	
1412110	1	1	
1412111	1	1	
1412112	1	1	
1412113	1	1	
1412114	1	1	
1412115	1	1	
1412116	1	1	
1412117	1	1	
1412118	1	1	
1412119	1	1	
1412120	1	1	
1412121	1	1	
1412122	1	1	
1412123	1	1	
1412124	1	1	
1412125	1	1	
1412126	1	1	
1412127	1	1	
1413101	1	1	
1413102	1	1	
1413103	1	1	
1413104	1	1	
1413105	1	1	
1413106	1	1	
1413107	1	1	
1413108	1	1	
1413109	1	1	
1413110	1	1	
1413111	1	1	
1413112	1	1	
1413113	1	1	
1413114	1	1	
1413115	1	1	
1413116	1	1	
1413117	1	1	
1413118	1	1	
1414104	1	1	
1414105	1	1	
1414106	1	1	
1414107	1	1	
1414108	1	1	
1414109	1	1	
1414110	1	1	
1414111	1	1	
1414112	1	1	
1414113	1	1	
1414114	1	1	
1414115	1	1	
1414116	1	1	
1414117	1	1	
1414118	1	1	
1414119	1	1	
1415101	1	1	
1415102	1	1	
1415103	1	1	
1415104	1	1	
1415105	1	1	
1415106	1	1	
1415107	1	1	
1415108	1	1	
1415109	1	1	
1415110	1	1	
1415111	1	1	
1415112	1	1	
1415113	1	1	
1415114	1	1	
1415115	1	1	
1415116	1	1	
1415117	1	1	
1415118	1	1	
1415149	1	1	
1415150	1	1	
1415151	1	1	
1415201	1	1	
1415202	1	1	
1415203	1	1	
1415204	1	1	
1415205	1	1	
1415206	1	1	
1415207	1	1	
1415208	1	1	
1415209	1	1	
1415210	1	1	
1416101	1	1	
1416102	1	1	
1416103	1	1	
1511101	1	1	
1511102	1	1	
1511103	1	1	
1511104	1	1	
1511105	1	1	
1511106	1	1	
1511107	1	1	
1511108	1	1	
1511109	1	1	
1511110	1	1	
1511111	1	1	
1511112	1	1	
1511113	1	1	
1511114	1	1	
1511115	1	1	
1511116	1	1	
1511119	1	1	
1511122	1	1	
1511123	1	1	
1511124	1	1	
1511125	1	1	
1511126	1	1	
1511127	1	1	
1511128	1	1	
1511129	1	1	
1511130	1	1	
1511131	1	1	
1511134	1	1	
1512101	1	1	
1512102	1	1	
1512103	1	1	
1512104	1	1	
1512105	1	1	
1512106	1	1	
1512107	1	1	
1512108	1	1	
1512109	1	1	
1512110	1	1	
1512111	1	1	
1512112	1	1	
1512113	1	1	
1512114	1	1	
1512115	1	1	
1512116	1	1	
1512117	1	1	
1512118	1	1	
1512119	1	1	
1512120	1	1	
1512121	1	1	
1512122	1	1	
1512123	1	1	
1512124	1	1	
1512125	1	1	
1512126	1	1	
1512127	1	1	
1512128	1	1	
1512129	1	1	
1512130	1	1	
1512131	1	1	
1512132	1	1	
1512133	1	1	
1512134	1	1	
1512135	1	1	
1512136	1	1	
1512137	1	1	
1512138	1	1	
1512139	1	1	
1513101	1	1	
1513102	1	1	
1513103	1	1	
1513104	1	1	
1513105	1	1	
1513106	1	1	
1513107	1	1	
1513108	1	1	
1513109	1	1	
1513110	1	1	
1513111	1	1	
1513112	1	1	
1513113	1	1	
1513114	1	1	
1513115	1	1	
1513116	1	1	
1513117	1	1	
1513118	1	1	
1513119	1	1	
1513120	1	1	
1513121	1	1	
1513122	1	1	
1513123	1	1	
1513124	1	1	
1513125	1	1	
1513126	1	1	
1513127	1	1	
1513128	1	1	
1513129	1	1	
1513130	1	1	
1513131	1	1	
1513132	1	1	
1513133	1	1	
1513134	1	1	
1513135	1	1	
1513136	1	1	
1513137	1	1	
1514101	1	1	
1514102	1	1	
1514103	1	1	
1514107	1	1	
1514108	1	1	
1514109	1	1	
1515101	1	1	
1515104	1	1	
1515107	1	1	
1515110	1	1	
1541101	1	1	
1541102	1	1	
1541103	1	1	
1581101	1	1	
1581102	1	1	
1581103	1	1	
1581104	1	1	
1581105	1	1	
1581106	1	1	
1581107	1	1	
1581201	1	1	
1581202	1	1	
1581203	1	1	
1581204	1	1	
1581205	1	1	
1581206	1	1	
1581301	1	1	
1581302	1	1	
1581303	1	1	
1581401	1	1	
1581402	1	1	
1581403	1	1	
1581501	1	1	
1581502	1	1	
1581503	1	1	
1591101	1	1	
1591102	1	1	
1591103	1	1	
1612101	1	1	
1612102	1	1	
1612103	1	1	
1612104	1	1	
1612105	1	1	
1612106	1	1	
1612107	1	1	
1612108	1	1	
1612109	1	1	
1612110	1	1	
1612111	1	1	
1612112	1	1	
1612113	1	1	
1612114	1	1	
1612115	1	1	
1631101	1	1	
1631102	1	1	
1631103	1	1	
1631104	1	1	
1631105	1	1	
1631106	1	1	
1631107	1	1	
1631108	1	1	
1631109	1	1	
1633101	1	1	
1633102	1	1	
1633103	1	1	
1633104	1	1	
1633105	1	1	
1633106	1	1	
1633107	1	1	
1633108	1	1	
1633109	1	1	
1633110	1	1	
1633111	1	1	
1633112	1	1	
1633113	1	1	
1651101	1	1	
1651102	1	1	
1651103	1	1	
1651104	1	1	
1651105	1	1	
1651106	1	1	
1651107	1	1	
1651108	1	1	
1651109	1	1	
1651110	1	1	
1651111	1	1	
1651112	1	1	
1651113	1	1	
1651114	1	1	
1651115	1	1	
1651116	1	1	
1651117	1	1	
1651118	1	1	
1651119	1	1	
1651120	1	1	
1651121	1	1	
1651122	1	1	
1651123	1	1	
1651124	1	1	
1651125	1	1	
1651126	1	1	
1651127	1	1	
1651201	1	1	
1651202	1	1	
1651203	1	1	
1651204	1	1	
1651301	1	1	
1651302	1	1	
1651303	1	1	
1652101	1	1	
1652102	1	1	
1652103	1	1	
1652104	1	1	
1652105	1	1	
1652106	1	1	
1652107	1	1	
1652108	1	1	
1652109	1	1	
1652110	1	1	
1652111	1	1	
1652112	1	1	
1652113	1	1	
1652114	1	1	
1652115	1	1	
1652116	1	1	
1652117	1	1	
1652118	1	1	
1652119	1	1	
1652201	1	1	
1652202	1	1	
1652203	1	1	
1653101	1	1	
1653102	1	1	
1653103	1	1	
1655101	1	1	
1655102	1	1	
1655103	1	1	
1656101	1	1	
1656102	1	1	
1656103	1	1	
1656104	1	1	
1656107	1	1	
1656110	1	1	
1662101	1	1	
1662102	1	1	
1662103	1	1	
1662104	1	1	
1663101	1	1	
1663102	1	1	
1663103	1	1	
1681101	1	1	
1681102	1	1	
1681103	1	1	
1681104	1	1	
1681105	1	1	
1681106	1	1	
1681107	1	1	
1691101	1	1	
1711101	1	1	
1711102	1	1	
1711103	1	1	
1711104	1	1	
1711105	1	1	
1711106	1	1	
1711107	1	1	
1711108	1	1	
1711109	1	1	
1711110	1	1	
1711111	1	1	
1711112	1	1	
1711113	1	1	
1711114	1	1	
1711115	1	1	
1711116	1	1	
1711117	1	1	
1711118	1	1	
1711119	1	1	
1711120	1	1	
1711121	1	1	
1711122	1	1	
1711123	1	1	
1711124	1	1	
1711125	1	1	
1711126	1	1	
1711127	1	1	
1711128	1	1	
1711129	1	1	
1711130	1	1	
1711131	1	1	
1711132	1	1	
1711133	1	1	
1712101	1	1	
1712102	1	1	
1712103	1	1	
1712104	1	1	
1712105	1	1	
1712106	1	1	
1712107	1	1	
1712108	1	1	
1712109	1	1	
1712110	1	1	
1712111	1	1	
1712112	1	1	
1712113	1	1	
1712114	1	1	
1712115	1	1	
1712116	1	1	
1712117	1	1	
1712118	1	1	
1712119	1	1	
1712120	1	1	
1712121	1	1	
1712122	1	1	
1712123	1	1	
1712124	1	1	
1712125	1	1	
1712201	1	1	
1712202	1	1	
1712203	1	1	
1712204	1	1	
1712205	1	1	
1712206	1	1	
1712207	1	1	
1712208	1	1	
1712209	1	1	
1712210	1	1	
1712211	1	1	
1712212	1	1	
1712213	1	1	
1712214	1	1	
1712215	1	1	
1712216	1	1	
1712217	1	1	
1712218	1	1	
1712219	1	1	
1712220	1	1	
1712221	1	1	
1712222	1	1	
1712223	1	1	
1712224	1	1	
1712225	1	1	
1712226	1	1	
1712227	1	1	
1712228	1	1	
1712229	1	1	
1712230	1	1	
1712231	1	1	
1712232	1	1	
1712233	1	1	
1712234	1	1	
1712235	1	1	
1712236	1	1	
1712237	1	1	
1712238	1	1	
1712239	1	1	
1712240	1	1	
1712241	1	1	
1712242	1	1	
1712243	1	1	
1712244	1	1	
1712245	1	1	
1712246	1	1	
1712247	1	1	
1712248	1	1	
1712249	1	1	
1712250	1	1	
1712251	1	1	
1712252	1	1	
1712253	1	1	
1712254	1	1	
1712255	1	1	
1712256	1	1	
1712257	1	1	
1713101	1	1	
1713102	1	1	
1713103	1	1	
1713104	1	1	
1713105	1	1	
1713106	1	1	
1713107	1	1	
1713108	1	1	
1713109	1	1	
1713110	1	1	
1713111	1	1	
1713112	1	1	
1713113	1	1	
1713114	1	1	
1713115	1	1	
1713116	1	1	
1713117	1	1	
1713118	1	1	
1713119	1	1	
1713120	1	1	
1713121	1	1	
1713122	1	1	
1713123	1	1	
1713124	1	1	
1713125	1	1	
1713128	1	1	
1713129	1	1	
1713130	1	1	
1713131	1	1	
1713132	1	1	
1713133	1	1	
1713134	1	1	
1713135	1	1	
1713136	1	1	
1713137	1	1	
1713138	1	1	
1713139	1	1	
1713140	1	1	
1713141	1	1	
1713142	1	1	
1713143	1	1	
1713144	1	1	
1713145	1	1	
1713146	1	1	
1713147	1	1	
1713148	1	1	
1713149	1	1	
1713150	1	1	
1713151	1	1	
1713152	1	1	
1713153	1	1	
1713154	1	1	
1713155	1	1	
1713156	1	1	
1713157	1	1	
1713158	1	1	
1713159	1	1	
1713160	1	1	
1713161	1	1	
1713162	1	1	
1713163	1	1	
1713164	1	1	
1713165	1	1	
1713166	1	1	
1713167	1	1	
1713170	1	1	
1714101	1	1	
1714102	1	1	
1714103	1	1	
1714104	1	1	
1714105	1	1	
1714106	1	1	
1714107	1	1	
1714108	1	1	
1714109	1	1	
1714110	1	1	
1714111	1	1	
1714112	1	1	
1714113	1	1	
1714116	1	1	
1715101	1	1	
1715104	1	1	
1715107	1	1	
1715110	1	1	
1715113	1	1	
1751201	1	1	
1751202	1	1	
1751203	1	1	
1751204	1	1	
1751205	1	1	
1751206	1	1	
1751207	1	1	
1751208	1	1	
1751209	1	1	
1751210	1	1	
1751211	1	1	
1751212	1	1	
1751213	1	1	
1751214	1	1	
1751215	1	1	
1751216	1	1	
1751217	1	1	
1751218	1	1	
1751219	1	1	
1751220	1	1	
1751221	1	1	
1751222	1	1	
1751223	1	1	
1751224	1	1	
1751225	1	1	
1751226	1	1	
1751227	1	1	
1751228	1	1	
1751229	1	1	
1751230	1	1	
1751231	1	1	
1751232	1	1	
1751233	1	1	
1751234	1	1	
1751235	1	1	
1751301	1	1	
1751302	1	1	
1751401	1	1	
1751402	1	1	
1751403	1	1	
1752101	1	1	
1752102	1	1	
1752103	1	1	
1753101	1	1	
1753104	1	1	
1753201	1	1	
1753301	1	1	
1753302	1	1	
1753303	1	1	
1753304	1	1	
1753305	1	1	
1753307	1	1	
1753310	1	1	
1753313	1	1	
1753314	1	1	
1753315	1	1	
1754101	1	1	
1754102	1	1	
1754103	1	1	
1754104	1	1	
1754105	1	1	
1754106	1	1	
1754107	1	1	
1754108	1	1	
1754109	1	1	
1754110	1	1	
1754111	1	1	
1754112	1	1	
1754113	1	1	
1754114	1	1	
1754115	1	1	
1754116	1	1	
1754117	1	1	
1754118	1	1	
1754119	1	1	
1754120	1	1	
1754121	1	1	
1754122	1	1	
1754123	1	1	
1754124	1	1	
1754125	1	1	
1754126	1	1	
1754127	1	1	
1754128	1	1	
1754201	1	1	
1754202	1	1	
1755101	1	1	
1755102	1	1	
1755201	1	1	
1755301	1	1	
1755302	1	1	
1756201	1	1	
1756202	1	1	
1756203	1	1	
1756204	1	1	
1756205	1	1	
1756206	1	1	
1756207	1	1	
1756208	1	1	
1757101	1	1	
1757102	1	1	
1757103	1	1	
1757104	1	1	
1757105	1	1	
1757106	1	1	
1758101	1	1	
1758102	1	1	
1758103	1	1	
1758104	1	1	
1758105	1	1	
1758106	1	1	
1758107	1	1	
1758108	1	1	
1758201	1	1	
1758202	1	1	
1758301	1	1	
1758304	1	1	
1758307	1	1	
1758310	1	1	
1758311	1	1	
1758312	1	1	
1758401	1	1	
1759101	1	1	
1759102	1	1	
1759103	1	1	
1759104	1	1	
1759105	1	1	
1759106	1	1	
1759107	1	1	
1759108	1	1	
1759201	1	1	
1759202	1	1	
1759203	1	1	
1759204	1	1	
1759205	1	1	
1759206	1	1	
1759207	1	1	
1759208	1	1	
1759209	1	1	
1759301	1	1	
1759302	1	1	
1759303	1	1	
1759304	1	1	
1759305	1	1	
1759306	1	1	
1759307	1	1	
1759308	1	1	
1759401	1	1	
1759402	1	1	
1759501	1	1	
1759502	1	1	
1759503	1	1	
1760101	1	1	
1760201	1	1	
1760202	1	1	
1760203	1	1	
1760204	1	1	
1760205	1	1	
1760206	1	1	
1760207	1	1	
1760208	1	1	
1760209	1	1	
1760210	1	1	
1760211	1	1	
1760212	1	1	
1760213	1	1	
1760214	1	1	
1760215	1	1	
1760216	1	1	
1760217	1	1	
1760218	1	1	
1760219	1	1	
1760220	1	1	
1760221	1	1	
1760222	1	1	
1760223	1	1	
1760224	1	1	
1760225	1	1	
1760226	1	1	
1760227	1	1	
1760228	1	1	
1760301	1	1	
1760302	1	1	
1760303	1	1	
1760401	1	1	
1760402	1	1	
1760403	1	1	
1760404	1	1	
1760405	1	1	
1760406	1	1	
1760407	1	1	
1760408	1	1	
1760409	1	1	
1760410	1	1	
1760411	1	1	
1760412	1	1	
1760413	1	1	
1760414	1	1	
1760415	1	1	
1761101	1	1	
1761104	1	1	
1762101	1	1	
1762102	1	1	
1762103	1	1	
1762201	1	1	
1762202	1	1	
1762203	1	1	
1762204	1	1	
1762205	1	1	
1762206	1	1	
1762301	1	1	
1762302	1	1	
1762303	1	1	
1762304	1	1	
1762305	1	1	
1762306	1	1	
1781104	1	1	
1781105	1	1	
1781106	1	1	
1781107	1	1	
1781108	1	1	
1781109	1	1	
1781110	1	1	
1781111	1	1	
1781112	1	1	
1781113	1	1	
1781114	1	1	
1781115	1	1	
1781116	1	1	
1781117	1	1	
1781118	1	1	
1781119	1	1	
1781122	1	1	
1781125	1	1	
1782104	1	1	
1782105	1	1	
1782106	1	1	
1782107	1	1	
1782108	1	1	
1782109	1	1	
1782110	1	1	
1782111	1	1	
1782112	1	1	
1782113	1	1	
1783104	1	1	
1783105	1	1	
1783106	1	1	
1783107	1	1	
1783108	1	1	
1783109	1	1	
1783110	1	1	
1811101	1	1	
1811102	1	1	
1811103	1	1	
1811104	1	1	
1811105	1	1	
1811106	1	1	
1811119	1	1	
1811120	1	1	
1811121	1	1	
1811122	1	1	
1811123	1	1	
1811124	1	1	
1811125	1	1	
1811126	1	1	
1811127	1	1	
1812101	1	1	
1812102	1	1	
1812103	1	1	
1812104	1	1	
1812105	1	1	
1812106	1	1	
1812107	1	1	
1812108	1	1	
1812109	1	1	
1812110	1	1	
1812111	1	1	
1812112	1	1	
1812113	1	1	
1812114	1	1	
1812115	1	1	
1812116	1	1	
1812117	1	1	
1812118	1	1	
1813101	1	1	
1813102	1	1	
1813103	1	1	
1813104	1	1	
1813105	1	1	
1813106	1	1	
1813107	1	1	
1813108	1	1	
1813109	1	1	
1813110	1	1	
1813111	1	1	
1813112	1	1	
1813113	1	1	
1813114	1	1	
1813115	1	1	
1814101	1	1	
1814102	1	1	
1814103	1	1	
1814104	1	1	
1814105	1	1	
1814106	1	1	
1814107	1	1	
1814108	1	1	
1814109	1	1	
1814110	1	1	
1815101	1	1	
1815102	1	1	
1815103	1	1	
1815104	1	1	
1815105	1	1	
1815106	1	1	
1815107	1	1	
1815108	1	1	
1815109	1	1	
1815110	1	1	
1815111	1	1	
1815112	1	1	
1815113	1	1	
1815114	1	1	
1815115	1	1	
1815116	1	1	
1815117	1	1	
1815118	1	1	
1815119	1	1	
1815120	1	1	
1815121	1	1	
1815122	1	1	
1815123	1	1	
1815124	1	1	
1815125	1	1	
1815126	1	1	
1815127	1	1	
1815128	1	1	
1815129	1	1	
1815130	1	1	
1815131	1	1	
1821107	1	1	
1821108	1	1	
1821109	1	1	
1821110	1	1	
1821111	1	1	
1821112	1	1	
1821113	1	1	
1821114	1	1	
1821115	1	1	
1821116	1	1	
1821117	1	1	
1821118	1	1	
1831101	1	1	
1831104	1	1	
1831107	1	1	
1831110	1	1	
1831201	1	1	
1831204	1	1	
1831207	1	1	
1831210	1	1	
1831301	1	1	
1831304	1	1	
1831307	1	1	
1831310	1	1	
1831401	1	1	
1831404	1	1	
1832107	1	1	
1832110	1	1	
1832113	1	1	
1832116	1	1	
1832119	1	1	
1832122	1	1	
1832201	1	1	
1832204	1	1	
1833107	1	1	
1833110	1	1	
1833113	1	1	
1833201	1	1	
1833204	1	1	
1833207	1	1	
1833210	1	1	
1881104	1	1	
1881105	1	1	
1881106	1	1	
1881107	1	1	
1881110	1	1	
1881111	1	1	
1881112	1	1	
1881113	1	1	
1881114	1	1	
1881115	1	1	
1881201	1	1	
1881202	1	1	
1881203	1	1	
1881204	1	1	
1881205	1	1	
1881206	1	1	
1881207	1	1	
1881210	1	1	
2001501	1	1	
2001502	1	1	
2001503	1	1	
2001504	1	1	
2001507	1	1	
2131101	1	1	
2131102	1	1	
2131103	1	1	
2131104	1	1	
2131105	1	1	
2131106	1	1	
2131107	1	1	
2131108	1	1	
2131109	1	1	
2131110	1	1	
2131111	1	1	
2131112	1	1	
2131113	1	1	
2131114	1	1	
2131115	1	1	
2131116	1	1	
2131117	1	1	
2131118	1	1	
2131119	1	1	
2131120	1	1	
2131121	1	1	
2131122	1	1	
2131123	1	1	
2131124	1	1	
2131125	1	1	
2131126	1	1	
2131127	1	1	
2131128	1	1	
2131129	1	1	
2131130	1	1	
2131131	1	1	
2131132	1	1	
2131133	1	1	
2131134	1	1	
2131135	1	1	
2131136	1	1	
2131137	1	1	
2131138	1	1	
2131139	1	1	
2131140	1	1	
2131141	1	1	
2131142	1	1	
2131143	1	1	
2131144	1	1	
2131145	1	1	
2131146	1	1	
2131147	1	1	
2131148	1	1	
2131149	1	1	
2131150	1	1	
2131151	1	1	
2131152	1	1	
2131153	1	1	
2131154	1	1	
2131155	1	1	
2131156	1	1	
2131157	1	1	
2131158	1	1	
2131159	1	1	
2131160	1	1	
2131161	1	1	
2131162	1	1	
2131163	1	1	
2131164	1	1	
2131201	1	1	
2131202	1	1	
2131203	1	1	
2131204	1	1	
2131205	1	1	
2131206	1	1	
2132101	1	1	
2132102	1	1	
2132103	1	1	
2132104	1	1	
2132105	1	1	
2132106	1	1	
2132107	1	1	
2132108	1	1	
2132109	1	1	
2132110	1	1	
2132111	1	1	
2132112	1	1	
2132113	1	1	
2132114	1	1	
2132115	1	1	
2132116	1	1	
2132117	1	1	
2132118	1	1	
2132119	1	1	
2132120	1	1	
2132121	1	1	
2132122	1	1	
2132123	1	1	
2132124	1	1	
2132125	1	1	
2132128	1	1	
2132129	1	1	
2132130	1	1	
2132131	1	1	
2132132	1	1	
2132133	1	1	
2132134	1	1	
2132135	1	1	
2132136	1	1	
2132137	1	1	
2132138	1	1	
2132139	1	1	
2132140	1	1	
2132141	1	1	
2132142	1	1	
2132143	1	1	
2132144	1	1	
2132145	1	1	
2132146	1	1	
2132147	1	1	
2132148	1	1	
2132149	1	1	
2132150	1	1	
2132151	1	1	
2132152	1	1	
2132153	1	1	
2132154	1	1	
2132155	1	1	
2132158	1	1	
2133101	1	1	
2133102	1	1	
2133103	1	1	
2133104	1	1	
2133105	1	1	
2133106	1	1	
2133107	1	1	
2133108	1	1	
2133109	1	1	
2133110	1	1	
2133111	1	1	
2133112	1	1	
2133113	1	1	
2133114	1	1	
2133115	1	1	
2133116	1	1	
2133117	1	1	
2133118	1	1	
2133119	1	1	
2133120	1	1	
2133121	1	1	
2133122	1	1	
2133123	1	1	
2133124	1	1	
2133125	1	1	
2133126	1	1	
2133127	1	1	
2133128	1	1	
2133129	1	1	
2133130	1	1	
2133131	1	1	
2133132	1	1	
2133133	1	1	
2133134	1	1	
2133135	1	1	
2133136	1	1	
2133137	1	1	
2133138	1	1	
2133139	1	1	
2134101	1	1	
2134102	1	1	
2134103	1	1	
2311101	1	1	
2311102	1	1	
2311103	1	1	
2311104	1	1	
2311105	1	1	
2311106	1	1	
2311107	1	1	
2311108	1	1	
2311109	1	1	
2311110	1	1	
2311111	1	1	
2311112	1	1	
2311113	1	1	
2311114	1	1	
2311115	1	1	
2311116	1	1	
2311117	1	1	
2311118	1	1	
2311119	1	1	
2311201	1	1	
2312101	1	1	
2312102	1	1	
2312103	1	1	
2312104	1	1	
2312105	1	1	
2312106	1	1	
2312107	1	1	
2312108	1	1	
2312109	1	1	
2312116	1	1	
2312117	1	1	
2312118	1	1	
2312119	1	1	
2312120	1	1	
2312121	1	1	
2312122	1	1	
2312123	1	1	
2312124	1	1	
2312125	1	1	
2312126	1	1	
2312127	1	1	
2312128	1	1	
2312129	1	1	
2312130	1	1	
2312131	1	1	
2312132	1	1	
2312133	1	1	
2312134	1	1	
2312135	1	1	
2312136	1	1	
2312137	1	1	
2312138	1	1	
2312139	1	1	
2313101	1	1	
2313102	1	1	
2313103	1	1	
2313104	1	1	
2313105	1	1	
2313106	1	1	
2313107	1	1	
2313108	1	1	
2313109	1	1	
2313110	1	1	
2313111	1	1	
2313112	1	1	
2313113	1	1	
2313114	1	1	
2313115	1	1	
2313116	1	1	
2313117	1	1	
2313118	1	1	
2313119	1	1	
2313120	1	1	
2313121	1	1	
2321101	1	1	
2321102	1	1	
2321103	1	1	
2451101	1	1	
2451102	1	1	
2451103	1	1	
2471101	1	1	
2471102	1	1	
2471103	1	1	
2481101	1	1	
2481102	1	1	
2481103	1	1	
2531101	1	1	
2531104	1	1	
2531105	1	1	
2531106	1	1	
2581101	1	1	
2581102	1	1	
2581103	1	1	
2611101	1	1	
2611102	1	1	
2611103	1	1	
2611104	1	1	
2611105	1	1	
2611106	1	1	
2611107	1	1	
2611108	1	1	
2611109	1	1	
2611110	1	1	
2611111	1	1	
2611112	1	1	
2611113	1	1	
2611114	1	1	
2611115	1	1	
2611116	1	1	
2611117	1	1	
2611118	1	1	
2611119	1	1	
2611120	1	1	
2611121	1	1	
2611122	1	1	
2611123	1	1	
2611124	1	1	
2611125	1	1	
2611126	1	1	
2611127	1	1	
2611128	1	1	
2611129	1	1	
2611130	1	1	
2611131	1	1	
2611132	1	1	
2611133	1	1	
2611134	1	1	
2611135	1	1	
2611136	1	1	
2611137	1	1	
2611138	1	1	
2611139	1	1	
2611140	1	1	
2611141	1	1	
2611142	1	1	
2611143	1	1	
2611146	1	1	
2611147	1	1	
2611148	1	1	
2611149	1	1	
2611150	1	1	
2611151	1	1	
2611152	1	1	
2611153	1	1	
2611154	1	1	
2611155	1	1	
2611156	1	1	
2611157	1	1	
2611158	1	1	
2612101	1	1	
2612102	1	1	
2612103	1	1	
2612104	1	1	
2612105	1	1	
2612106	1	1	
2612107	1	1	
2612108	1	1	
2612109	1	1	
2612110	1	1	
2612111	1	1	
2612112	1	1	
2612113	1	1	
2612114	1	1	
2612115	1	1	
2612116	1	1	
2612117	1	1	
2612118	1	1	
2612119	1	1	
2612120	1	1	
2612121	1	1	
2612122	1	1	
2612123	1	1	
2612124	1	1	
2612125	1	1	
2612126	1	1	
2612127	1	1	
2612128	1	1	
2612129	1	1	
2612130	1	1	
2612131	1	1	
2612132	1	1	
2612133	1	1	
2612134	1	1	
2612135	1	1	
2612136	1	1	
2612137	1	1	
2612138	1	1	
2612139	1	1	
2612140	1	1	
2612141	1	1	
2612142	1	1	
2612143	1	1	
2612144	1	1	
2612145	1	1	
2612146	1	1	
2612147	1	1	
2612148	1	1	
2612149	1	1	
2612150	1	1	
2612151	1	1	
2612152	1	1	
2612153	1	1	
2612154	1	1	
2612155	1	1	
2612156	1	1	
2612157	1	1	
2612158	1	1	
2612159	1	1	
2612160	1	1	
2612161	1	1	
2612162	1	1	
2612163	1	1	
2612164	1	1	
2612167	1	1	
2613101	1	1	
2613102	1	1	
2613103	1	1	
2613104	1	1	
2613105	1	1	
2613106	1	1	
2613107	1	1	
2613110	1	1	
2613111	1	1	
2613112	1	1	
2613113	1	1	
2613114	1	1	
2613115	1	1	
2613201	1	1	
2613202	1	1	
2613203	1	1	
2613204	1	1	
2613205	1	1	
2613206	1	1	
2613207	1	1	
2613208	1	1	
2613209	1	1	
2613210	1	1	
2614101	1	1	
2614102	1	1	
2614103	1	1	
2641101	1	1	
2641102	1	1	
2641103	1	1	
2641201	1	1	
2641202	1	1	
2641203	1	1	
2642101	1	1	
2642102	1	1	
2642103	1	1	
2642104	1	1	
2642105	1	1	
2642106	1	1	
2671101	1	1	
2671102	1	1	
2671103	1	1	
2811101	1	1	
2811102	1	1	
2811103	1	1	
2811104	1	1	
2811107	1	1	
2811110	1	1	
2811201	1	1	
2811204	1	1	
2811207	1	1	
2811208	1	1	
2811209	1	1	
2811301	1	1	
2811304	1	1	
2841101	1	1	
2841102	1	1	
2841104	1	1	
2841105	1	1	
2911101	1	1	
2911102	1	1	
2911103	1	1	
2911104	1	1	
2911105	1	1	
2911106	1	1	
2911107	1	1	
2911108	1	1	
2911109	1	1	
2911110	1	1	
2911111	1	1	
2911112	1	1	
2911113	1	1	
2911114	1	1	
2911115	1	1	
2911116	1	1	
2911117	1	1	
2911118	1	1	
2911119	1	1	
2911120	1	1	
2911121	1	1	
2911122	1	1	
2911123	1	1	
2911124	1	1	
2911125	1	1	
2911126	1	1	
2911127	1	1	
2911128	1	1	
2911129	1	1	
2911130	1	1	
2911131	1	1	
2912101	1	1	
2912102	1	1	
2912103	1	1	
2912104	1	1	
2912105	1	1	
2912106	1	1	
2912107	1	1	
2912108	1	1	
2912109	1	1	
2912110	1	1	
2912111	1	1	
2912112	1	1	
2912113	1	1	
2912114	1	1	
2912115	1	1	
2912116	1	1	
2912117	1	1	
2912118	1	1	
2913101	1	1	
2913102	1	1	
2913103	1	1	
2914101	1	1	
2914102	1	1	
2914103	1	1	
2914104	1	1	
2914105	1	1	
2914106	1	1	
2914107	1	1	
2914108	1	1	
2914109	1	1	
2914110	1	1	
2914116	1	1	
2914117	1	1	
2914118	1	1	
3101101	1	1	
3101102	1	1	
3101103	1	1	
3101104	1	1	
3101105	1	1	
3101106	1	1	
3131101	1	1	
3131102	1	1	
3131103	1	1	
3211101	1	1	
3211102	1	1	
3211103	1	1	
3211104	1	1	
3211105	1	1	
3211106	1	1	
3211107	1	1	
3211108	1	1	
3211109	1	1	
3211110	1	1	
3211111	1	1	
3211112	1	1	
3211113	1	1	
3211114	1	1	
3211115	1	1	
3211116	1	1	
3211117	1	1	
3211118	1	1	
3211119	1	1	
3211120	1	1	
3211121	1	1	
3211122	1	1	
3211123	1	1	
3211124	1	1	
3211125	1	1	
3211126	1	1	
3211127	1	1	
3211128	1	1	
3211129	1	1	
3211130	1	1	
3211131	1	1	
3211132	1	1	
3211133	1	1	
3211134	1	1	
3211135	1	1	
3211136	1	1	
3211137	1	1	
3211138	1	1	
3211139	1	1	
3211140	1	1	
3211141	1	1	
3211142	1	1	
3211143	1	1	
3211144	1	1	
3211145	1	1	
3211146	1	1	
3211149	1	1	
3211152	1	1	
3212101	1	1	
3212102	1	1	
3212103	1	1	
3212104	1	1	
3212105	1	1	
3212106	1	1	
3212107	1	1	
3212108	1	1	
3212109	1	1	
3212110	1	1	
3212111	1	1	
3212112	1	1	
3212113	1	1	
3212114	1	1	
3212115	1	1	
3212116	1	1	
3212117	1	1	
3212118	1	1	
3212119	1	1	
3212120	1	1	
3212121	1	1	
3212122	1	1	
3212123	1	1	
3212124	1	1	
3212125	1	1	
3212126	1	1	
3212127	1	1	
3212128	1	1	
3212129	1	1	
3212130	1	1	
3212131	1	1	
3212132	1	1	
3212133	1	1	
3212134	1	1	
3212135	1	1	
3212136	1	1	
3212137	1	1	
3212138	1	1	
3212139	1	1	
3212140	1	1	
3212141	1	1	
3212142	1	1	
3212143	1	1	
3212144	1	1	
3212145	1	1	
3212146	1	1	
3213101	1	1	
3213102	1	1	
3213103	1	1	
3213104	1	1	
3213105	1	1	
3213106	1	1	
3213107	1	1	
3213110	1	1	
3213111	1	1	
3213112	1	1	
3213113	1	1	
3281101	1	1	
3281102	1	1	
3281103	1	1	
3281104	1	1	
3281105	1	1	
3281106	1	1	
3411201	1	1	
3411202	1	1	
3411203	1	1	
3411204	1	1	
3411205	1	1	
3411206	1	1	
3411207	1	1	
3411208	1	1	
3411209	1	1	
3411210	1	1	
3411211	1	1	
3411212	1	1	
3411215	1	1	
3421101	1	1	
3421102	1	1	
3421103	1	1	
3431101	1	1	
3431102	1	1	
3431103	1	1	
3431104	1	1	
3431105	1	1	
3431106	1	1	
3431107	1	1	
3431108	1	1	
3431109	1	1	
3501101	1	1	
3501102	1	1	
3501103	1	1	
3501104	1	1	
3501107	1	1	
3501108	1	1	
3501109	1	1	
3501110	1	1	
3501111	1	1	
3501112	1	1	
3501113	1	1	
3501114	1	1	
3501115	1	1	
3501116	1	1	
3501117	1	1	
3501118	1	1	
3501119	1	1	
3501120	1	1	
3501121	1	1	
3501125	1	1	
3501126	1	1	
3501127	1	1	
3501128	1	1	
3501129	1	1	
3501130	1	1	
3501131	1	1	
3501132	1	1	
3501133	1	1	
3501134	1	1	
3501135	1	1	
3501136	1	1	
3501137	1	1	
3501138	1	1	
3501139	1	1	
3501140	1	1	
3501141	1	1	
3501142	1	1	
3501143	1	1	
3501144	1	1	
3501145	1	1	
3501146	1	1	
3501149	1	1	
3501152	1	1	
3502101	1	1	
3502102	1	1	
3502103	1	1	
3502104	1	1	
3502107	1	1	
3502108	1	1	
3502109	1	1	
3502110	1	1	
3502111	1	1	
3502112	1	1	
3502113	1	1	
3502114	1	1	
3502115	1	1	
3502116	1	1	
3502117	1	1	
3502118	1	1	
3502119	1	1	
3502120	1	1	
3502121	1	1	
3502122	1	1	
3502123	1	1	
3502124	1	1	
3502125	1	1	
3502126	1	1	
3502127	1	1	
3502128	1	1	
3502129	1	1	
3502130	1	1	
3502131	1	1	
3502132	1	1	
3502133	1	1	
3502134	1	1	
3502135	1	1	
3502136	1	1	
3502137	1	1	
3502138	1	1	
3502139	1	1	
3503101	1	1	
3503102	1	1	
3503103	1	1	
3503104	1	1	
3503107	1	1	
3503108	1	1	
3503109	1	1	
3503110	1	1	
3503111	1	1	
3503112	1	1	
3503113	1	1	
3503114	1	1	
3503115	1	1	
3503116	1	1	
3503117	1	1	
3503118	1	1	
3503119	1	1	
3503120	1	1	
3503121	1	1	
3503122	1	1	
3503123	1	1	
3503124	1	1	
3503125	1	1	
3503126	1	1	
3503127	1	1	
3503128	1	1	
3503129	1	1	
3503130	1	1	
3503131	1	1	
3503134	1	1	
3503137	1	1	
3503140	1	1	
3504101	1	1	
3504102	1	1	
3504103	1	1	
3504104	1	1	
3504105	1	1	
3504106	1	1	
3504107	1	1	
3521101	1	1	
3531901	1	1	
3531902	1	1	
3531903	1	1	
3571101	1	1	
3571102	1	1	
3571103	1	1	
3591101	1	1	
3591102	1	1	
3591103	1	1	
3591104	1	1	
3591105	1	1	
3591106	1	1	
3591107	1	1	
3591108	1	1	
3591109	1	1	
3591110	1	1	
3591113	1	1	
3591116	1	1	
3592101	1	1	
3592104	1	1	
3592107	1	1	
3593101	1	1	
3593104	1	1	
3603101	1	1	
3603102	1	1	
3603103	1	1	
3604101	1	1	
3604102	1	1	
3604103	1	1	
3604104	1	1	
3604105	1	1	
3604106	1	1	
3611101	1	1	
3611102	1	1	
3611103	1	1	
3611104	1	1	
3611105	1	1	
3611106	1	1	
3611119	1	1	
3611120	1	1	
3611121	1	1	
3611122	1	1	
3611123	1	1	
3611124	1	1	
3611125	1	1	
3611201	1	1	
3611202	1	1	
3611203	1	1	
3611204	1	1	
3611205	1	1	
3611206	1	1	
3611207	1	1	
3611208	1	1	
3611209	1	1	
3612101	1	1	
3612102	1	1	
3612103	1	1	
3612104	1	1	
3612105	1	1	
3612106	1	1	
3612107	1	1	
3612108	1	1	
3612109	1	1	
3612110	1	1	
3612113	1	1	
3612201	1	1	
3612202	1	1	
3612203	1	1	
3612204	1	1	
3612205	1	1	
3612206	1	1	
3613101	1	1	
3613102	1	1	
3613103	1	1	
3613104	1	1	
3613105	1	1	
3613106	1	1	
3613107	1	1	
3613108	1	1	
3613109	1	1	
3613110	1	1	
3613201	1	1	
3613202	1	1	
3613203	1	1	
3613204	1	1	
3613205	1	1	
3613206	1	1	
3613207	1	1	
3613208	1	1	
3613209	1	1	
3613210	1	1	
3613301	1	1	
3613302	1	1	
3613303	1	1	
3613304	1	1	
3621101	1	1	
3621104	1	1	
3621107	1	1	
3621110	1	1	
3621111	1	1	
3621112	1	1	
3622101	1	1	
3622102	1	1	
3622103	1	1	
3622104	1	1	
3622105	1	1	
3622106	1	1	
3622107	1	1	
3622110	1	1	
3622113	1	1	
3623104	1	1	
3623105	1	1	
3623106	1	1	
3623107	1	1	
3623108	1	1	
3623111	1	1	
3631101	1	1	
3631102	1	1	
3631103	1	1	
3651107	1	1	
3651108	1	1	
3651109	1	1	
3651110	1	1	
3651111	1	1	
3651112	1	1	
3651113	1	1	
3651119	1	1	
3651120	1	1	
3651121	1	1	
3651122	1	1	
3652201	1	1	
3661101	1	1	
3661102	1	1	
3661103	1	1	
3661104	1	1	
3661105	1	1	
3661106	1	1	
3691101	1	1	
3691102	1	1	
3691103	1	1	
3751101	1	1	
3751102	1	1	
3751103	1	1	
4021401	1	1	
4021402	1	1	
4021403	1	1	
4031101	1	1	
4031102	1	1	
4031103	1	1	
4031104	1	1	
4031105	1	1	
4031106	1	1	
4031107	1	1	
4031108	1	1	
4031109	1	1	
4031110	1	1	
4031111	1	1	
4031112	1	1	
4031113	1	1	
4031114	1	1	
4031115	1	1	
4031116	1	1	
4031117	1	1	
4031118	1	1	
4031119	1	1	
4031120	1	1	
4031121	1	1	
4031128	1	1	
4031129	1	1	
4031130	1	1	
4031131	1	1	
4031134	1	1	
4031135	1	1	
4031136	1	1	
4031137	1	1	
4032101	1	1	
4032102	1	1	
4032103	1	1	
4032110	1	1	
4032111	1	1	
4032112	1	1	
4032113	1	1	
4032114	1	1	
4032115	1	1	
4032116	1	1	
4032117	1	1	
4032118	1	1	
4032119	1	1	
4032120	1	1	
4032121	1	1	
4032122	1	1	
4032123	1	1	
4032124	1	1	
4032125	1	1	
4032126	1	1	
4032127	1	1	
4032128	1	1	
4032129	1	1	
4032130	1	1	
4032131	1	1	
4032132	1	1	
4032133	1	1	
4032146	1	1	
4032147	1	1	
4032148	1	1	
4033107	1	1	
4033108	1	1	
4033109	1	1	
4073101	1	1	
4073102	1	1	
4073103	1	1	
4101101	1	1	
4101102	1	1	
4101103	1	1	
4131101	1	1	
4131102	1	1	
4131103	1	1	
4131104	1	1	
4131105	1	1	
4131106	1	1	
4132101	1	1	
4132102	1	1	
4132103	1	1	
4132104	1	1	
4132105	1	1	
4132106	1	1	
4261101	1	1	
4261102	1	1	
4261103	1	1	
4261104	1	1	
4261105	1	1	
4261106	1	1	
4261107	1	1	
4261108	1	1	
4261109	1	1	
4261110	1	1	
4261111	1	1	
4261112	1	1	
4261113	1	1	
4261114	1	1	
4261115	1	1	
4261116	1	1	
4261117	1	1	
4261118	1	1	
4261119	1	1	
4261120	1	1	
4261121	1	1	
4261122	1	1	
4261123	1	1	
4261124	1	1	
4261204	1	1	
4261205	1	1	
4261206	1	1	
4261207	1	1	
4261208	1	1	
4261209	1	1	
4261210	1	1	
4261211	1	1	
4261212	1	1	
4262101	1	1	
4262102	1	1	
4262103	1	1	
4262104	1	1	
4262105	1	1	
4262106	1	1	
4262107	1	1	
4262108	1	1	
4262109	1	1	
4262110	1	1	
4262111	1	1	
4262112	1	1	
4262113	1	1	
4262114	1	1	
4262115	1	1	
4262116	1	1	
4262117	1	1	
4262118	1	1	
4262119	1	1	
4262120	1	1	
4262121	1	1	
4262122	1	1	
4262123	1	1	
4262124	1	1	
4262125	1	1	
4262128	1	1	
4262131	1	1	
4262134	1	1	
4262301	1	1	
4262302	1	1	
4262303	1	1	
4263101	1	1	
4263102	1	1	
4263103	1	1	
4263104	1	1	
4263105	1	1	
4263106	1	1	
4263107	1	1	
4263108	1	1	
4263109	1	1	
4263110	1	1	
4263111	1	1	
4263112	1	1	
4263113	1	1	
4263114	1	1	
4263115	1	1	
4263116	1	1	
4264101	1	1	
4264102	1	1	
4264103	1	1	
4264104	1	1	
4264105	1	1	
4264106	1	1	
4311101	1	1	
4311102	1	1	
4311103	1	1	
4311104	1	1	
4311105	1	1	
4311106	1	1	
4311107	1	1	
4311108	1	1	
4311109	1	1	
4311110	1	1	
4311111	1	1	
4311112	1	1	
4311113	1	1	
4311201	1	1	
4311202	1	1	
4311203	1	1	
4311204	1	1	
4311205	1	1	
4311206	1	1	
4311301	1	1	
4311302	1	1	
4311303	1	1	
4311304	1	1	
4311305	1	1	
4311306	1	1	
4311307	1	1	
4511101	1	1	
4511102	1	1	
4511103	1	1	
4511104	1	1	
4511105	1	1	
4511106	1	1	
4511110	1	1	
4511111	1	1	
4511112	1	1	
4511113	1	1	
4511114	1	1	
4511115	1	1	
4511116	1	1	
4511117	1	1	
4511118	1	1	
4511119	1	1	
4511120	1	1	
4511121	1	1	
4511122	1	1	
4511123	1	1	
4511124	1	1	
4511125	1	1	
4511126	1	1	
4511127	1	1	
4511128	1	1	
4511129	1	1	
4511130	1	1	
4511131	1	1	
4511132	1	1	
4511133	1	1	
4511134	1	1	
4511135	1	1	
4511136	1	1	
4511137	1	1	
4512101	1	1	
4512102	1	1	
4512103	1	1	
4512104	1	1	
4512105	1	1	
4512106	1	1	
4512107	1	1	
4512108	1	1	
4512109	1	1	
4512110	1	1	
4512111	1	1	
4512112	1	1	
4512113	1	1	
4512114	1	1	
4512115	1	1	
4512116	1	1	
4512117	1	1	
4512118	1	1	
4512119	1	1	
4512120	1	1	
4512121	1	1	
4512122	1	1	
4512123	1	1	
4512124	1	1	
4512125	1	1	
4512126	1	1	
4512127	1	1	
4512128	1	1	
4512129	1	1	
4512130	1	1	
4512131	1	1	
4512134	1	1	
4512137	1	1	
4513101	1	1	
4513102	1	1	
4513103	1	1	
4513104	1	1	
4513105	1	1	
4513106	1	1	
4513107	1	1	
4513108	1	1	
4513109	1	1	
4513110	1	1	
4513111	1	1	
4513112	1	1	
4513113	1	1	
4513114	1	1	
4513115	1	1	
4513116	1	1	
4513117	1	1	
4513118	1	1	
4513119	1	1	
4513120	1	1	
4513121	1	1	
4513122	1	1	
4513123	1	1	
4513124	1	1	
4513125	1	1	
4513126	1	1	
4513127	1	1	
4513128	1	1	
4513129	1	1	
4513130	1	1	
4513131	1	1	
4513132	1	1	
4513133	1	1	
4513134	1	1	
4513135	1	1	
4513136	1	1	
4513137	1	1	
4513138	1	1	
4513139	1	1	
4513140	1	1	
4513141	1	1	
4513142	1	1	
4513143	1	1	
4513144	1	1	
4513145	1	1	
4513146	1	1	
4513147	1	1	
4513148	1	1	
4513149	1	1	
4513150	1	1	
4513151	1	1	
4514101	1	1	
4514102	1	1	
4514103	1	1	
4531101	1	1	
4531102	1	1	
4531103	1	1	
4531104	1	1	
4531105	1	1	
4531106	1	1	
4531107	1	1	
4531108	1	1	
4531109	1	1	
4531110	1	1	
4541101	1	1	
4541102	1	1	
4541103	1	1	
4541201	1	1	
4541202	1	1	
4541203	1	1	
4542101	1	1	
4542102	1	1	
4542103	1	1	
4542104	1	1	
4542105	1	1	
4542106	1	1	
4551101	1	1	
4551102	1	1	
4551103	1	1	
4561101	1	1	
4561102	1	1	
4561103	1	1	
4561104	1	1	
4561105	1	1	
4561106	1	1	
4581101	1	1	
4584101	1	1	
4584102	1	1	
4584103	1	1	
4584104	1	1	
4584105	1	1	
4584106	1	1	
4611101	1	1	
4611104	1	1	
4611107	1	1	
4611110	1	1	
4611111	1	1	
4611112	1	1	
4611113	1	1	
4611114	1	1	
4611115	1	1	
4611116	1	1	
4611117	1	1	
4611118	1	1	
4611119	1	1	
4611120	1	1	
4611121	1	1	
4611122	1	1	
4611201	1	1	
4611202	1	1	
4611203	1	1	
4611204	1	1	
4611205	1	1	
4611206	1	1	
4611207	1	1	
4611208	1	1	
4611209	1	1	
4611210	1	1	
4611211	1	1	
4611212	1	1	
4611213	1	1	
4611214	1	1	
4611215	1	1	
4611216	1	1	
4611217	1	1	
4611218	1	1	
4611219	1	1	
4611220	1	1	
4611221	1	1	
4611222	1	1	
4611225	1	1	
4611228	1	1	
4611229	1	1	
4611230	1	1	
4611231	1	1	
4611232	1	1	
4611233	1	1	
4611234	1	1	
4611235	1	1	
4611236	1	1	
4611237	1	1	
4612101	1	1	
4612102	1	1	
4612103	1	1	
4612104	1	1	
4612105	1	1	
4612106	1	1	
4612107	1	1	
4612108	1	1	
4612109	1	1	
4612110	1	1	
4612111	1	1	
4612112	1	1	
4612113	1	1	
4612114	1	1	
4612115	1	1	
4612116	1	1	
4612117	1	1	
4612118	1	1	
4612119	1	1	
4612120	1	1	
4612121	1	1	
4612122	1	1	
4612125	1	1	
4612134	1	1	
4612135	1	1	
4612136	1	1	
4612137	1	1	
4612138	1	1	
4612139	1	1	
4612140	1	1	
4612141	1	1	
4612142	1	1	
4612143	1	1	
4612144	1	1	
4612145	1	1	
4612146	1	1	
4613101	1	1	
4613104	1	1	
4613107	1	1	
4613108	1	1	
4613109	1	1	
4621101	1	1	
4621102	1	1	
4621103	1	1	
4621104	1	1	
4621105	1	1	
4621106	1	1	
4652101	1	1	
4652102	1	1	
4652103	1	1	
4652104	1	1	
4652105	1	1	
4652106	1	1	
4652107	1	1	
4652108	1	1	
4652109	1	1	
4652110	1	1	
4652111	1	1	
4652112	1	1	
4652113	1	1	
4652114	1	1	
4652115	1	1	
4652116	1	1	
4652117	1	1	
4652118	1	1	
4652122	1	1	
4652301	1	1	
4652302	1	1	
4652303	1	1	
4652304	1	1	
4653101	1	1	
4653102	1	1	
4653103	1	1	
4653104	1	1	
4653105	1	1	
4653106	1	1	
4653107	1	1	
4653108	1	1	
4653109	1	1	
4653110	1	1	
4653111	1	1	
4653112	1	1	
4653113	1	1	
4653114	1	1	
4653115	1	1	
4653116	1	1	
4653117	1	1	
4653118	1	1	
4653119	1	1	
4653120	1	1	
4653121	1	1	
4653122	1	1	
4653123	1	1	
4653124	1	1	
4653125	1	1	
4653126	1	1	
4653127	1	1	
4654101	1	1	
4654102	1	1	
4654103	1	1	
4654104	1	1	
4654105	1	1	
4654106	1	1	
4654107	1	1	
4654108	1	1	
4654109	1	1	
4711101	1	1	
4711102	1	1	
4711103	1	1	
4711104	1	1	
4711105	1	1	
4711106	1	1	
4711107	1	1	
4711108	1	1	
4711109	1	1	
4711110	1	1	
4711111	1	1	
4711112	1	1	
4711113	1	1	
4711114	1	1	
4711115	1	1	
4711116	1	1	
4711117	1	1	
4711118	1	1	
4711119	1	1	
4711120	1	1	
4711121	1	1	
4711122	1	1	
4711123	1	1	
4711124	1	1	
4711125	1	1	
4711126	1	1	
4711127	1	1	
4711128	1	1	
4711129	1	1	
4711130	1	1	
4711131	1	1	
4711132	1	1	
4711133	1	1	
4711134	1	1	
4711137	1	1	
4712101	1	1	
4712102	1	1	
4712103	1	1	
4712104	1	1	
4712105	1	1	
4712106	1	1	
4712107	1	1	
4712108	1	1	
4712109	1	1	
4712110	1	1	
4712111	1	1	
4712112	1	1	
4712113	1	1	
4712114	1	1	
4712115	1	1	
4712116	1	1	
4712117	1	1	
4712118	1	1	
4712119	1	1	
4712120	1	1	
4712121	1	1	
4713101	1	1	
4713102	1	1	
4713103	1	1	
4713104	1	1	
4713105	1	1	
4713106	1	1	
4713107	1	1	
4713108	1	1	
4713109	1	1	
4713110	1	1	
4713111	1	1	
4713112	1	1	
4713113	1	1	
4713114	1	1	
4713115	1	1	
4713116	1	1	
4713117	1	1	
4713118	1	1	
4713119	1	1	
4713120	1	1	
4713121	1	1	
4713122	1	1	
4713123	1	1	
4713124	1	1	
4713125	1	1	
4713126	1	1	
4713127	1	1	
4713128	1	1	
4801101	1	1	
4801102	1	1	
4801103	1	1	
4801201	1	1	
4801202	1	1	
4801203	1	1	
4811101	1	1	
4811102	1	1	
4811103	1	1	
4811104	1	1	
4811105	1	1	
4811106	1	1	
4811107	1	1	
4811108	1	1	
4811109	1	1	
4811110	1	1	
4811111	1	1	
4811112	1	1	
4812101	1	1	
4812102	1	1	
4812103	1	1	
4812104	1	1	
4812105	1	1	
4812106	1	1	
4812107	1	1	
4812108	1	1	
4812109	1	1	
4812110	1	1	
4812111	1	1	
4812112	1	1	
4812113	1	1	
4812114	1	1	
4812115	1	1	
4812201	1	1	
4812202	1	1	
4812203	1	1	
4812204	1	1	
4812205	1	1	
4812206	1	1	
4812207	1	1	
4812208	1	1	
4812209	1	1	
4812210	1	1	
4812211	1	1	
4812212	1	1	
4813104	1	1	
4813105	1	1	
4813106	1	1	
4813107	1	1	
4813108	1	1	
4813109	1	1	
4813110	1	1	
4813111	1	1	
4813112	1	1	
4813116	1	1	
4813117	1	1	
4813118	1	1	
4813204	1	1	
4813205	1	1	
4813206	1	1	
4813207	1	1	
4813208	1	1	
4813209	1	1	
4813210	1	1	
4813213	1	1	
4813214	1	1	
4813215	1	1	
4813301	1	1	
4813302	1	1	
4813303	1	1	
4831101	1	1	
4881107	1	1	
4881108	1	1	
4881109	1	1	
4881110	1	1	
4881111	1	1	
4881112	1	1	
4881113	1	1	
4881114	1	1	
4881115	1	1	
4881116	1	1	
4881117	1	1	
4881118	1	1	
4881119	1	1	
4881120	1	1	
4881121	1	1	
4881122	1	1	
4881123	1	1	
4881124	1	1	
4881125	1	1	
4881126	1	1	
4881127	1	1	
4881128	1	1	
4882110	1	1	
4882111	1	1	
4882112	1	1	
4882113	1	1	
4882114	1	1	
4882115	1	1	
4882116	1	1	
4883101	1	1	
4883102	1	1	
4883103	1	1	
4883104	1	1	
4883105	1	1	
4883106	1	1	
4883107	1	1	
4911101	1	1	
4911102	1	1	
4911103	1	1	
4911104	1	1	
4911105	1	1	
4911106	1	1	
4911107	1	1	
4911108	1	1	
4911109	1	1	
4911110	1	1	
4911111	1	1	
4911112	1	1	
4911113	1	1	
4912101	1	1	
4912102	1	1	
4912103	1	1	
4912104	1	1	
4912105	1	1	
4912106	1	1	
4912107	1	1	
4912108	1	1	
4912109	1	1	
4912110	1	1	
4912111	1	1	
4912112	1	1	
4912113	1	1	
4912114	1	1	
4912115	1	1	
4913101	1	1	
4913102	1	1	
4913103	1	1	
4913104	1	1	
4913105	1	1	
4913106	1	1	
4913107	1	1	
4913108	1	1	
4913109	1	1	
4913110	1	1	
4913111	1	1	
4913112	1	1	
4913113	1	1	
4913114	1	1	
4913115	1	1	
4913116	1	1	
4913117	1	1	
4913118	1	1	
5011101	1	1	
5011102	1	1	
5011103	1	1	
5011201	1	1	
5011202	1	1	
5011203	1	1	
5211101	1	1	
5211102	1	1	
5211103	1	1	
5211110	1	1	
5211111	1	1	
5211112	1	1	
5211113	1	1	
5211114	1	1	
5211115	1	1	
5211201	1	1	
5211202	1	1	
5211203	1	1	
5211204	1	1	
5212101	1	1	
5212102	1	1	
5212103	1	1	
5212104	1	1	
5212105	1	1	
5212106	1	1	
5212107	1	1	
5212108	1	1	
5212109	1	1	
5212110	1	1	
5212111	1	1	
5212112	1	1	
5212113	1	1	
5212114	1	1	
5212115	1	1	
5213101	1	1	
5213102	1	1	
5213103	1	1	
5213104	1	1	
5213105	1	1	
5213106	1	1	
5213107	1	1	
5213108	1	1	
5213109	1	1	
5213110	1	1	
5213111	1	1	
5213112	1	1	
5213113	1	1	
5213114	1	1	
5213115	1	1	
5213116	1	1	
5213117	1	1	
5213118	1	1	
5214101	1	1	
5214102	1	1	
5214103	1	1	
5214104	1	1	
5214105	1	1	
5214106	1	1	
5214107	1	1	
5214108	1	1	
5214109	1	1	
5311101	1	1	
5311102	1	1	
5311103	1	1	
5311104	1	1	
5311105	1	1	
5311106	1	1	
5401101	1	1	
5401102	1	1	
5401103	1	1	
5402101	1	1	
5402102	1	1	
5402103	1	1	
5403101	1	1	
5403102	1	1	
5403103	1	1	
5411101	1	1	
5411102	1	1	
5411103	1	1	
5511101	1	1	
5511201	1	1	
5512101	1	1	
5512201	1	1	
5513101	1	1	
5514101	1	1	
5515101	1	1	
5515104	1	1	
5515107	1	1	
5515110	1	1	
5515113	1	1	
5515116	1	1	
5611101	1	1	
5611102	1	1	
5611103	1	1	
5611104	1	1	
5611105	1	1	
5611106	1	1	
5611107	1	1	
5611108	1	1	
5611109	1	1	
5611110	1	1	
5611111	1	1	
5611112	1	1	
5611113	1	1	
5611114	1	1	
5611115	1	1	
5611116	1	1	
5611117	1	1	
5611118	1	1	
5611119	1	1	
5611120	1	1	
5611121	1	1	
5611122	1	1	
5611123	1	1	
5611124	1	1	
5611125	1	1	
5611126	1	1	
5611127	1	1	
5611128	1	1	
5611129	1	1	
5611130	1	1	
5611131	1	1	
5611132	1	1	
5611133	1	1	
5611134	1	1	
5611135	1	1	
5611136	1	1	
5611137	1	1	
5611138	1	1	
5611139	1	1	
5611140	1	1	
5611141	1	1	
5611142	1	1	
5611143	1	1	
5611144	1	1	
5611145	1	1	
5611146	1	1	
5611147	1	1	
5611148	1	1	
5611152	1	1	
5611153	1	1	
5611154	1	1	
5611155	1	1	
5611156	1	1	
5611157	1	1	
5611158	1	1	
5611159	1	1	
5611160	1	1	
5611161	1	1	
5611162	1	1	
5611163	1	1	
5611164	1	1	
5611165	1	1	
5611166	1	1	
5611167	1	1	
5611168	1	1	
5611169	1	1	
5611170	1	1	
5611171	1	1	
5611172	1	1	
5611173	1	1	
5611174	1	1	
5611175	1	1	
5611176	1	1	
5611177	1	1	
5611178	1	1	
5611179	1	1	
5611180	1	1	
5611181	1	1	
5611182	1	1	
5611183	1	1	
5611184	1	1	
5611185	1	1	
5611188	1	1	
5611201	1	1	
5611202	1	1	
5611203	1	1	
5611204	1	1	
5611205	1	1	
5611206	1	1	
5612101	1	1	
5612102	1	1	
5612103	1	1	
5612104	1	1	
5612105	1	1	
5612106	1	1	
5612107	1	1	
5612108	1	1	
5612109	1	1	
5612110	1	1	
5612111	1	1	
5612112	1	1	
5612113	1	1	
5612114	1	1	
5612115	1	1	
5612116	1	1	
5612117	1	1	
5612118	1	1	
5612119	1	1	
5612120	1	1	
5612121	1	1	
5612122	1	1	
5612123	1	1	
5612124	1	1	
5612125	1	1	
5612126	1	1	
5612127	1	1	
5612128	1	1	
5612129	1	1	
5612130	1	1	
5612131	1	1	
5612132	1	1	
5612133	1	1	
5612134	1	1	
5612135	1	1	
5612136	1	1	
5612137	1	1	
5612140	1	1	
5612141	1	1	
5612142	1	1	
5612143	1	1	
5612144	1	1	
5612145	1	1	
5612146	1	1	
5612147	1	1	
5612148	1	1	
5612149	1	1	
5612150	1	1	
5612151	1	1	
5612152	1	1	
5612153	1	1	
5612154	1	1	
5612155	1	1	
5612156	1	1	
5612157	1	1	
5612158	1	1	
5612159	1	1	
5612160	1	1	
5612161	1	1	
5612162	1	1	
5612163	1	1	
5612164	1	1	
5612165	1	1	
5612166	1	1	
5612167	1	1	
5612201	1	1	
5612202	1	1	
5612203	1	1	
5612204	1	1	
5612205	1	1	
5612206	1	1	
5612207	1	1	
5612208	1	1	
5612209	1	1	
5612210	1	1	
5612301	1	1	
5612302	1	1	
5612303	1	1	
5612304	1	1	
5612307	1	1	
5612308	1	1	
5612309	1	1	
5612310	1	1	
5612311	1	1	
5612312	1	1	
5612313	1	1	
5612401	1	1	
5612402	1	1	
5612403	1	1	
5613101	1	1	
5613102	1	1	
5613103	1	1	
5613104	1	1	
5613105	1	1	
5613106	1	1	
5613107	1	1	
5613108	1	1	
5613109	1	1	
5613110	1	1	
5613111	1	1	
5613112	1	1	
5613113	1	1	
5613114	1	1	
5613115	1	1	
5613116	1	1	
5613117	1	1	
5613118	1	1	
5613119	1	1	
5613120	1	1	
5613121	1	1	
5613122	1	1	
5613123	1	1	
5613124	1	1	
5613125	1	1	
5613126	1	1	
5613127	1	1	
5613128	1	1	
5613129	1	1	
5613130	1	1	
5613131	1	1	
5613132	1	1	
5613133	1	1	
5613134	1	1	
5613135	1	1	
5613136	1	1	
5613137	1	1	
5613138	1	1	
5613139	1	1	
5613140	1	1	
5613141	1	1	
5613142	1	1	
5613143	1	1	
5613146	1	1	
5613149	1	1	
5614101	1	1	
5614102	1	1	
5614103	1	1	
5615101	1	1	
5615104	1	1	
5615107	1	1	
5615110	1	1	
5615113	1	1	
5651101	1	1	
5651102	1	1	
5651103	1	1	
5651104	1	1	
5651105	1	1	
5651106	1	1	
5651107	1	1	
5651108	1	1	
5651109	1	1	
5651110	1	1	
5651111	1	1	
5651112	1	1	
5651113	1	1	
5651114	1	1	
5651115	1	1	
5652101	1	1	
5652102	1	1	
5652103	1	1	
5652104	1	1	
5652105	1	1	
5652106	1	1	
5652107	1	1	
5652108	1	1	
5652109	1	1	
5652110	1	1	
5652111	1	1	
5652112	1	1	
5652113	1	1	
5652114	1	1	
5652115	1	1	
5653101	1	1	
5653102	1	1	
5653103	1	1	
5653104	1	1	
5653105	1	1	
5653106	1	1	
5653107	1	1	
5653108	1	1	
5653109	1	1	
5653110	1	1	
5653111	1	1	
5653112	1	1	
5653113	1	1	
5653114	1	1	
5653115	1	1	
5653116	1	1	
5653117	1	1	
5653118	1	1	
5654101	1	1	
5654104	1	1	
5654107	1	1	
5654110	1	1	
5654113	1	1	
5661201	1	1	
5661202	1	1	
5661203	1	1	
5662101	1	1	
5662102	1	1	
5662103	1	1	
5671101	1	1	
5671102	1	1	
5671103	1	1	
5671104	1	1	
5671105	1	1	
5671106	1	1	
5681201	1	1	
5681202	1	1	
5681203	1	1	
5681204	1	1	
5681205	1	1	
5681206	1	1	
5681207	1	1	
5681208	1	1	
5681209	1	1	
5681210	1	1	
5681211	1	1	
5681212	1	1	
5681213	1	1	
5681216	1	1	
5682101	1	1	
5682102	1	1	
5682103	1	1	
5682104	1	1	
5682105	1	1	
5682106	1	1	
5682107	1	1	
5682201	1	1	
5682202	1	1	
5682203	1	1	
5682204	1	1	
5682205	1	1	
5682206	1	1	
5683101	1	1	
5684101	1	1	
5691101	1	1	
5691102	1	1	
5691103	1	1	
5691104	1	1	
5691105	1	1	
5691106	1	1	
5701101	1	1	
5701102	1	1	
5701103	1	1	
5702101	1	1	
5702102	1	1	
5702103	1	1	
5702104	1	1	
5702107	1	1	
5702108	1	1	
5702109	1	1	
5711101	1	1	
5711102	1	1	
5711103	1	1	
5711104	1	1	
5711105	1	1	
5711106	1	1	
5711107	1	1	
5722101	1	1	
5722102	1	1	
5722103	1	1	
5722104	1	1	
5722105	1	1	
5722106	1	1	
5722107	1	1	
5722108	1	1	
5722109	1	1	
5731201	1	1	
5731202	1	1	
5731203	1	1	
5731501	1	1	
5731502	1	1	
5731503	1	1	
5732101	1	1	
5741101	1	1	
5741102	1	1	
5741103	1	1	
5741104	1	1	
5761107	1	1	
5761108	1	1	
5761109	1	1	
5761110	1	1	
5761111	1	1	
5761112	1	1	
5761113	1	1	
5761114	1	1	
5761115	1	1	
5761116	1	1	
5761117	1	1	
5761118	1	1	
5762101	1	1	
5762102	1	1	
5762103	1	1	
5762104	1	1	
5762105	1	1	
5762106	1	1	
5762107	1	1	
5763101	1	1	
5763104	1	1	
5763107	1	1	
5764101	1	1	
5764102	1	1	
5764103	1	1	
5765101	1	1	
5774201	1	1	
5774202	1	1	
5774203	1	1	
5781201	1	1	
5781202	1	1	
5781203	1	1	
5781204	1	1	
5791101	1	1	
5791102	1	1	
5791103	1	1	
5791104	1	1	
5791105	1	1	
5791106	1	1	
5791107	1	1	
5791110	1	1	
5791113	1	1	
5811101	1	1	
5811102	1	1	
5811103	1	1	
5811104	1	1	
5811105	1	1	
5811106	1	1	
5811107	1	1	
5811108	1	1	
5811109	1	1	
5811110	1	1	
5811111	1	1	
5811112	1	1	
5811125	1	1	
5811126	1	1	
5811127	1	1	
5811128	1	1	
5811129	1	1	
5811130	1	1	
5811131	1	1	
5811132	1	1	
5811133	1	1	
5811134	1	1	
5811135	1	1	
5811136	1	1	
5811201	1	1	
5811202	1	1	
5811203	1	1	
5811204	1	1	
5811205	1	1	
5811206	1	1	
5811207	1	1	
5811208	1	1	
5811209	1	1	
5811210	1	1	
5811211	1	1	
5811212	1	1	
5811213	1	1	
5811214	1	1	
5811215	1	1	
5811216	1	1	
5812101	1	1	
5812102	1	1	
5812103	1	1	
5812104	1	1	
5812105	1	1	
5812106	1	1	
5812107	1	1	
5812108	1	1	
5812109	1	1	
5812110	1	1	
5812113	1	1	
5812201	1	1	
5812202	1	1	
5812203	1	1	
5812204	1	1	
5812205	1	1	
5812206	1	1	
5812207	1	1	
5812208	1	1	
5812209	1	1	
5812210	1	1	
5812211	1	1	
5812212	1	1	
5812216	1	1	
5812301	1	1	
5812302	1	1	
5812303	1	1	
5812304	1	1	
5812305	1	1	
5812306	1	1	
5812307	1	1	
5812308	1	1	
5812309	1	1	
5812310	1	1	
5812313	1	1	
5813101	1	1	
5813102	1	1	
5813103	1	1	
5813104	1	1	
5813105	1	1	
5813106	1	1	
5813107	1	1	
5813201	1	1	
5813202	1	1	
5813203	1	1	
5813204	1	1	
5813205	1	1	
5813206	1	1	
5813207	1	1	
5813208	1	1	
5813209	1	1	
5813301	1	1	
5813302	1	1	
5813303	1	1	
5813304	1	1	
5813305	1	1	
5813306	1	1	
5813307	1	1	
5813308	1	1	
5813309	1	1	
5813310	1	1	
5813311	1	1	
5813312	1	1	
5817101	1	1	
5817102	1	1	
5817103	1	1	
5817104	1	1	
5817105	1	1	
5817106	1	1	
5817107	1	1	
5817108	1	1	
5817109	1	1	
5817110	1	1	
5817111	1	1	
5817112	1	1	
5817113	1	1	
5817114	1	1	
5817115	1	1	
5817116	1	1	
5817117	1	1	
5817118	1	1	
5817119	1	1	
5817122	1	1	
5871101	1	1	
5871102	1	1	
5871103	1	1	
5871104	1	1	
5871107	1	1	
5872101	1	1	
5872102	1	1	
5872103	1	1	
5872104	1	1	
5872107	1	1	
5872110	1	1	
5873101	1	1	
5873102	1	1	
5873103	1	1	
5873104	1	1	
5873105	1	1	
5873106	1	1	
5873107	1	1	
5873110	1	1	
5881101	1	1	
5882101	1	1	
5891101	1	1	
5892101	1	1	
5931101	1	1	
5931102	1	1	
5931103	1	1	
5931104	1	1	
5931107	1	1	
5942201	1	1	
5943101	1	1	
5943102	1	1	
5943103	1	1	
5943104	1	1	
5943105	1	1	
5943106	1	1	
5943107	1	1	
5943108	1	1	
5943109	1	1	
5943110	1	1	
5943111	1	1	
5943112	1	1	
5943113	1	1	
5943114	1	1	
5943115	1	1	
5943116	1	1	
5943117	1	1	
5943118	1	1	
5951101	1	1	
5951102	1	1	
5951103	1	1	
5951104	1	1	
5951105	1	1	
5951106	1	1	
5951107	1	1	
5951108	1	1	
5951109	1	1	
5951110	1	1	
5951111	1	1	
5951112	1	1	
6011101	1	1	
6011102	1	1	
6011103	1	1	
6011104	1	1	
6011105	1	1	
6011106	1	1	
6011107	1	1	
6011108	1	1	
6011109	1	1	
6011110	1	1	
6011111	1	1	
6011112	1	1	
6011113	1	1	
6011114	1	1	
6011115	1	1	
6011116	1	1	
6011117	1	1	
6011118	1	1	
6011119	1	1	
6011120	1	1	
6011121	1	1	
6011122	1	1	
6011123	1	1	
6011124	1	1	
6011125	1	1	
6011126	1	1	
6011127	1	1	
6011128	1	1	
6011129	1	1	
6011130	1	1	
6011131	1	1	
6011132	1	1	
6011133	1	1	
6011134	1	1	
6011137	1	1	
6011138	1	1	
6011139	1	1	
6011140	1	1	
6011141	1	1	
6011142	1	1	
6011143	1	1	
6011144	1	1	
6011145	1	1	
6011201	1	1	
6011202	1	1	
6011203	1	1	
6011204	1	1	
6011205	1	1	
6011206	1	1	
6011207	1	1	
6011208	1	1	
6011209	1	1	
6011210	1	1	
6011211	1	1	
6011212	1	1	
6011213	1	1	
6011214	1	1	
6011215	1	1	
6011216	1	1	
6011217	1	1	
6011218	1	1	
6011219	1	1	
6011220	1	1	
6011221	1	1	
6011222	1	1	
6011223	1	1	
6011224	1	1	
6011225	1	1	
6011226	1	1	
6011227	1	1	
6011228	1	1	
6011229	1	1	
6011230	1	1	
6011231	1	1	
6011232	1	1	
6011233	1	1	
6011234	1	1	
6011235	1	1	
6011236	1	1	
6011237	1	1	
6011238	1	1	
6011239	1	1	
6011240	1	1	
6011241	1	1	
6011242	1	1	
6011243	1	1	
6011244	1	1	
6011245	1	1	
6011246	1	1	
6011247	1	1	
6011248	1	1	
6011249	1	1	
6011250	1	1	
6011251	1	1	
6011252	1	1	
6011255	1	1	
6011256	1	1	
6011257	1	1	
6011258	1	1	
6011259	1	1	
6011260	1	1	
6011261	1	1	
6011262	1	1	
6011263	1	1	
6011264	1	1	
6011265	1	1	
6011266	1	1	
6011267	1	1	
6011301	1	1	
6011302	1	1	
6011303	1	1	
6011304	1	1	
6011305	1	1	
6011306	1	1	
6011307	1	1	
6011308	1	1	
6011309	1	1	
6011310	1	1	
6011311	1	1	
6011312	1	1	
6011313	1	1	
6012101	1	1	
6012102	1	1	
6012103	1	1	
6012104	1	1	
6012105	1	1	
6012106	1	1	
6012107	1	1	
6012108	1	1	
6012109	1	1	
6012110	1	1	
6012111	1	1	
6012112	1	1	
6012113	1	1	
6012114	1	1	
6012115	1	1	
6012116	1	1	
6012117	1	1	
6012118	1	1	
6012119	1	1	
6012120	1	1	
6012121	1	1	
6012122	1	1	
6012123	1	1	
6012124	1	1	
6012125	1	1	
6012126	1	1	
6012127	1	1	
6012128	1	1	
6012131	1	1	
6012137	1	1	
6012138	1	1	
6012139	1	1	
6012140	1	1	
6012141	1	1	
6012142	1	1	
6012143	1	1	
6012201	1	1	
6012202	1	1	
6012203	1	1	
6012204	1	1	
6012205	1	1	
6012206	1	1	
6012210	1	1	
6012211	1	1	
6012212	1	1	
6012213	1	1	
6012214	1	1	
6012215	1	1	
6012216	1	1	
6012222	1	1	
6012223	1	1	
6012224	1	1	
6012225	1	1	
6012226	1	1	
6012227	1	1	
6012228	1	1	
6012229	1	1	
6012230	1	1	
6012231	1	1	
6012232	1	1	
6012233	1	1	
6012234	1	1	
6012235	1	1	
6012236	1	1	
6012237	1	1	
6012238	1	1	
6012239	1	1	
6012240	1	1	
6013101	1	1	
6013102	1	1	
6013103	1	1	
6013104	1	1	
6013105	1	1	
6013106	1	1	
6013107	1	1	
6013108	1	1	
6013109	1	1	
6013110	1	1	
6013111	1	1	
6013112	1	1	
6013113	1	1	
6013114	1	1	
6013115	1	1	
6013116	1	1	
6013117	1	1	
6013118	1	1	
6013119	1	1	
6013120	1	1	
6013121	1	1	
6013122	1	1	
6013123	1	1	
6013124	1	1	
6013201	1	1	
6013202	1	1	
6013203	1	1	
6013204	1	1	
6013205	1	1	
6013206	1	1	
6013207	1	1	
6013208	1	1	
6013209	1	1	
6013210	1	1	
6013211	1	1	
6013212	1	1	
6013213	1	1	
6013214	1	1	
6013215	1	1	
6013216	1	1	
6013217	1	1	
6013218	1	1	
6013301	1	1	
6013302	1	1	
6013303	1	1	
6013304	1	1	
6013307	1	1	
6014101	1	1	
6014102	1	1	
6014103	1	1	
6014104	1	1	
6014105	1	1	
6014106	1	1	
6014107	1	1	
6014108	1	1	
6014109	1	1	
6014110	1	1	
6014111	1	1	
6014112	1	1	
6014113	1	1	
6014114	1	1	
6014115	1	1	
6014116	1	1	
6014117	1	1	
6014118	1	1	
6014119	1	1	
6014120	1	1	
6014121	1	1	
6014122	1	1	
6014125	1	1	
6014126	1	1	
6014127	1	1	
6014128	1	1	
6014129	1	1	
6014130	1	1	
6014131	1	1	
6211101	1	1	
6211102	1	1	
6211103	1	1	
6211104	1	1	
6211105	1	1	
6211106	1	1	
6211107	1	1	
6211110	1	1	
6211111	1	1	
6211112	1	1	
6211113	1	1	
6211114	1	1	
6211115	1	1	
6211116	1	1	
6211117	1	1	
6211118	1	1	
6211119	1	1	
6211120	1	1	
6211121	1	1	
6211122	1	1	
6211123	1	1	
6211124	1	1	
6211125	1	1	
6211126	1	1	
6211127	1	1	
6211128	1	1	
6211129	1	1	
6211130	1	1	
6211131	1	1	
6211132	1	1	
6211133	1	1	
6211134	1	1	
6211135	1	1	
6211136	1	1	
6211137	1	1	
6211138	1	1	
6211139	1	1	
6211140	1	1	
6211143	1	1	
6211146	1	1	
6211201	1	1	
6211204	1	1	
6211205	1	1	
6211206	1	1	
6211207	1	1	
6211208	1	1	
6211209	1	1	
6211210	1	1	
6211211	1	1	
6211212	1	1	
6211213	1	1	
6211214	1	1	
6211215	1	1	
6211216	1	1	
6211217	1	1	
6211218	1	1	
6211219	1	1	
6211222	1	1	
6212101	1	1	
6212102	1	1	
6212103	1	1	
6212104	1	1	
6212107	1	1	
6212108	1	1	
6212109	1	1	
6212110	1	1	
6212111	1	1	
6212112	1	1	
6212113	1	1	
6212114	1	1	
6212115	1	1	
6212116	1	1	
6212117	1	1	
6212118	1	1	
6212119	1	1	
6212120	1	1	
6212121	1	1	
6212122	1	1	
6212123	1	1	
6212124	1	1	
6212125	1	1	
6212126	1	1	
6212127	1	1	
6212128	1	1	
6212129	1	1	
6212130	1	1	
6212131	1	1	
6212132	1	1	
6212133	1	1	
6212134	1	1	
6212135	1	1	
6212136	1	1	
6212137	1	1	
6212138	1	1	
6212139	1	1	
6212140	1	1	
6212141	1	1	
6212142	1	1	
6212143	1	1	
6212144	1	1	
6212145	1	1	
6212146	1	1	
6212147	1	1	
6212148	1	1	
6212149	1	1	
6212150	1	1	
6212151	1	1	
6212152	1	1	
6212155	1	1	
6212158	1	1	
6212159	1	1	
6212204	1	1	
6212205	1	1	
6212206	1	1	
6212207	1	1	
6212208	1	1	
6212209	1	1	
6212210	1	1	
6212211	1	1	
6212212	1	1	
6213101	1	1	
6213104	1	1	
6213107	1	1	
6411101	1	1	
6411102	1	1	
6411103	1	1	
6411104	1	1	
6411105	1	1	
6411106	1	1	
6411107	1	1	
6411108	1	1	
6411109	1	1	
6411110	1	1	
6411111	1	1	
6411112	1	1	
6412101	1	1	
6412102	1	1	
6412103	1	1	
6412104	1	1	
6412105	1	1	
6412106	1	1	
6412107	1	1	
6412108	1	1	
6412109	1	1	
6412110	1	1	
6412111	1	1	
6412112	1	1	
6412113	1	1	
6412114	1	1	
6412115	1	1	
6412116	1	1	
6412117	1	1	
6412118	1	1	
6412119	1	1	
6412120	1	1	
6412121	1	1	
6412122	1	1	
6412123	1	1	
6412124	1	1	
6412125	1	1	
6412126	1	1	
6412127	1	1	
6412131	1	1	
6412132	1	1	
6412133	1	1	
6412134	1	1	
6412135	1	1	
6412136	1	1	
6412201	1	1	
6412202	1	1	
6412203	1	1	
6412204	1	1	
6412205	1	1	
6412206	1	1	
6412207	1	1	
6412208	1	1	
6412209	1	1	
6412210	1	1	
6412211	1	1	
6412212	1	1	
6412213	1	1	
6412214	1	1	
6412215	1	1	
6412216	1	1	
6412219	1	1	
6412220	1	1	
6412221	1	1	
6412401	1	1	
6412402	1	1	
6412403	1	1	
6413101	1	1	
6413102	1	1	
6413103	1	1	
6413107	1	1	
6413108	1	1	
6413109	1	1	
6414201	1	1	
6415101	1	1	
6415102	1	1	
6415103	1	1	
6415104	1	1	
6415105	1	1	
6415106	1	1	
6415107	1	1	
6415108	1	1	
6415109	1	1	
6415110	1	1	
6415111	1	1	
6415112	1	1	
6415113	1	1	
6415114	1	1	
6415115	1	1	
6415116	1	1	
6415117	1	1	
6415118	1	1	
6415119	1	1	
6415120	1	1	
6415121	1	1	
6415122	1	1	
6415123	1	1	
6415124	1	1	
6415125	1	1	
6415126	1	1	
6415127	1	1	
6415128	1	1	
6415129	1	1	
6415130	1	1	
6415131	1	1	
6415132	1	1	
6415133	1	1	
6415134	1	1	
6415135	1	1	
6415136	1	1	
6415137	1	1	
6415140	1	1	
6415141	1	1	
6415142	1	1	
6582101	1	1	
6582102	1	1	
6582103	1	1	
6582104	1	1	
6582105	1	1	
6582106	1	1	
6582107	1	1	
6582108	1	1	
6582109	1	1	
6582110	1	1	
6582111	1	1	
6582112	1	1	
6611101	1	1	
6611102	1	1	
6611103	1	1	
6611104	1	1	
6611105	1	1	
6611106	1	1	
6611107	1	1	
6611108	1	1	
6611109	1	1	
6611110	1	1	
6611111	1	1	
6611112	1	1	
6611113	1	1	
6611114	1	1	
6611115	1	1	
6611116	1	1	
6611117	1	1	
6611118	1	1	
6611119	1	1	
6611120	1	1	
6611121	1	1	
6611122	1	1	
6611123	1	1	
6611124	1	1	
6611201	1	1	
6611202	1	1	
6611203	1	1	
6611204	1	1	
6611205	1	1	
6611206	1	1	
6611207	1	1	
6611208	1	1	
6611209	1	1	
6611210	1	1	
6611211	1	1	
6611212	1	1	
6611213	1	1	
6611214	1	1	
6611215	1	1	
6611216	1	1	
6611217	1	1	
6611218	1	1	
6611219	1	1	
6611220	1	1	
6611221	1	1	
6611222	1	1	
6611223	1	1	
6611224	1	1	
6611228	1	1	
6611229	1	1	
6611230	1	1	
6611231	1	1	
6611232	1	1	
6611233	1	1	
6611301	1	1	
6611302	1	1	
6611303	1	1	
6611401	1	1	
6611402	1	1	
6611403	1	1	
6611501	1	1	
6611502	1	1	
6611503	1	1	
6612101	1	1	
6612102	1	1	
6612103	1	1	
6612104	1	1	
6612105	1	1	
6612106	1	1	
6612107	1	1	
6612108	1	1	
6612109	1	1	
6612110	1	1	
6612111	1	1	
6612112	1	1	
6612113	1	1	
6612114	1	1	
6612115	1	1	
6612116	1	1	
6612117	1	1	
6612118	1	1	
6612119	1	1	
6612120	1	1	
6612121	1	1	
6612122	1	1	
6612123	1	1	
6612124	1	1	
6612125	1	1	
6612126	1	1	
6612127	1	1	
6612128	1	1	
6612129	1	1	
6612130	1	1	
6612201	1	1	
6612202	1	1	
6612203	1	1	
6612204	1	1	
6612205	1	1	
6612206	1	1	
6612207	1	1	
6612208	1	1	
6612209	1	1	
6612210	1	1	
6612211	1	1	
6612212	1	1	
6612213	1	1	
6612214	1	1	
6612215	1	1	
6612216	1	1	
6612217	1	1	
6612218	1	1	
6612219	1	1	
6612220	1	1	
6612221	1	1	
6612222	1	1	
6612223	1	1	
6612224	1	1	
6612225	1	1	
6612226	1	1	
6612227	1	1	
6612228	1	1	
6612229	1	1	
6612230	1	1	
6612231	1	1	
6612232	1	1	
6612233	1	1	
6612237	1	1	
6612238	1	1	
6612239	1	1	
6612240	1	1	
6612241	1	1	
6612242	1	1	
6613101	1	1	
6613102	1	1	
6613103	1	1	
6613104	1	1	
6613105	1	1	
6613106	1	1	
6613107	1	1	
6613108	1	1	
6613109	1	1	
6613201	1	1	
6613202	1	1	
6613203	1	1	
6613204	1	1	
6613205	1	1	
6613206	1	1	
6613207	1	1	
6613208	1	1	
6613209	1	1	
6613210	1	1	
6613211	1	1	
6613212	1	1	
6613213	1	1	
6613216	1	1	
6613217	1	1	
6613218	1	1	
6613219	1	1	
6613220	1	1	
6613221	1	1	
6613301	1	1	
6613302	1	1	
6613303	1	1	
6613304	1	1	
6613305	1	1	
6613306	1	1	
6613307	1	1	
6613308	1	1	
6613309	1	1	
6613310	1	1	
6613311	1	1	
6613312	1	1	
6613313	1	1	
6613314	1	1	
6613315	1	1	
6613316	1	1	
6613317	1	1	
6613318	1	1	
6613319	1	1	
6613320	1	1	
6613321	1	1	
6613322	1	1	
6613323	1	1	
6613324	1	1	
6613401	1	1	
6614104	1	1	
6614105	1	1	
6614106	1	1	
6614107	1	1	
6616101	1	1	
6616102	1	1	
6616103	1	1	
6616104	1	1	
6616105	1	1	
6616106	1	1	
6616107	1	1	
6616108	1	1	
6616109	1	1	
6616110	1	1	
6617101	1	1	
6617104	1	1	
6617107	1	1	
6631201	1	1	
6631202	1	1	
6631203	1	1	
6631204	1	1	
6631205	1	1	
6631206	1	1	
6631207	1	1	
6651201	1	1	
6651202	1	1	
6651203	1	1	
6651204	1	1	
6651205	1	1	
6651206	1	1	
6651207	1	1	
6651208	1	1	
6651209	1	1	
6651210	1	1	
6671101	1	1	
6671102	1	1	
6671103	1	1	
6681101	1	1	
6681102	1	1	
6681103	1	1	
6681104	1	1	
6681105	1	1	
6681106	1	1	
6681107	1	1	
6681108	1	1	
6681109	1	1	
6681110	1	1	
6681111	1	1	
6681112	1	1	
6681113	1	1	
6681114	1	1	
6681115	1	1	
6681201	1	1	
6681202	1	1	
6681203	1	1	
6681301	1	1	
6681302	1	1	
6681303	1	1	
6692101	1	1	
6692102	1	1	
6692103	1	1	
6692104	1	1	
6692105	1	1	
6692106	1	1	
6751101	1	1	
6751102	1	1	
6751103	1	1	
6751104	1	1	
6751107	1	1	
6751201	1	1	
6751202	1	1	
6751203	1	1	
6751204	1	1	
6752101	1	1	
6752102	1	1	
6752103	1	1	
6752104	1	1	
6752107	1	1	
6781101	1	1	
6781104	1	1	
6811101	1	1	
6811102	1	1	
6811103	1	1	
6811104	1	1	
6811105	1	1	
6811106	1	1	
6811119	1	1	
6811120	1	1	
6811121	1	1	
6811122	1	1	
6811123	1	1	
6811124	1	1	
6811125	1	1	
6811126	1	1	
6811127	1	1	
6811128	1	1	
6811129	1	1	
6811130	1	1	
6811131	1	1	
6811132	1	1	
6811133	1	1	
6811134	1	1	
6811135	1	1	
6811136	1	1	
6811137	1	1	
6811138	1	1	
6811139	1	1	
6811140	1	1	
6811141	1	1	
6811142	1	1	
6811143	1	1	
6811144	1	1	
6811145	1	1	
6811146	1	1	
6811149	1	1	
6811152	1	1	
6811155	1	1	
6811201	1	1	
6811202	1	1	
6811203	1	1	
6811204	1	1	
6811205	1	1	
6811206	1	1	
6811207	1	1	
6811208	1	1	
6811209	1	1	
6811210	1	1	
6811211	1	1	
6811212	1	1	
6811213	1	1	
6811301	1	1	
6811302	1	1	
6811303	1	1	
6811304	1	1	
6811305	1	1	
6811306	1	1	
6811307	1	1	
6811308	1	1	
6811309	1	1	
6811310	1	1	
6811311	1	1	
6811312	1	1	
6811313	1	1	
6811314	1	1	
6811315	1	1	
6811316	1	1	
6811317	1	1	
6811318	1	1	
6811319	1	1	
6811320	1	1	
6811321	1	1	
6811322	1	1	
6811323	1	1	
6811324	1	1	
6811325	1	1	
6811328	1	1	
6812101	1	1	
6812102	1	1	
6812103	1	1	
6813104	1	1	
6813107	1	1	
6813108	1	1	
6813109	1	1	
6813110	1	1	
6813111	1	1	
6813112	1	1	
6813113	1	1	
6813114	1	1	
6813115	1	1	
6813116	1	1	
6813117	1	1	
6813118	1	1	
6816110	1	1	
6816111	1	1	
6816112	1	1	
6818101	1	1	
6818102	1	1	
6818103	1	1	
6818104	1	1	
6818105	1	1	
6818106	1	1	
6818107	1	1	
6818108	1	1	
6818109	1	1	
6818110	1	1	
6818111	1	1	
6818112	1	1	
6818113	1	1	
6818114	1	1	
6818115	1	1	
6818116	1	1	
6818117	1	1	
6818118	1	1	
6818119	1	1	
6818120	1	1	
6818121	1	1	
6881101	1	1	
6881104	1	1	
6911101	1	1	
6911102	1	1	
6911103	1	1	
6911104	1	1	
6911105	1	1	
6911106	1	1	
7011101	1	1	
7011102	1	1	
7011103	1	1	
7011104	1	1	
7011105	1	1	
7011106	1	1	
7011107	1	1	
7011108	1	1	
7011109	1	1	
7011110	1	1	
7111101	1	1	
7111102	1	1	
7111103	1	1	
7111104	1	1	
7111105	1	1	
7111106	1	1	
7111107	1	1	
7111108	1	1	
7111109	1	1	
7111110	1	1	
7111111	1	1	
7111112	1	1	
7111113	1	1	
7111114	1	1	
7111115	1	1	
7111116	1	1	
7111117	1	1	
7111118	1	1	
7111119	1	1	
7111122	1	1	
7111123	1	1	
7111124	1	1	
7111125	1	1	
7111126	1	1	
7111127	1	1	
7111128	1	1	
7111129	1	1	
7111130	1	1	
7111131	1	1	
7111132	1	1	
7111133	1	1	
7111134	1	1	
7111137	1	1	
7111140	1	1	
7111201	1	1	
7111202	1	1	
7111203	1	1	
7111204	1	1	
7111205	1	1	
7111206	1	1	
7111207	1	1	
7111208	1	1	
7111209	1	1	
7111210	1	1	
7111211	1	1	
7111212	1	1	
7111213	1	1	
7111214	1	1	
7111215	1	1	
7111216	1	1	
7111219	1	1	
7111222	1	1	
7111223	1	1	
7111224	1	1	
7111225	1	1	
7111226	1	1	
7111227	1	1	
7111228	1	1	
7111231	1	1	
7111301	1	1	
7111302	1	1	
7111303	1	1	
7111304	1	1	
7111305	1	1	
7111306	1	1	
7111310	1	1	
7111311	1	1	
7111312	1	1	
7111313	1	1	
7111319	1	1	
7111322	1	1	
7111325	1	1	
7111401	1	1	
7111402	1	1	
7111403	1	1	
7111404	1	1	
7111405	1	1	
7111406	1	1	
7111407	1	1	
7111408	1	1	
7111409	1	1	
7111410	1	1	
7111411	1	1	
7111412	1	1	
7111413	1	1	
7111414	1	1	
7111415	1	1	
7111416	1	1	
7111417	1	1	
7111418	1	1	
7111419	1	1	
7111420	1	1	
7111421	1	1	
7111422	1	1	
7111423	1	1	
7111424	1	1	
7111425	1	1	
7111426	1	1	
7111427	1	1	
7111428	1	1	
7111429	1	1	
7111430	1	1	
7111431	1	1	
7111432	1	1	
7111433	1	1	
7111434	1	1	
7111435	1	1	
7111436	1	1	
7111437	1	1	
7111438	1	1	
7111439	1	1	
7111440	1	1	
7111441	1	1	
7111442	1	1	
7111443	1	1	
7111444	1	1	
7111445	1	1	
7111446	1	1	
7111447	1	1	
7111448	1	1	
7111449	1	1	
7111450	1	1	
7111451	1	1	
7111452	1	1	
7111455	1	1	
7111456	1	1	
7111457	1	1	
7111458	1	1	
7111459	1	1	
7111460	1	1	
7111461	1	1	
7111462	1	1	
7111463	1	1	
7111464	1	1	
7111465	1	1	
7111466	1	1	
7111467	1	1	
7111468	1	1	
7111469	1	1	
7111470	1	1	
7111471	1	1	
7111472	1	1	
7111473	1	1	
7111474	1	1	
7111475	1	1	
7111476	1	1	
7111477	1	1	
7111478	1	1	
7111479	1	1	
7111480	1	1	
7111481	1	1	
7111482	1	1	
7111483	1	1	
7111484	1	1	
7111485	1	1	
7111486	1	1	
7111487	1	1	
7111488	1	1	
7111491	1	1	
7112101	1	1	
7112102	1	1	
7112103	1	1	
7112104	1	1	
7112105	1	1	
7112106	1	1	
7112107	1	1	
7112108	1	1	
7112109	1	1	
7112110	1	1	
7112111	1	1	
7112112	1	1	
7112113	1	1	
7112114	1	1	
7112115	1	1	
7112116	1	1	
7112117	1	1	
7112118	1	1	
7112119	1	1	
7112120	1	1	
7112121	1	1	
7112122	1	1	
7112125	1	1	
7112131	1	1	
7112140	1	1	
7112141	1	1	
7112142	1	1	
7112143	1	1	
7112144	1	1	
7112145	1	1	
7112146	1	1	
7112147	1	1	
7112148	1	1	
7112149	1	1	
7112150	1	1	
7112151	1	1	
7112152	1	1	
7112155	1	1	
7112158	1	1	
7112201	1	1	
7112202	1	1	
7112203	1	1	
7112204	1	1	
7112205	1	1	
7112206	1	1	
7112207	1	1	
7112208	1	1	
7112209	1	1	
7112210	1	1	
7112211	1	1	
7112212	1	1	
7112213	1	1	
7112216	1	1	
7112219	1	1	
7112222	1	1	
7112223	1	1	
7112224	1	1	
7112225	1	1	
7112226	1	1	
7112227	1	1	
7112228	1	1	
7112231	1	1	
7112234	1	1	
7112301	1	1	
7112302	1	1	
7112303	1	1	
7112304	1	1	
7112305	1	1	
7112306	1	1	
7112307	1	1	
7112310	1	1	
7112313	1	1	
7112316	1	1	
7112319	1	1	
7112325	1	1	
7112326	1	1	
7112327	1	1	
7112328	1	1	
7112329	1	1	
7112330	1	1	
7112331	1	1	
7112334	1	1	
7112401	1	1	
7112402	1	1	
7112403	1	1	
7112410	1	1	
7112413	1	1	
7112414	1	1	
7112415	1	1	
7112416	1	1	
7112417	1	1	
7112418	1	1	
7112419	1	1	
7112420	1	1	
7112421	1	1	
7112422	1	1	
7112423	1	1	
7112424	1	1	
7112425	1	1	
7112426	1	1	
7112427	1	1	
7112428	1	1	
7112429	1	1	
7112430	1	1	
7112431	1	1	
7112432	1	1	
7112433	1	1	
7112434	1	1	
7112435	1	1	
7112436	1	1	
7112437	1	1	
7112438	1	1	
7112439	1	1	
7112440	1	1	
7112441	1	1	
7112442	1	1	
7112443	1	1	
7112444	1	1	
7112445	1	1	
7112446	1	1	
7112447	1	1	
7112448	1	1	
7112449	1	1	
7112450	1	1	
7112451	1	1	
7112452	1	1	
7112453	1	1	
7112454	1	1	
7112455	1	1	
7112456	1	1	
7112457	1	1	
7112458	1	1	
7112459	1	1	
7112460	1	1	
7112461	1	1	
7112462	1	1	
7112463	1	1	
7112464	1	1	
7112465	1	1	
7112466	1	1	
7112467	1	1	
7112468	1	1	
7112469	1	1	
7112470	1	1	
7112471	1	1	
7112472	1	1	
7112473	1	1	
7112474	1	1	
7112475	1	1	
7112476	1	1	
7112477	1	1	
7112478	1	1	
7112479	1	1	
7112480	1	1	
7112481	1	1	
7112482	1	1	
7112483	1	1	
7112484	1	1	
7112485	1	1	
7112488	1	1	
7112489	1	1	
7112491	1	1	
7112494	1	1	
7112501	1	1	
7112502	1	1	
7112503	1	1	
7112504	1	1	
7112507	1	1	
7112510	1	1	
7113101	1	1	
7113102	1	1	
7113103	1	1	
7113104	1	1	
7113105	1	1	
7113106	1	1	
7113107	1	1	
7113108	1	1	
7113109	1	1	
7113110	1	1	
7113111	1	1	
7113112	1	1	
7113113	1	1	
7113114	1	1	
7113115	1	1	
7113116	1	1	
7113117	1	1	
7113118	1	1	
7113119	1	1	
7113122	1	1	
7113125	1	1	
7113128	1	1	
7113204	1	1	
7113205	1	1	
7113206	1	1	
7113207	1	1	
7113208	1	1	
7113209	1	1	
7113210	1	1	
7113211	1	1	
7113212	1	1	
7113213	1	1	
7113214	1	1	
7113215	1	1	
7113216	1	1	
7113217	1	1	
7113218	1	1	
7113219	1	1	
7113220	1	1	
7113221	1	1	
7113243	1	1	
7113244	1	1	
7113245	1	1	
7113246	1	1	
7113247	1	1	
7113248	1	1	
7113249	1	1	
7113252	1	1	
7113301	1	1	
7113302	1	1	
7113303	1	1	
7113304	1	1	
7113305	1	1	
7113306	1	1	
7113310	1	1	
7113316	1	1	
7113317	1	1	
7113318	1	1	
7113319	1	1	
7113320	1	1	
7113321	1	1	
7113322	1	1	
7113323	1	1	
7113324	1	1	
7113325	1	1	
7113401	1	1	
7113402	1	1	
7113403	1	1	
7113404	1	1	
7113405	1	1	
7113406	1	1	
7113407	1	1	
7113408	1	1	
7113409	1	1	
7113410	1	1	
7113413	1	1	
7113416	1	1	
7113501	1	1	
7113502	1	1	
7113503	1	1	
7113504	1	1	
7114101	1	1	
7114102	1	1	
7114103	1	1	
7114104	1	1	
7114105	1	1	
7114106	1	1	
7114107	1	1	
7114108	1	1	
7114109	1	1	
7114158	1	1	
7114159	1	1	
7114160	1	1	
7114161	1	1	
7114162	1	1	
7114163	1	1	
7114164	1	1	
7114165	1	1	
7114166	1	1	
7114167	1	1	
7114168	1	1	
7114169	1	1	
7114170	1	1	
7114182	1	1	
7114183	1	1	
7114184	1	1	
7114185	1	1	
7114186	1	1	
7114187	1	1	
7114188	1	1	
7114191	1	1	
7114194	1	1	
7114197	1	1	
7114201	1	1	
7114202	1	1	
7114203	1	1	
7114204	1	1	
7114205	1	1	
7114206	1	1	
7114207	1	1	
7114210	1	1	
7114222	1	1	
7114223	1	1	
7114224	1	1	
7114225	1	1	
7114226	1	1	
7114227	1	1	
7114228	1	1	
7114229	1	1	
7114230	1	1	
7114231	1	1	
7114232	1	1	
7114233	1	1	
7114234	1	1	
7114235	1	1	
7114236	1	1	
7114237	1	1	
7114240	1	1	
7114301	1	1	
7114302	1	1	
7114303	1	1	
7114304	1	1	
7114305	1	1	
7114306	1	1	
7114307	1	1	
7114308	1	1	
7114309	1	1	
7114310	1	1	
7114311	1	1	
7114312	1	1	
7114313	1	1	
7114314	1	1	
7114315	1	1	
7114316	1	1	
7114317	1	1	
7114318	1	1	
7114319	1	1	
7114320	1	1	
7114321	1	1	
7114322	1	1	
7114323	1	1	
7114324	1	1	
7114325	1	1	
7114326	1	1	
7114327	1	1	
7114328	1	1	
7114329	1	1	
7114330	1	1	
7114331	1	1	
7114332	1	1	
7114333	1	1	
7114334	1	1	
7114335	1	1	
7114336	1	1	
7114337	1	1	
7114338	1	1	
7114339	1	1	
7114340	1	1	
7114341	1	1	
7114342	1	1	
7114343	1	1	
7114347	1	1	
7114352	1	1	
7114353	1	1	
7114354	1	1	
7114355	1	1	
7114358	1	1	
7114359	1	1	
7114360	1	1	
7114361	1	1	
7114362	1	1	
7114363	1	1	
7114364	1	1	
7114365	1	1	
7114366	1	1	
7114367	1	1	
7114368	1	1	
7114369	1	1	
7114401	1	1	
7114402	1	1	
7114403	1	1	
7114404	1	1	
7114407	1	1	
7114410	1	1	
7114413	1	1	
7114417	1	1	
7115101	1	1	
7115102	1	1	
7115103	1	1	
7115104	1	1	
7116107	1	1	
7116108	1	1	
7116109	1	1	
7116110	1	1	
7116111	1	1	
7116112	1	1	
7116113	1	1	
7116114	1	1	
7116115	1	1	
7116116	1	1	
7116117	1	1	
7116118	1	1	
7116119	1	1	
7116120	1	1	
7116121	1	1	
7116122	1	1	
7116123	1	1	
7116124	1	1	
7116125	1	1	
7116126	1	1	
7116127	1	1	
7116128	1	1	
7116131	1	1	
7116132	1	1	
7116133	1	1	
7116134	1	1	
7116137	1	1	
7116140	1	1	
7117101	1	1	
7117104	1	1	
7117107	1	1	
7117108	1	1	
7117109	1	1	
7117110	1	1	
7117111	1	1	
7117112	1	1	
7117113	1	1	
7117114	1	1	
7117115	1	1	
7117116	1	1	
7117117	1	1	
7117118	1	1	
7117119	1	1	
7117122	1	1	
7117125	1	1	
7117128	1	1	
7117131	1	1	
7121101	1	1	
7121102	1	1	
7121103	1	1	
7122101	1	1	
7122102	1	1	
7122103	1	1	
7122104	1	1	
7122105	1	1	
7122106	1	1	
7122201	1	1	
7151110	1	1	
7211101	1	1	
7211102	1	1	
7211103	1	1	
7211104	1	1	
7211105	1	1	
7211106	1	1	
7211107	1	1	
7211108	1	1	
7211109	1	1	
7211110	1	1	
7211111	1	1	
7211112	1	1	
7211113	1	1	
7211114	1	1	
7211115	1	1	
7211116	1	1	
7211117	1	1	
7211118	1	1	
7211119	1	1	
7211120	1	1	
7211121	1	1	
7211122	1	1	
7211123	1	1	
7211124	1	1	
7212101	1	1	
7212102	1	1	
7212103	1	1	
7212104	1	1	
7212105	1	1	
7212106	1	1	
7212107	1	1	
7212108	1	1	
7212109	1	1	
7212110	1	1	
7212111	1	1	
7212112	1	1	
7212113	1	1	
7212114	1	1	
7212115	1	1	
7212116	1	1	
7212117	1	1	
7212118	1	1	
7213101	1	1	
7213102	1	1	
7213103	1	1	
7213104	1	1	
7213105	1	1	
7213106	1	1	
7213107	1	1	
7213108	1	1	
7213109	1	1	
7213110	1	1	
7213111	1	1	
7213112	1	1	
7213113	1	1	
7213114	1	1	
7213115	1	1	
7221101	1	1	
7221102	1	1	
7221103	1	1	
7251101	1	1	
7251102	1	1	
7251103	1	1	
7251104	1	1	
7251105	1	1	
7251106	1	1	
7251107	1	1	
7251108	1	1	
7251109	1	1	
7251110	1	1	
7251111	1	1	
7251112	1	1	
7251113	1	1	
7251114	1	1	
7251115	1	1	
7251119	1	1	
7251120	1	1	
7251121	1	1	
7251122	1	1	
7251123	1	1	
7251124	1	1	
7251125	1	1	
7251126	1	1	
7251127	1	1	
7251128	1	1	
7251131	1	1	
7251132	1	1	
7251133	1	1	
7251134	1	1	
7251135	1	1	
7251136	1	1	
7251137	1	1	
7251140	1	1	
7253101	1	1	
7253102	1	1	
7253103	1	1	
7253104	1	1	
7253105	1	1	
7253106	1	1	
7253107	1	1	
7253108	1	1	
7253109	1	1	
7253110	1	1	
7253111	1	1	
7253112	1	1	
7311101	1	1	
7311102	1	1	
7311103	1	1	
7311104	1	1	
7311107	1	1	
7311110	1	1	
7312101	1	1	
7312102	1	1	
7312103	1	1	
7313101	1	1	
7313102	1	1	
7313103	1	1	
7313104	1	1	
7313105	1	1	
7313106	1	1	
7313107	1	1	
7313108	1	1	
7313109	1	1	
7313110	1	1	
7313111	1	1	
7313112	1	1	
7313113	1	1	
7313114	1	1	
7313115	1	1	
7313116	1	1	
7313117	1	1	
7313118	1	1	
7313119	1	1	
7313120	1	1	
7313121	1	1	
7411101	1	1	
7411102	1	1	
7411103	1	1	
7411104	1	1	
7411105	1	1	
7411106	1	1	
7411107	1	1	
7411108	1	1	
7411109	1	1	
7411110	1	1	
7411111	1	1	
7411112	1	1	
7411113	1	1	
7411114	1	1	
7411115	1	1	
7411116	1	1	
7412101	1	1	
7412102	1	1	
7412103	1	1	
7412104	1	1	
7412105	1	1	
7412106	1	1	
7412107	1	1	
7412108	1	1	
7412109	1	1	
7412110	1	1	
7412111	1	1	
7412112	1	1	
7412113	1	1	
7431101	1	1	
7451101	1	1	
7451102	1	1	
7451103	1	1	
7451104	1	1	
7451105	1	1	
7451106	1	1	
7451107	1	1	
7451108	1	1	
7451109	1	1	
7485101	1	1	
7485102	1	1	
7485103	1	1	
7485104	1	1	
7485105	1	1	
7485106	1	1	
7511110	1	1	
7511111	1	1	
7511112	1	1	
7511116	1	1	
7511117	1	1	
7511118	1	1	
7511119	1	1	
7512101	1	1	
7513101	1	1	
7513102	1	1	
7513103	1	1	
7513110	1	1	
7513111	1	1	
7513112	1	1	
7513113	1	1	
7513114	1	1	
7513115	1	1	
7513116	1	1	
7513117	1	1	
7513118	1	1	
7513119	1	1	
7513120	1	1	
7513121	1	1	
7513122	1	1	
7513123	1	1	
7513124	1	1	
7513125	1	1	
7513126	1	1	
7513127	1	1	
7513128	1	1	
7513129	1	1	
7513130	1	1	
7513131	1	1	
7513132	1	1	
7513133	1	1	
7711101	1	1	
7711102	1	1	
7711103	1	1	
7711201	1	1	
7711202	1	1	
7711203	1	1	
7711204	1	1	
7711207	1	1	
7711208	1	1	
7711209	1	1	
7711210	1	1	
7711213	1	1	
7771101	1	1	
7771102	1	1	
7771103	1	1	
7771104	1	1	
7771105	1	1	
7771106	1	1	
7771107	1	1	
7771108	1	1	
7771109	1	1	
7771110	1	1	
7771111	1	1	
7771112	1	1	
7771113	1	1	
7771116	1	1	
7771119	1	1	
7772101	1	1	
7772102	1	1	
7772103	1	1	
7772104	1	1	
7772105	1	1	
7772106	1	1	
7772107	1	1	
7772108	1	1	
7772109	1	1	
7772110	1	1	
7772111	1	1	
7772112	1	1	
7772113	1	1	
7772116	1	1	
7772119	1	1	
7772122	1	1	
7773101	1	1	
7773102	1	1	
7773103	1	1	
7773104	1	1	
7773107	1	1	
7773110	1	1	
7773113	1	1	
7773116	1	1	
7811101	1	1	
7811102	1	1	
7811103	1	1	
7811104	1	1	
7811105	1	1	
7811106	1	1	
7811107	1	1	
7811108	1	1	
7811109	1	1	
7811110	1	1	
7811111	1	1	
7811112	1	1	
7811113	1	1	
7811114	1	1	
7811115	1	1	
7811116	1	1	
7811117	1	1	
7811118	1	1	
7811119	1	1	
7811120	1	1	
7811121	1	1	
7811122	1	1	
7812101	1	1	
7812102	1	1	
7812103	1	1	
7812104	1	1	
7812105	1	1	
7812106	1	1	
7812107	1	1	
7812108	1	1	
7812109	1	1	
7812110	1	1	
7812111	1	1	
7812112	1	1	
7813101	1	1	
7813102	1	1	
7813103	1	1	
7813104	1	1	
7813105	1	1	
7813106	1	1	
7813107	1	1	
7813108	1	1	
7813109	1	1	
7813110	1	1	
7813111	1	1	
7813112	1	1	
7813113	1	1	
7813114	1	1	
7813115	1	1	
7813201	1	1	
7813202	1	1	
7813203	1	1	
7813204	1	1	
7813205	1	1	
7813206	1	1	
7813207	1	1	
7813208	1	1	
7813209	1	1	
7813210	1	1	
7901101	1	1	
7901102	1	1	
7901103	1	1	
7901104	1	1	
7901105	1	1	
7901106	1	1	
8111101	1	1	
8111102	1	1	
8111103	1	1	
8111104	1	1	
8111105	1	1	
8111106	1	1	
8111107	1	1	
8111108	1	1	
8111109	1	1	
8111110	1	1	
8111111	1	1	
8111112	1	1	
8111113	1	1	
8111114	1	1	
8111115	1	1	
8111116	1	1	
8111117	1	1	
8111118	1	1	
8111119	1	1	
8111120	1	1	
8111121	1	1	
8111122	1	1	
8111123	1	1	
8111124	1	1	
8111125	1	1	
8111126	1	1	
8111127	1	1	
8112101	1	1	
8112102	1	1	
8112103	1	1	
8112104	1	1	
8112105	1	1	
8112106	1	1	
8112107	1	1	
8112108	1	1	
8112109	1	1	
8112110	1	1	
8112111	1	1	
8112112	1	1	
8112113	1	1	
8112114	1	1	
8112115	1	1	
8112116	1	1	
8112117	1	1	
8112118	1	1	
8112119	1	1	
8112120	1	1	
8112121	1	1	
8112122	1	1	
8112123	1	1	
8112124	1	1	
8112125	1	1	
8112126	1	1	
8112127	1	1	
8112128	1	1	
8112129	1	1	
8112130	1	1	
8112131	1	1	
8112132	1	1	
8112133	1	1	
8112134	1	1	
8112135	1	1	
8112136	1	1	
8112137	1	1	
8112138	1	1	
8112139	1	1	
8112140	1	1	
8112141	1	1	
8112142	1	1	
8113101	1	1	
8113102	1	1	
8113103	1	1	
8113104	1	1	
8113105	1	1	
8113106	1	1	
8113107	1	1	
8113108	1	1	
8113109	1	1	
8113110	1	1	
8113111	1	1	
8113112	1	1	
8113113	1	1	
8113114	1	1	
8113115	1	1	
8113116	1	1	
8113117	1	1	
8113118	1	1	
8113119	1	1	
8113120	1	1	
8113121	1	1	
8114101	1	1	
8114102	1	1	
8114103	1	1	
8151101	1	1	
8151102	1	1	
8151103	1	1	
8151104	1	1	
8151107	1	1	
8152101	1	1	
8211101	1	1	
8211102	1	1	
8211103	1	1	
8211104	1	1	
8211105	1	1	
8211106	1	1	
8211107	1	1	
8211108	1	1	
8211109	1	1	
8211110	1	1	
8211111	1	1	
8211112	1	1	
8211113	1	1	
8211114	1	1	
8211115	1	1	
8211116	1	1	
8211117	1	1	
8211118	1	1	
8211119	1	1	
8211122	1	1	
8211201	1	1	
8211202	1	1	
8211203	1	1	
8211204	1	1	
8211205	1	1	
8211206	1	1	
8211207	1	1	
8211208	1	1	
8211209	1	1	
8212101	1	1	
8212102	1	1	
8212103	1	1	
8212104	1	1	
8212105	1	1	
8212106	1	1	
8212107	1	1	
8212108	1	1	
8212109	1	1	
8212110	1	1	
8212111	1	1	
8212112	1	1	
8213101	1	1	
8213102	1	1	
8213103	1	1	
8213104	1	1	
8213105	1	1	
8213106	1	1	
8213107	1	1	
8213108	1	1	
8213109	1	1	
8213110	1	1	
8213111	1	1	
8213112	1	1	
8213113	1	1	
8213116	1	1	
8311101	1	1	
8311102	1	1	
8311103	1	1	
8311104	1	1	
8311105	1	1	
8311106	1	1	
8311119	1	1	
8311120	1	1	
8311121	1	1	
8311122	1	1	
8311123	1	1	
8311124	1	1	
8311201	1	1	
8311202	1	1	
8311203	1	1	
8311204	1	1	
8311301	1	1	
8311302	1	1	
8311303	1	1	
8312101	1	1	
8312102	1	1	
8312103	1	1	
8312104	1	1	
8312105	1	1	
8312106	1	1	
8312107	1	1	
8312108	1	1	
8312109	1	1	
8312110	1	1	
8312111	1	1	
8312112	1	1	
8312201	1	1	
8312202	1	1	
8312203	1	1	
8312204	1	1	
8312205	1	1	
8312206	1	1	
8312207	1	1	
8312208	1	1	
8312209	1	1	
8312301	1	1	
8312302	1	1	
8312303	1	1	
8312304	1	1	
8312305	1	1	
8312306	1	1	
8312307	1	1	
8312308	1	1	
8312309	1	1	
8313101	1	1	
8313102	1	1	
8313103	1	1	
8314101	1	1	
8314102	1	1	
8314103	1	1	
8314104	1	1	
8314105	1	1	
8314106	1	1	
8315101	1	1	
8315102	1	1	
8315103	1	1	
8315104	1	1	
8315105	1	1	
8315106	1	1	
8316101	1	1	
8316102	1	1	
8316103	1	1	
8316104	1	1	
8316105	1	1	
8316106	1	1	
8317101	1	1	
8317102	1	1	
8317103	1	1	
8317104	1	1	
8317105	1	1	
8317106	1	1	
8317113	1	1	
8317114	1	1	
8317115	1	1	
8411101	1	1	
8411102	1	1	
8411103	1	1	
8411104	1	1	
8411105	1	1	
8411106	1	1	
8411107	1	1	
8411108	1	1	
8411109	1	1	
8411110	1	1	
8411111	1	1	
8411112	1	1	
8412101	1	1	
8412102	1	1	
8412103	1	1	
8412104	1	1	
8412105	1	1	
8412106	1	1	
8412107	1	1	
8412108	1	1	
8412109	1	1	
8412110	1	1	
8412111	1	1	
8412112	1	1	
8421101	1	1	
8421102	1	1	
8421103	1	1	
8422101	1	1	
8422102	1	1	
8422103	1	1	
8431101	1	1	
8431102	1	1	
8431103	1	1	
8441101	1	1	
8441102	1	1	
8441103	1	1	
8441104	1	1	
8441105	1	1	
8441106	1	1	
8441107	1	1	
8441108	1	1	
8441109	1	1	
8441110	1	1	
8441113	1	1	
8441201	1	1	
8441202	1	1	
8441203	1	1	
8441204	1	1	
8441205	1	1	
8441206	1	1	
8441207	1	1	
8441208	1	1	
8441209	1	1	
8441210	1	1	
8441211	1	1	
8441212	1	1	
8441213	1	1	
8441214	1	1	
8441215	1	1	
8441216	1	1	
8441219	1	1	
8441222	1	1	
8441301	1	1	
8441302	1	1	
8441303	1	1	
8441304	1	1	
8441305	1	1	
8441306	1	1	
8441307	1	1	
8441308	1	1	
8441309	1	1	
8441310	1	1	
8441311	1	1	
8441312	1	1	
8441313	1	1	
8441314	1	1	
8441315	1	1	
8441316	1	1	
8441319	1	1	
8441322	1	1	
8441401	1	1	
8441402	1	1	
8441403	1	1	
8441404	1	1	
8441405	1	1	
8441406	1	1	
8441407	1	1	
8441410	1	1	
8442101	1	1	
8442102	1	1	
8442103	1	1	
8442104	1	1	
8442105	1	1	
8442106	1	1	
8442107	1	1	
8442108	1	1	
8442109	1	1	
8442110	1	1	
8442111	1	1	
8442112	1	1	
8442113	1	1	
8442114	1	1	
8442115	1	1	
8442116	1	1	
8442117	1	1	
8442118	1	1	
8442119	1	1	
8442120	1	1	
8442121	1	1	
8442122	1	1	
8442123	1	1	
8442124	1	1	
8442125	1	1	
8443101	1	1	
8443104	1	1	
8443107	1	1	
8443110	1	1	
8451101	1	1	
8471104	1	1	
8471105	1	1	
8471106	1	1	
8471107	1	1	
8471108	1	1	
8471109	1	1	
8471110	1	1	
8471111	1	1	
8471112	1	1	
8471113	1	1	
8471116	1	1	
8471119	1	1	
8471122	1	1	
8471201	1	1	
8471202	1	1	
8471203	1	1	
8471204	1	1	
8471205	1	1	
8471206	1	1	
8471207	1	1	
8471208	1	1	
8471209	1	1	
8471210	1	1	
8471213	1	1	
8471216	1	1	
8471219	1	1	
8471222	1	1	
8471225	1	1	
8472101	1	1	
8472102	1	1	
8472103	1	1	
8472104	1	1	
8472105	1	1	
8472106	1	1	
8472107	1	1	
8472108	1	1	
8472109	1	1	
8472110	1	1	
8472111	1	1	
8472112	1	1	
8472113	1	1	
8472122	1	1	
8472123	1	1	
8472124	1	1	
8511101	1	1	
8511102	1	1	
8511103	1	1	
8511104	1	1	
8511105	1	1	
8511106	1	1	
8511107	1	1	
8511108	1	1	
8511109	1	1	
8511110	1	1	
8511111	1	1	
8511112	1	1	
8511113	1	1	
8511114	1	1	
8511115	1	1	
8512101	1	1	
8512102	1	1	
8512103	1	1	
8512104	1	1	
8512105	1	1	
8512106	1	1	
8512107	1	1	
8512108	1	1	
8512109	1	1	
8513101	1	1	
8513102	1	1	
8513103	1	1	
8513104	1	1	
8513105	1	1	
8513106	1	1	
8513107	1	1	
8513108	1	1	
8513109	1	1	
8513110	1	1	
8513111	1	1	
8513112	1	1	
8513113	1	1	
8513114	1	1	
8513115	1	1	
8514101	1	1	
8514102	1	1	
8514103	1	1	
8514104	1	1	
8514105	1	1	
8514106	1	1	
8601101	1	1	
8601102	1	1	
8601103	1	1	
8811101	1	1	
8811102	1	1	
8811103	1	1	
8811104	1	1	
8811105	1	1	
8811106	1	1	
8811107	1	1	
8811108	1	1	
8811109	1	1	
8811110	1	1	
8811111	1	1	
8811112	1	1	
8811113	1	1	
8811114	1	1	
8811115	1	1	
8811116	1	1	
8811117	1	1	
8811118	1	1	
8811119	1	1	
8811122	1	1	
8811123	1	1	
8811124	1	1	
8821101	1	1	
8821102	1	1	
8821103	1	1	
8821201	1	1	
8821202	1	1	
8821203	1	1	
8911101	1	1	
8911102	1	1	
8911103	1	1	
8911104	1	1	
8911105	1	1	
8911106	1	1	
8911107	1	1	
8911108	1	1	
8911109	1	1	
8911110	1	1	
8911111	1	1	
8911112	1	1	
8911113	1	1	
8911201	1	1	
8911202	1	1	
8911203	1	1	
8911204	1	1	
8911205	1	1	
8911206	1	1	
8911213	1	1	
8911214	1	1	
8911215	1	1	
8911216	1	1	
8911217	1	1	
8911218	1	1	
8911219	1	1	
8911220	1	1	
8911221	1	1	
8911222	1	1	
8911223	1	1	
8911224	1	1	
8911225	1	1	
8911226	1	1	
8911227	1	1	
8911228	1	1	
8911229	1	1	
8911230	1	1	
8911231	1	1	
8911234	1	1	
8912101	1	1	
8912102	1	1	
8912103	1	1	
8912104	1	1	
8912105	1	1	
8912106	1	1	
8912107	1	1	
8912108	1	1	
8912109	1	1	
8912110	1	1	
8912111	1	1	
8912112	1	1	
8912113	1	1	
8912116	1	1	
8912128	1	1	
8912129	1	1	
8912130	1	1	
8912131	1	1	
8912132	1	1	
8912133	1	1	
8912134	1	1	
8912135	1	1	
8912136	1	1	
8912201	1	1	
8912202	1	1	
8912203	1	1	
8912204	1	1	
8912205	1	1	
8912206	1	1	
8912207	1	1	
8912210	1	1	
8912213	1	1	
8912219	1	1	
8912220	1	1	
8912221	1	1	
8912222	1	1	
8912223	1	1	
8912224	1	1	
8912225	1	1	
8912226	1	1	
8912227	1	1	
8912228	1	1	
8912229	1	1	
8912230	1	1	
8912231	1	1	
8912232	1	1	
8912233	1	1	
8912234	1	1	
8912235	1	1	
8912236	1	1	
8912237	1	1	
8912238	1	1	
8912239	1	1	
8912240	1	1	
8913101	1	1	
8913102	1	1	
8913103	1	1	
8913104	1	1	
8913105	1	1	
8913106	1	1	
8913107	1	1	
8913108	1	1	
8913109	1	1	
8913110	1	1	
8913111	1	1	
8913112	1	1	
8913113	1	1	
8913114	1	1	
8913115	1	1	
8913116	1	1	
8913119	1	1	
8913122	1	1	
8913125	1	1	
8913128	1	1	
8913201	1	1	
8913202	1	1	
8913203	1	1	
8913204	1	1	
8913205	1	1	
8913206	1	1	
8913207	1	1	
8913210	1	1	
8913213	1	1	
9111101	1	1	
9111102	1	1	
9111103	1	1	
9111104	1	1	
9111105	1	1	
9111106	1	1	
9111107	1	1	
9111108	1	1	
9111109	1	1	
9111110	1	1	
9111111	1	1	
9111112	1	1	
9111113	1	1	
9111114	1	1	
9111115	1	1	
9111116	1	1	
9112101	1	1	
9112102	1	1	
9112103	1	1	
9112104	1	1	
9112105	1	1	
9112106	1	1	
9112107	1	1	
9112108	1	1	
9112109	1	1	
9112110	1	1	
9112111	1	1	
9112112	1	1	
9112113	1	1	
9112114	1	1	
9112115	1	1	
9112116	1	1	
9112117	1	1	
9112118	1	1	
9112119	1	1	
9112120	1	1	
9112121	1	1	
9112122	1	1	
9112123	1	1	
9112124	1	1	
9112125	1	1	
9112128	1	1	
9112129	1	1	
9112130	1	1	
9112131	1	1	
9113101	1	1	
9113104	1	1	
9411101	1	1	
9411102	1	1	
9411103	1	1	
9411104	1	1	
9411105	1	1	
9411106	1	1	
9411107	1	1	
9411108	1	1	
9411109	1	1	
9411110	1	1	
9411111	1	1	
9411112	1	1	
9411113	1	1	
9411114	1	1	
9411115	1	1	
9411116	1	1	
9411117	1	1	
9411118	1	1	
9411119	1	1	
9411120	1	1	
9411121	1	1	
9411122	1	1	
9411123	1	1	
9411124	1	1	
9411125	1	1	
9411201	1	1	
9411202	1	1	
9411203	1	1	
9411204	1	1	
9411205	1	1	
9411206	1	1	
9411207	1	1	
9411208	1	1	
9411209	1	1	
9411210	1	1	
9411211	1	1	
9411212	1	1	
9411213	1	1	
9411214	1	1	
9411215	1	1	
9411216	1	1	
9411217	1	1	
9411218	1	1	
9411219	1	1	
9411301	1	1	
9411302	1	1	
9411303	1	1	
9411304	1	1	
9411305	1	1	
9411306	1	1	
9411307	1	1	
9411308	1	1	
9411309	1	1	
9411310	1	1	
9411311	1	1	
9411312	1	1	
9411313	1	1	
9411314	1	1	
9411315	1	1	
9411316	1	1	
9411317	1	1	
9411318	1	1	
9411319	1	1	
9411320	1	1	
9411321	1	1	
9411322	1	1	
9411323	1	1	
9411324	1	1	
9411325	1	1	
9411326	1	1	
9411327	1	1	
9412101	1	1	
9412102	1	1	
9412103	1	1	
9412104	1	1	
9412105	1	1	
9412106	1	1	
9412107	1	1	
9412108	1	1	
9412109	1	1	
9412113	1	1	
9412114	1	1	
9412115	1	1	
9412119	1	1	
9412120	1	1	
9412121	1	1	
9412201	1	1	
9412202	1	1	
9412203	1	1	
9412204	1	1	
9412205	1	1	
9412206	1	1	
9412207	1	1	
9412208	1	1	
9412209	1	1	
9412210	1	1	
9412211	1	1	
9412212	1	1	
9413101	1	1	
9413102	1	1	
9413103	1	1	
9413104	1	1	
9413105	1	1	
9413106	1	1	
9413107	1	1	
9413108	1	1	
9413109	1	1	
9413110	1	1	
9413111	1	1	
9413112	1	1	
9413113	1	1	
9413114	1	1	
9413115	1	1	
9413116	1	1	
9413117	1	1	
9413118	1	1	
9413119	1	1	
9413120	1	1	
9413121	1	1	
9413122	1	1	
9413201	1	1	
9413202	1	1	
9413203	1	1	
9413204	1	1	
9413205	1	1	
9413206	1	1	
9414101	1	1	
9414102	1	1	
9414103	1	1	
9414104	1	1	
9414105	1	1	
9414106	1	1	
9414107	1	1	
9414201	1	1	
9414202	1	1	
9414203	1	1	
9415104	1	1	
9415105	1	1	
9415106	1	1	
9415107	1	1	
9415108	1	1	
9415109	1	1	
9415110	1	1	
9415111	1	1	
9415112	1	1	
9415113	1	1	
9415114	1	1	
9415115	1	1	
9415201	1	1	
9415202	1	1	
9415203	1	1	
9415401	1	1	
9415402	1	1	
9415403	1	1	
9415404	1	1	
9415407	1	1	
9415410	1	1	
9416101	1	1	
9416102	1	1	
9416103	1	1	
9416104	1	1	
9416105	1	1	
9416106	1	1	
9416107	1	1	
9416108	1	1	
9416109	1	1	
9416110	1	1	
9416111	1	1	
9416112	1	1	
9416113	1	1	
9416114	1	1	
9416115	1	1	
9417101	1	1	
9417102	1	1	
9417103	1	1	
9418101	1	1	
9418102	1	1	
9418103	1	1	
9418104	1	1	
9418105	1	1	
9418106	1	1	
9419101	1	1	
9419102	1	1	
9419103	1	1	
9419104	1	1	
9419107	1	1	
9420101	1	1	
9420102	1	1	
9420103	1	1	
9420104	1	1	
9420105	1	1	
9420106	1	1	
9420107	1	1	
9421101	1	1	
9421104	1	1	
9421107	1	1	
9421110	1	1	
9421113	1	1	
9611101	1	1	
9611102	1	1	
9611103	1	1	
9611104	1	1	
9611105	1	1	
9611106	1	1	
9611107	1	1	
9611108	1	1	
9611109	1	1	
9611110	1	1	
9611111	1	1	
9611112	1	1	
9611125	1	1	
9611126	1	1	
9611127	1	1	
9611128	1	1	
9611129	1	1	
9611130	1	1	
9611131	1	1	
9611132	1	1	
9611133	1	1	
9611134	1	1	
9611135	1	1	
9611136	1	1	
9611137	1	1	
9611138	1	1	
9611139	1	1	
9611140	1	1	
9611141	1	1	
9611142	1	1	
9612101	1	1	
9612102	1	1	
9612103	1	1	
9612104	1	1	
9612105	1	1	
9612106	1	1	
9612107	1	1	
9612108	1	1	
9612109	1	1	
9612110	1	1	
9612111	1	1	
9612112	1	1	
9612113	1	1	
9612114	1	1	
9612115	1	1	
9612116	1	1	
9612117	1	1	
9612118	1	1	
9612119	1	1	
9612120	1	1	
9612121	1	1	
9612122	1	1	
9612123	1	1	
9612124	1	1	
9612125	1	1	
9612126	1	1	
9612127	1	1	
9612128	1	1	
9612131	1	1	
9613101	1	1	
9613102	1	1	
9613103	1	1	
9613104	1	1	
9613105	1	1	
9613106	1	1	
9613107	1	1	
9613108	1	1	
9613109	1	1	
9613110	1	1	
9613111	1	1	
9613112	1	1	
9613113	1	1	
9613114	1	1	
9613115	1	1	
9613116	1	1	
9613117	1	1	
9613118	1	1	
9613119	1	1	
9613120	1	1	
9613121	1	1	
9614101	1	1	
9614104	1	1	
9614201	1	1	
9614202	1	1	
9614203	1	1	
9615101	1	1	
9615102	1	1	
9615103	1	1	
9615104	1	1	
9615105	1	1	
9615106	1	1	
9615107	1	1	
9615108	1	1	
9615109	1	1	
9615110	1	1	
9615111	1	1	
9615112	1	1	
9615113	1	1	
9615114	1	1	
9615115	1	1	
9811101	1	1	
9811102	1	1	
9811103	1	1	
9981101	1	1	
9981102	1	1	
9981103	1	1	
9991101	1	1	
9991102	1	1	
9991103	1	1	
9991104	1	1	
9991105	1	1	
9991106	1	1	
9991107	1	1	
9991108	1	1	
9991109	1	1	
9994110	1	1	
9994111	1	1	
9995107	1	1	
9995108	1	1	
9995109	1	1	
9995112	1	1	
11111101	1	1	
11151101	1	1	
11211101	1	1	
11212101	1	1	
11213101	1	1	
11253101	1	1	
11261101	1	1	
11261104	1	1	
11262101	1	1	
11262104	1	1	
11262107	1	1	
11262110	1	1	
11262113	1	1	
11262116	1	1	
11311101	1	1	
11311201	1	1	
11311301	1	1	
11311304	1	1	
11412101	1	1	
11412104	1	1	
11412201	1	1	
11412204	1	1	
11412207	1	1	
11413201	1	1	
11414101	1	1	
11414104	1	1	
11414201	1	1	
11414204	1	1	
11418101	1	1	
11511101	1	1	
11511104	1	1	
11514101	1	1	
11521101	1	1	
11521104	1	1	
11521107	1	1	
11521110	1	1	
11521113	1	1	
11521201	1	1	
11521204	1	1	
11531101	1	1	
11561101	1	1	
11631101	1	1	
11631104	1	1	
11631201	1	1	
11631204	1	1	
11632101	1	1	
11632104	1	1	
11691101	1	1	
11691104	1	1	
11691107	1	1	
11691110	1	1	
11691113	1	1	
11712101	1	1	
11721101	1	1	
11721104	1	1	
11721107	1	1	
11721110	1	1	
11721113	1	1	
11721116	1	1	
11721119	1	1	
11721201	1	1	
11721204	1	1	
11721207	1	1	
11731101	1	1	
11731201	1	1	
11732101	1	1	
11733101	1	1	
11734301	1	1	
11742101	1	1	
11742401	1	1	
11743101	1	1	
11743301	1	1	
11743304	1	1	
11757101	0	1	
11757104	0	1	
11757107	0	1	
11757110	0	1	
11757113	0	1	
11757116	0	1	
11761201	1	1	
11762101	1	1	
11762701	1	1	
11781101	1	1	
11782101	1	1	
11783101	1	1	
11811101	1	1	
11811104	1	1	
11811107	1	1	
11813101	1	1	
11813104	1	1	
11814101	1	1	
11814104	1	1	
11831101	1	1	
11831104	1	1	
11831201	1	1	
11831301	1	1	
11831401	1	1	
11831601	1	1	
11831604	1	1	
11832101	1	1	
11832201	1	1	
11832204	1	1	
11832207	1	1	
11832301	1	1	
11832401	1	1	
11833101	1	1	
11833301	1	1	
11833401	1	1	
12001601	1	1	
12003101	1	1	
12082201	1	1	
12131101	1	1	
12162101	1	1	
12162201	1	1	
12201101	1	1	
12201104	1	1	
12201201	1	1	
12201204	1	1	
12203101	1	1	
12203104	1	1	
12203201	1	1	
12211101	1	1	
12211104	1	1	
12211107	1	1	
12211110	1	1	
12211113	1	1	
12211201	1	1	
12211204	1	1	
12211207	1	1	
12211210	1	1	
12211213	1	1	
12211301	1	1	
12212101	1	1	
12212104	1	1	
12212201	1	1	
12241101	1	1	
12261101	1	1	
12261201	1	1	
12261301	1	1	
12311201	1	1	
12313101	1	1	
12351201	1	1	
12351204	1	1	
12481101	1	1	
12481201	1	1	
12501101	1	1	
12501201	1	1	
12731103	1	1	
12811101	1	1	
12811201	1	1	
12841101	1	1	
12841104	1	1	
12914201	1	1	
12914301	1	1	
12914304	1	1	
12951101	1	1	
12951104	1	1	
12951201	1	1	
12951204	1	1	
12952101	1	1	
12953101	1	1	
12953104	1	1	
12953107	1	1	
12953201	1	1	
12953204	1	1	
12953301	1	1	
13001101	1	1	
13001104	1	1	
13002101	1	1	
13002104	1	1	
13212101	1	1	
13213101	1	1	
13213104	1	1	
13213201	1	1	
13251101	1	1	
13251104	1	1	
13251107	1	1	
13251110	1	1	
13252110	1	1	
13501101	1	1	
13502101	1	1	
13503101	1	1	
13591101	1	1	
13592101	1	1	
13592104	1	1	
13613101	1	1	
13614101	1	1	
13614104	1	1	
13614107	1	1	
13621201	1	1	
13622101	1	1	
13622104	1	1	
13652201	1	1	
13653101	1	1	
13811101	1	1	
13811104	1	1	
13811201	1	1	
13811204	1	1	
14032101	1	1	
14032104	1	1	
14051101	1	1	
14051201	1	1	
14073101	1	1	
14093301	1	1	
14094201	1	1	
14103401	1	1	
14261101	1	1	
14261201	1	1	
14261204	1	1	
14311101	1	1	
14311201	1	1	
14311301	1	1	
14351201	1	1	
14515101	1	1	
14521101	1	1	
14521104	1	1	
14521107	1	1	
14521110	1	1	
14521113	1	1	
14521116	1	1	
14521201	1	1	
14521204	1	1	
14582101	1	1	
14652101	1	1	
14652104	1	1	
14653101	1	1	
14653104	1	1	
14821101	1	1	
14821104	1	1	
14821201	1	1	
14821204	1	1	
14881101	1	1	
14882101	1	1	
14883101	1	1	
14883104	1	1	
14911101	1	1	
14913101	1	1	
14913104	1	1	
15351101	1	1	
15371101	1	1	
15652101	1	1	
15653101	1	1	
15671101	1	1	
15691101	1	1	
15691104	1	1	
15692101	1	1	
15692104	1	1	
15692107	1	1	
15692110	1	1	
15692113	1	1	
15702101	1	1	
15731101	1	1	
15731104	1	1	
15732101	1	1	
15732501	1	1	
15732601	1	1	
15761101	1	1	
15761201	1	1	
15762101	1	1	
15763201	1	1	
15764201	1	1	
15782101	1	1	
15782104	1	1	
15791101	1	1	
15791201	1	1	
15791301	1	1	
15791304	1	1	
15791307	1	1	
15792101	1	1	
15792104	1	1	
15792107	1	1	
15792110	1	1	
15793101	1	1	
15812301	1	1	
15813301	1	1	
15841101	1	1	
15871101	1	1	
15872101	1	1	
15872104	1	1	
15872107	1	1	
15872201	1	1	
15872204	1	1	
15872207	1	1	
15873101	1	1	
15873104	1	1	
15873201	1	1	
15874101	1	1	
15874104	1	1	
15881201	1	1	
15882101	1	1	
15882104	1	1	
15882201	1	1	
15882204	1	1	
15882207	1	1	
15891101	1	1	
15891104	1	1	
15891107	1	1	
15891110	1	1	
15891201	1	1	
15891204	1	1	
15891207	1	1	
15891210	1	1	
15891301	1	1	
15891304	1	1	
15891307	1	1	
15891310	1	1	
15891313	1	1	
15891401	1	1	
15891404	1	1	
15891501	1	1	
15891601	1	1	
15891701	1	1	
15892101	1	1	
15892201	1	1	
15892301	1	1	
15892304	1	1	
15901101	1	1	
15901104	1	1	
15902101	1	1	
15911101	1	1	
15911201	1	1	
15931101	1	1	
15931104	1	1	
15931107	1	1	
15931110	1	1	
15931201	1	1	
15931204	1	1	
15931207	1	1	
15931301	1	1	
15931304	1	1	
15931401	1	1	
15961101	1	1	
15961104	1	1	
15991201	1	1	
15992101	1	1	
15992104	1	1	
15992107	1	1	
15992110	1	1	
15992113	1	1	
15992116	1	1	
15992201	1	1	
15992204	1	1	
15992207	1	1	
15992301	1	1	
15992304	1	1	
15992307	1	1	
15993101	1	1	
16011101	1	1	
16011301	1	1	
16012101	1	1	
16012104	1	1	
16015101	1	1	
16015104	1	1	
16015107	1	1	
16211201	1	1	
16212201	1	1	
16412101	1	1	
16412104	1	1	
16416101	1	1	
16421101	1	1	
16421104	1	1	
16421107	1	1	
16421110	1	1	
16421201	1	1	
16611101	1	1	
16611501	1	1	
16611504	1	1	
16613201	1	1	
16613401	1	1	
16621101	1	1	
16621104	1	1	
16621201	1	1	
16621204	1	1	
16631201	1	1	
16631401	1	1	
16632101	1	1	
16632104	1	1	
16641101	1	1	
16641104	1	1	
16642101	1	1	
16642104	1	1	
16651201	1	1	
16651301	1	1	
16652101	1	1	
16691101	1	1	
16691201	1	1	
16691204	1	1	
16811201	1	1	
16813101	1	1	
16817101	1	1	
16818101	1	1	
16819101	1	1	
17111201	1	1	
17111401	1	1	
17111404	1	1	
17111407	1	1	
17112101	1	1	
17112301	1	1	
17112304	1	1	
17112401	1	1	
17112404	1	1	
17112501	1	1	
17113201	1	1	
17113401	1	1	
17114201	1	1	
17114301	1	1	
17117101	1	1	
17117104	1	1	
17117107	1	1	
17117110	1	1	
17117113	1	1	
17131101	1	1	
17131201	1	1	
17131301	1	1	
17211101	1	1	
17212101	1	1	
17213101	1	1	
17231101	1	1	
17311101	1	1	
17311201	1	1	
17311301	1	1	
17311401	1	1	
17311404	1	1	
17312101	1	1	
17313101	1	1	
17361101	1	1	
17361201	1	1	
17411101	1	1	
17411104	1	1	
17412101	1	1	
17412104	1	1	
17421101	1	1	
17421104	1	1	
17421107	1	1	
17421110	1	1	
17421113	1	1	
17421116	1	1	
17421119	1	1	
17422101	1	1	
17422104	1	1	
17511101	1	1	
17511104	1	1	
17511201	1	1	
17512101	1	1	
17512201	1	1	
17513101	1	1	
17514101	1	1	
17514104	1	1	
17514201	1	1	
17514204	1	1	
17515101	1	1	
17515104	1	1	
17515107	1	1	
17515201	1	1	
17515204	1	1	
17515207	1	1	
17515301	1	1	
17515304	1	1	
17515307	1	1	
17551101	1	1	
17551104	1	1	
17561101	1	1	
17561104	1	1	
17583201	1	1	
17771201	1	1	
17773201	1	1	
17791101	1	1	
17811101	1	1	
17812101	1	1	
17813101	1	1	
17813201	1	1	
17841101	1	1	
17841104	1	1	
17841107	1	1	
17842101	1	1	
17842104	1	1	
17843101	1	1	
17843104	1	1	
17843107	1	1	
17844101	1	1	
17844104	1	1	
17844201	1	1	
17844301	1	1	
18111101	1	1	
18111104	1	1	
18112101	1	1	
18112104	1	1	
18112107	1	1	
18112201	1	1	
18113101	1	1	
18113104	1	1	
18113107	1	1	
18113110	1	1	
18113201	1	1	
18114201	1	1	
18131101	1	1	
18131104	1	1	
18152101	1	1	
18181101	1	1	
18181104	1	1	
18191101	1	1	
18191104	1	1	
18211301	1	1	
18213201	1	1	
18311128	1	1	
18313101	1	1	
18314101	1	1	
18318101	1	1	
18411101	1	1	
18412101	1	1	
18441101	1	1	
18471101	1	1	
18481101	1	1	
18481104	1	1	
18481107	1	1	
18481110	1	1	
18481201	1	1	
18481204	1	1	
18511101	1	1	
18911101	1	1	
18911104	1	1	
18911107	1	1	
18911201	1	1	
18911204	1	1	
18912101	1	1	
18912201	1	1	
18912301	1	1	
18916101	1	1	
18916104	1	1	
18917101	1	1	
18917104	1	1	
18917105	1	1	
18917106	1	1	
18917201	1	1	
18917204	1	1	
19111101	1	1	
19111104	1	1	
19112101	1	1	
19113101	1	1	
19416101	1	1	
19431101	1	1	
19431201	1	1	
19431204	1	1	
19431207	1	1	
19611101	1	1	
19613101	1	1	
19614201	1	1	
19616101	1	1	
19841101	1	1	
19841104	1	1	
19841107	1	1	
19841110	1	1	
19841113	1	1	
19841116	1	1	
19841201	1	1	
19841204	1	1	
19841207	1	1	
19841210	1	1	
19841213	1	1	
19841216	1	1	
19841219	1	1	
19841222	1	1	
19841301	1	1	
19841304	1	1	
19841307	1	1	
19841310	1	1	
19843101	1	1	
19843104	1	1	
19843107	1	1	
19843110	1	1	
19843201	1	1	
19843204	1	1	
19843301	1	1	
19843304	1	1	
19843307	1	1	
21251101	1	1	
21252101	1	1	
21304201	1	1	
21701101	1	1	
21712101	1	1	
21753301	1	1	
21756101	1	1	
21756201	1	1	
21756204	1	1	
21758301	1	1	
21759301	1	1	
21759401	1	1	
21759501	1	1	
21762101	1	1	
21762201	1	1	
21762204	1	1	
21762301	1	1	
21762304	1	1	
21763101	1	1	
21821301	1	1	
21832101	1	1	
21832401	1	1	
21843401	1	1	
21843404	1	1	
21854101	1	1	
21951101	1	1	
21952101	1	1	
21952102	1	1	
21952103	1	1	
21953101	1	1	
21953102	1	1	
22161101	1	1	
22162101	1	1	
22162201	1	1	
22611201	1	1	
22612101	1	1	
22612104	1	1	
22651101	1	1	
22651104	1	1	
22651107	1	1	
22651110	1	1	
22812101	1	1	
22834101	1	1	
22834301	1	1	
23593101	1	1	
23621201	1	1	
23623101	1	1	
24853101	1	1	
24881101	1	1	
24911101	1	1	
24911304	1	1	
25631101	1	1	
25661101	1	1	
25691201	1	1	
25701101	1	1	
25702101	1	1	
25721101	1	1	
25734101	1	1	
25781101	1	1	
25791101	1	1	
25791104	1	1	
25791301	1	1	
25791401	1	1	
25791501	1	1	
25793101	1	1	
25801201	1	1	
25802101	1	1	
25803101	1	1	
25851101	1	1	
25852101	1	1	
25853101	1	1	
25861101	1	1	
25862101	1	1	
25862201	1	1	
25862301	1	1	
25862401	1	1	
25871101	1	1	
25871104	1	1	
25872101	1	1	
25891101	1	1	
25891204	1	1	
25901101	1	1	
25902101	1	1	
25911101	1	1	
26011201	1	1	
26011204	1	1	
26012101	1	1	
26012104	1	1	
26631301	1	1	
26631304	1	1	
26632201	1	1	
26632301	1	1	
26633101	1	1	
26633201	1	1	
26651201	1	1	
26651204	1	1	
26652301	1	1	
26711101	1	1	
26752101	1	1	
26818101	1	1	
27111201	1	1	
27113201	1	1	
27113204	1	1	
27113301	1	1	
27113501	1	1	
27114101	1	1	
27115101	1	1	
27116101	1	1	
27116104	1	1	
27116201	1	1	
27117101	1	1	
27141101	1	1	
27142101	1	1	
27251101	1	1	
27515101	1	1	
27583201	1	1	
27651201	1	1	
27653101	1	1	
27653201	1	1	
27711101	1	1	
28141101	1	1	
28431101	1	1	
28432101	1	1	
28852201	1	1	
29981101	1	1	
29981102	1	1	
29981104	1	1	
29981105	1	1	
29981106	1	1	
31243101	1	1	
31261101	1	1	
31283101	1	1	
31415201	1	1	
31581701	1	1	
31654201	1	1	
31682501	1	1	
31753401	1	1	
31753404	1	1	
31753407	1	1	
31753410	1	1	
31753413	1	1	
31753416	1	1	
31753419	1	1	
31815101	1	1	
31815104	1	1	
31851401	1	1	
31852201	1	1	
31853501	1	1	
31853601	1	1	
32642101	1	1	
32811101	1	1	
32912101	1	1	
32914101	1	1	
33131201	1	2	
33132101	1	2	
33133101	1	2	
33134101	1	2	
33211101	1	1	
33212101	1	1	
33213101	1	1	
33281101	1	1	
33421201	1	2	
33421301	1	2	
33421401	1	2	
33431101	1	1	
33531901	1	1	
33622101	1	1	
33651101	1	1	
34542101	1	1	
34561101	1	1	
34611101	1	1	
34612101	1	1	
34613101	1	1	
34652101	1	1	
35813301	1	1	
36691201	1	1	
36811201	1	1	
36911101	1	1	
37111401	1	1	
37111404	1	1	
37111407	1	1	
37111410	1	1	
37111413	1	1	
37112401	1	1	
37112501	1	1	
37113201	1	1	
37113204	1	1	
37113207	1	1	
37113210	1	1	
37113213	1	1	
37113301	1	1	
37114101	1	1	
37114104	1	1	
37114107	1	1	
37114201	1	1	
37114301	1	1	
37114304	1	1	
37114305	1	1	
37114306	1	1	
37114401	1	1	
37114501	1	1	
37115101	1	1	
37115104	1	1	
37115107	1	1	
37122101	1	1	
37122201	1	1	
37171301	1	1	
37171304	1	1	
37771101	1	1	
37771104	1	1	
37771107	1	1	
37772101	1	1	
37773101	1	1	
38131101	1	1	
38131301	1	1	
38811101	1	1	
38812101	1	1	
38812104	1	1	
38812107	1	1	
38812110	1	1	
38812113	1	1	
39415401	1	1	
41591201	1	1	
41621101	1	1	
41671101	1	1	
42171101	1	1	
42171104	1	1	
42171107	1	1	
42401101	1	1	
42501101	1	1	
42501104	1	1	
43261101	1	1	
43261201	1	1	
43521101	1	1	
43521201	1	1	
44681201	1	1	
44982101	1	1	
45681101	1	1	
46661101	1	1	
46661104	1	1	
47102101	1	1	
48151101	1	1	
48151104	1	1	
48151201	1	1	
48201101	1	1	
48201104	1	1	
48201107	1	1	
48201200	1	1	
48201401	1	1	
48211101	1	1	
48441101	1	1	
48471101	1	1	
48911101	1	1	
48911201	1	1	
48911204	1	1	
48912101	1	1	
48912104	1	1	
48912201	1	1	
48913101	1	1	
48913201	1	1	
51311101	1	1	
51311301	1	1	
51732101	1	1	
51762601	1	1	
51822401	1	1	
52914201	1	1	
52914301	1	1	
52914304	1	1	
52914401	1	1	
52914404	1	1	
52914501	1	1	
53592101	1	1	
53593101	1	1	
53593104	1	1	
53661101	1	1	
53661104	1	1	
53661107	1	1	
53661110	1	1	
53661301	1	1	
53661304	1	1	
55661101	1	1	
55661104	1	1	
55663101	1	1	
56691101	1	1	
56691301	1	1	
56691304	1	1	
57131101	1	1	
57711101	1	1	
57711301	1	1	
58131101	1	1	
58131301	1	1	
