1041003	1	10410030	0	1	0	1041001	100	4294967295	255	4294967295	255	2967001	1	2966001	1	2969001	1	4294967295	255	4294967295	255	
1041004	1	10410040	0	1	0	18031	100	4294967295	255	4294967295	255	2967001	1	2966001	1	2969001	1	4294967295	255	4294967295	255	
1041005	1	10410050	0	1	0	18032	100	4294967295	255	4294967295	255	2976001	1	2968001	3	4294967295	255	4294967295	255	4294967295	255	
1041006	1	10410060	0	5	0	18033	100	4294967295	255	4294967295	255	2975001	1	2967001	1	4294967295	255	4294967295	255	4294967295	255	
1041007	1	10410070	0	10	0	18034	100	4294967295	255	4294967295	255	2986002	1	2976002	3	2969002	2	4294967295	255	4294967295	255	
1041008	1	10410080	0	15	0	18035	100	4294967295	255	4294967295	255	2984002	1	2985001	3	2978001	2	4294967295	255	4294967295	255	
1041009	1	10410090	0	1	0	18041	100	4294967295	255	4294967295	255	2975001	1	2968001	3	4294967295	255	4294967295	255	4294967295	255	
1041010	1	10410100	0	1	0	18042	100	4294967295	255	4294967295	255	2978001	1	2968001	4	4294967295	255	4294967295	255	4294967295	255	
1041011	1	10410110	0	5	0	18043	100	4294967295	255	4294967295	255	2978001	1	2966001	5	4294967295	255	4294967295	255	4294967295	255	
1041012	1	10410120	0	10	0	18044	100	4294967295	255	4294967295	255	2986002	1	2968002	3	2978002	2	4294967295	255	4294967295	255	
1041013	1	10410130	0	15	0	18045	100	4294967295	255	4294967295	255	2984002	1	2986001	3	2978002	2	4294967295	255	4294967295	255	
1041014	1	10410140	0	1	0	18051	100	4294967295	255	4294967295	255	2977001	1	2978001	3	4294967295	255	4294967295	255	4294967295	255	
1041015	1	10410150	0	1	0	18052	100	4294967295	255	4294967295	255	2977001	1	2968001	4	4294967295	255	4294967295	255	4294967295	255	
1041016	1	10410160	0	5	0	18053	100	4294967295	255	4294967295	255	2975001	1	2968001	5	4294967295	255	4294967295	255	4294967295	255	
1041017	1	10410170	0	10	0	18054	100	4294967295	255	4294967295	255	2975001	1	2966001	3	4294967295	255	4294967295	255	4294967295	255	
1041018	1	10410180	0	15	0	18055	100	4294967295	255	4294967295	255	2987002	1	2984001	4	2968001	3	4294967295	255	4294967295	255	
1041019	1	10410190	0	1	0	18061	100	4294967295	255	4294967295	255	2977001	1	2968001	3	4294967295	255	4294967295	255	4294967295	255	
1041020	1	10410200	0	1	0	18062	100	4294967295	255	4294967295	255	2975001	1	2968001	3	4294967295	255	4294967295	255	4294967295	255	
1041021	1	10410210	0	5	0	18063	100	4294967295	255	4294967295	255	2978001	1	2968001	3	4294967295	255	4294967295	255	4294967295	255	
1041022	1	10410220	0	10	0	18064	100	4294967295	255	4294967295	255	2986002	1	2978001	4	2977001	3	4294967295	255	4294967295	255	
1041023	1	10410230	0	15	0	18065	100	4294967295	255	4294967295	255	2987002	1	2986001	5	2966002	3	4294967295	255	4294967295	255	
1041024	1	10410240	0	1	0	18071	100	4294967295	255	4294967295	255	2978001	1	2968001	3	4294967295	255	4294967295	255	4294967295	255	
1041025	1	10410250	0	1	0	18072	100	4294967295	255	4294967295	255	2975001	1	2968001	3	4294967295	255	4294967295	255	4294967295	255	
1041026	1	10410260	0	5	0	18073	100	4294967295	255	4294967295	255	2977001	1	2968001	3	4294967295	255	4294967295	255	4294967295	255	
1041027	1	10410270	0	10	0	18074	100	4294967295	255	4294967295	255	2986002	1	2977002	4	2968002	3	4294967295	255	4294967295	255	
1041028	1	10410280	0	15	0	18075	100	4294967295	255	4294967295	255	2986002	1	2969002	5	2984001	3	4294967295	255	4294967295	255	
1041029	1	10410290	0	1	0	18081	100	4294967295	255	4294967295	255	2966001	1	2968001	3	4294967295	255	4294967295	255	4294967295	255	
1041030	1	10410300	0	1	0	18082	100	4294967295	255	4294967295	255	2978001	1	2968001	3	4294967295	255	4294967295	255	4294967295	255	
1041031	1	10410310	0	5	0	18083	100	4294967295	255	4294967295	255	2975001	1	2966001	3	4294967295	255	4294967295	255	4294967295	255	
1041032	1	10410320	0	10	0	18084	100	4294967295	255	4294967295	255	2986002	1	2978001	4	2975002	3	4294967295	255	4294967295	255	
1041033	1	10410330	0	15	0	18085	100	4294967295	255	4294967295	255	2987002	1	2978002	5	2969002	3	4294967295	255	4294967295	255	
1041034	1	10410340	0	5	0	18091	100	4294967295	255	4294967295	255	2975001	1	2968001	2	4294967295	255	4294967295	255	4294967295	255	
1041035	1	10410350	0	5	0	18092	100	4294967295	255	4294967295	255	2978001	1	2968001	3	4294967295	255	4294967295	255	4294967295	255	
1041036	1	10410360	0	10	0	18093	100	4294967295	255	4294967295	255	2984002	1	2977002	4	2969002	3	4294967295	255	4294967295	255	
1041037	1	10410370	0	2	0	18094	100	4294967295	255	4294967295	255	2975001	1	2969001	2	4294967295	255	4294967295	255	4294967295	255	
1041038	1	10410380	0	5	0	18095	100	4294967295	255	4294967295	255	2975001	1	2966001	3	4294967295	255	4294967295	255	4294967295	255	
1041039	1	10410390	0	10	0	18096	100	4294967295	255	4294967295	255	2985002	1	2978002	4	2968002	3	4294967295	255	4294967295	255	
1041040	1	10410400	0	10	0	18001	100	4294967295	255	4294967295	255	2995005	1	2996004	6	2993004	5	2987003	4	4294967295	255	
1041041	1	10410410	0	15	0	18002	100	4294967295	255	4294967295	255	2986004	1	2987003	5	2984002	4	4294967295	255	4294967295	255	
1041042	1	10410420	0	5	0	19955	100	4294967295	255	4294967295	255	19954	20	4294967295	255	4294967295	255	4294967295	255	4294967295	255	
1041043	1	10410430	0	5	0	19956	100	4294967295	255	4294967295	255	19954	15	4294967295	255	4294967295	255	4294967295	255	4294967295	255	
1041044	1	10410440	0	1	0	19954	100	4294967295	255	4294967295	255	934001	5	4294967295	255	4294967295	255	4294967295	255	4294967295	255	
1270001	1	12700010	0	10	9000	40010000	100	4294967295	255	4294967295	255	30010000	20	4294967295	255	4294967295	255	4294967295	255	4294967295	255	
1270002	1	12700020	0	10	9000	40020000	100	4294967295	255	4294967295	255	30020000	20	4294967295	255	4294967295	255	4294967295	255	4294967295	255	
1270003	1	12700030	0	10	9000	40030000	100	4294967295	255	4294967295	255	30030000	20	4294967295	255	4294967295	255	4294967295	255	4294967295	255	
1270004	1	12700040	0	10	9000	40030001	100	4294967295	255	4294967295	255	30030001	20	4294967295	255	4294967295	255	4294967295	255	4294967295	255	
1270101	1	12701010	0	10	12000	541301	80	581301	20	4294967295	255	30010000	15	30020000	5	30030000	1	4294967295	255	4294967295	255	
1270102	1	12701020	0	10	12000	545301	80	585301	20	4294967295	255	30010000	15	30020000	5	30030000	1	4294967295	255	4294967295	255	
1270103	1	12701030	0	10	12000	546301	80	586301	20	4294967295	255	30010000	15	30020000	5	30030000	1	4294967295	255	4294967295	255	
1270201	1	12702010	0	10	16000	548301	80	588301	20	4294967295	255	30010000	15	30020000	5	4294967295	255	4294967295	255	4294967295	255	
1270202	1	12702020	0	10	16000	549301	80	589301	20	4294967295	255	30010000	15	30020000	5	4294967295	255	4294967295	255	4294967295	255	
1270203	1	12702030	0	10	16000	550301	80	590301	20	4294967295	255	30010000	15	30020000	5	4294967295	255	4294967295	255	4294967295	255	
1270204	1	12702040	0	10	16000	551301	80	591301	20	4294967295	255	30010000	15	30020000	5	4294967295	255	4294967295	255	4294967295	255	
1270205	1	12702050	0	10	16000	552301	80	592301	20	4294967295	255	30010000	15	30020000	5	4294967295	255	4294967295	255	4294967295	255	
1270206	1	12702060	0	10	16000	553301	80	593301	20	4294967295	255	30010000	15	30020000	5	4294967295	255	4294967295	255	4294967295	255	
1270207	1	12702070	0	10	16000	555301	80	595301	20	4294967295	255	30010000	15	30020000	5	4294967295	255	4294967295	255	4294967295	255	
1270208	1	12702080	0	10	16000	554301	80	594301	20	4294967295	255	30010000	15	30020000	5	4294967295	255	4294967295	255	4294967295	255	
1270209	1	12702090	0	10	16000	558301	80	598301	20	4294967295	255	30010000	15	30020000	5	4294967295	255	4294967295	255	4294967295	255	
1270210	1	12702100	0	10	16000	559301	80	599301	20	4294967295	255	30010000	15	30020000	5	4294967295	255	4294967295	255	4294967295	255	
1270211	1	12702110	0	10	16000	560301	80	600301	20	4294967295	255	30010000	15	30020000	5	4294967295	255	4294967295	255	4294967295	255	
1270212	1	12702120	0	10	16000	561301	80	601301	20	4294967295	255	30010000	15	30020000	5	4294967295	255	4294967295	255	4294967295	255	
1270311	1	12703110	0	10	12000	562301	80	602301	20	4294967295	255	30010000	15	30020000	5	4294967295	255	4294967295	255	4294967295	255	
1270312	1	12703120	0	10	12000	562302	80	602302	20	4294967295	255	30010000	15	30020000	5	4294967295	255	4294967295	255	4294967295	255	
1270313	1	12703130	0	10	12000	562303	80	602303	20	4294967295	255	30010000	15	30020000	5	4294967295	255	4294967295	255	4294967295	255	
1270321	1	12703210	0	10	12000	565301	80	605301	20	4294967295	255	30010000	15	30020000	5	4294967295	255	4294967295	255	4294967295	255	
1270322	1	12703220	0	10	12000	565302	80	605302	20	4294967295	255	30010000	15	30020000	5	4294967295	255	4294967295	255	4294967295	255	
1270323	1	12703230	0	10	12000	565303	80	605303	20	4294967295	255	30010000	15	30020000	5	4294967295	255	4294967295	255	4294967295	255	
1270331	1	12703310	0	10	12000	567301	80	607301	20	4294967295	255	30010000	15	30020000	5	4294967295	255	4294967295	255	4294967295	255	
1270332	1	12703320	0	10	12000	567302	80	607302	20	4294967295	255	30010000	15	30020000	5	4294967295	255	4294967295	255	4294967295	255	
1270333	1	12703330	0	10	12000	567303	80	607303	20	4294967295	255	30010000	15	30020000	5	4294967295	255	4294967295	255	4294967295	255	
1271001	1	12710010	0	15	13000	50010000	100	4294967295	255	4294967295	255	40010000	20	4294967295	255	4294967295	255	4294967295	255	4294967295	255	
1271002	1	12710020	0	15	13000	50020000	100	4294967295	255	4294967295	255	40020000	20	4294967295	255	4294967295	255	4294967295	255	4294967295	255	
1271003	1	12710030	0	15	13000	50030000	100	4294967295	255	4294967295	255	40030000	20	4294967295	255	4294967295	255	4294967295	255	4294967295	255	
1271004	1	12710040	0	15	13000	50030001	100	4294967295	255	4294967295	255	40030001	20	4294967295	255	4294967295	255	4294967295	255	4294967295	255	
1271101	1	12711010	0	15	19000	541401	80	581401	20	4294967295	255	40010000	15	40020000	5	40030000	1	4294967295	255	4294967295	255	
1271102	1	12711020	0	15	19000	545401	80	585401	20	4294967295	255	40010000	15	40020000	5	40030000	1	4294967295	255	4294967295	255	
1271103	1	12711030	0	15	19000	546401	80	586401	20	4294967295	255	40010000	15	40020000	5	40030000	1	4294967295	255	4294967295	255	
1271201	1	12712010	0	15	25000	548401	80	588401	20	4294967295	255	40010000	15	40020000	5	4294967295	255	4294967295	255	4294967295	255	
1271202	1	12712020	0	15	25000	549401	80	589401	20	4294967295	255	40010000	15	40020000	5	4294967295	255	4294967295	255	4294967295	255	
1271203	1	12712030	0	15	25000	550401	80	590401	20	4294967295	255	40010000	15	40020000	5	4294967295	255	4294967295	255	4294967295	255	
1271204	1	12712040	0	15	25000	551401	80	591401	20	4294967295	255	40010000	15	40020000	5	4294967295	255	4294967295	255	4294967295	255	
1271205	1	12712050	0	15	25000	552401	80	592401	20	4294967295	255	40010000	15	40020000	5	4294967295	255	4294967295	255	4294967295	255	
1271206	1	12712060	0	15	25000	553401	80	593401	20	4294967295	255	40010000	15	40020000	5	4294967295	255	4294967295	255	4294967295	255	
1271207	1	12712070	0	15	25000	555401	80	595401	20	4294967295	255	40010000	15	40020000	5	4294967295	255	4294967295	255	4294967295	255	
1271208	1	12712080	0	15	25000	554401	80	594401	20	4294967295	255	40010000	15	40020000	5	4294967295	255	4294967295	255	4294967295	255	
1271209	1	12712090	0	15	25000	558401	80	598401	20	4294967295	255	40010000	15	40020000	5	4294967295	255	4294967295	255	4294967295	255	
1271210	1	12712100	0	15	25000	559401	80	599401	20	4294967295	255	40010000	15	40020000	5	4294967295	255	4294967295	255	4294967295	255	
1271211	1	12712110	0	15	25000	560401	80	600401	20	4294967295	255	40010000	15	40020000	5	4294967295	255	4294967295	255	4294967295	255	
1271212	1	12712120	0	15	25000	561401	80	601401	20	4294967295	255	40010000	15	40020000	5	4294967295	255	4294967295	255	4294967295	255	
1271311	1	12713110	0	15	19000	562401	80	602401	20	4294967295	255	40010000	15	40020000	5	4294967295	255	4294967295	255	4294967295	255	
1271312	1	12713120	0	15	19000	562402	80	602402	20	4294967295	255	40010000	15	40020000	5	4294967295	255	4294967295	255	4294967295	255	
1271313	1	12713130	0	15	19000	562403	80	602403	20	4294967295	255	40010000	15	40020000	5	4294967295	255	4294967295	255	4294967295	255	
1271321	1	12713210	0	15	19000	565401	80	605401	20	4294967295	255	40010000	15	40020000	5	4294967295	255	4294967295	255	4294967295	255	
1271322	1	12713220	0	15	19000	565402	80	605402	20	4294967295	255	40010000	15	40020000	5	4294967295	255	4294967295	255	4294967295	255	
1271323	1	12713230	0	15	19000	565403	80	605403	20	4294967295	255	40010000	15	40020000	5	4294967295	255	4294967295	255	4294967295	255	
1271331	1	12713310	0	15	19000	567401	80	607401	20	4294967295	255	40010000	15	40020000	5	4294967295	255	4294967295	255	4294967295	255	
1271332	1	12713320	0	15	19000	567402	80	607402	20	4294967295	255	40010000	15	40020000	5	4294967295	255	4294967295	255	4294967295	255	
1271333	1	12713330	0	15	19000	567403	80	607403	20	4294967295	255	40010000	15	40020000	5	4294967295	255	4294967295	255	4294967295	255	
1272001	1	12720010	0	20	18000	60010000	100	4294967295	255	4294967295	255	50010000	20	4294967295	255	4294967295	255	4294967295	255	4294967295	255	
1272002	1	12720020	0	20	18000	60020000	100	4294967295	255	4294967295	255	50020000	20	4294967295	255	4294967295	255	4294967295	255	4294967295	255	
1272003	1	12720030	0	20	18000	60030000	100	4294967295	255	4294967295	255	50030000	20	4294967295	255	4294967295	255	4294967295	255	4294967295	255	
1272004	1	12720040	0	20	18000	60030001	100	4294967295	255	4294967295	255	50030001	20	4294967295	255	4294967295	255	4294967295	255	4294967295	255	
1272101	1	12721010	0	20	27000	541501	80	581501	20	4294967295	255	50010000	20	50020000	7	50030000	2	4294967295	255	4294967295	255	
1272102	1	12721020	0	20	27000	545501	80	585501	20	4294967295	255	50010000	20	50020000	7	50030000	2	4294967295	255	4294967295	255	
1272103	1	12721030	0	20	27000	546501	80	586501	20	4294967295	255	50010000	20	50020000	7	50030000	2	4294967295	255	4294967295	255	
1272201	1	12722010	0	20	35000	548501	80	588501	20	4294967295	255	50010000	20	50020000	7	4294967295	255	4294967295	255	4294967295	255	
1272202	1	12722020	0	20	35000	549501	80	589501	20	4294967295	255	50010000	20	50020000	7	4294967295	255	4294967295	255	4294967295	255	
1272203	1	12722030	0	20	35000	550501	80	590501	20	4294967295	255	50010000	20	50020000	7	4294967295	255	4294967295	255	4294967295	255	
1272204	1	12722040	0	20	35000	551501	80	591501	20	4294967295	255	50010000	20	50020000	7	4294967295	255	4294967295	255	4294967295	255	
1272205	1	12722050	0	20	35000	552501	80	592501	20	4294967295	255	50010000	20	50020000	7	4294967295	255	4294967295	255	4294967295	255	
1272206	1	12722060	0	20	35000	553501	80	593501	20	4294967295	255	50010000	20	50020000	7	4294967295	255	4294967295	255	4294967295	255	
1272207	1	12722070	0	20	35000	555501	80	595501	20	4294967295	255	50010000	20	50020000	7	4294967295	255	4294967295	255	4294967295	255	
1272208	1	12722080	0	20	35000	554501	80	594501	20	4294967295	255	50010000	20	50020000	7	4294967295	255	4294967295	255	4294967295	255	
1272209	1	12722090	0	20	35000	558501	80	598501	20	4294967295	255	50010000	20	50020000	7	4294967295	255	4294967295	255	4294967295	255	
1272210	1	12722100	0	20	35000	559501	80	599501	20	4294967295	255	50010000	20	50020000	7	4294967295	255	4294967295	255	4294967295	255	
1272211	1	12722110	0	20	35000	560501	80	600501	20	4294967295	255	50010000	20	50020000	7	4294967295	255	4294967295	255	4294967295	255	
1272212	1	12722120	0	20	35000	561501	80	601501	20	4294967295	255	50010000	20	50020000	7	4294967295	255	4294967295	255	4294967295	255	
1272311	1	12723110	0	20	27000	562501	80	602501	20	4294967295	255	50010000	20	50020000	7	4294967295	255	4294967295	255	4294967295	255	
1272312	1	12723120	0	20	27000	562502	80	602502	20	4294967295	255	50010000	20	50020000	7	4294967295	255	4294967295	255	4294967295	255	
1272313	1	12723130	0	20	27000	562503	80	602503	20	4294967295	255	50010000	20	50020000	7	4294967295	255	4294967295	255	4294967295	255	
1272321	1	12723210	0	20	27000	565501	80	605501	20	4294967295	255	50010000	20	50020000	7	4294967295	255	4294967295	255	4294967295	255	
1272322	1	12723220	0	20	27000	565502	80	605502	20	4294967295	255	50010000	20	50020000	7	4294967295	255	4294967295	255	4294967295	255	
1272323	1	12723230	0	20	27000	565503	80	605503	20	4294967295	255	50010000	20	50020000	7	4294967295	255	4294967295	255	4294967295	255	
1272331	1	12723310	0	20	27000	567501	80	607501	20	4294967295	255	50010000	20	50020000	7	4294967295	255	4294967295	255	4294967295	255	
1272332	1	12723320	0	20	27000	567502	80	607502	20	4294967295	255	50010000	20	50020000	7	4294967295	255	4294967295	255	4294967295	255	
1272333	1	12723330	0	20	27000	567503	80	607503	20	4294967295	255	50010000	20	50020000	7	4294967295	255	4294967295	255	4294967295	255	
1273001	1	12730010	0	25	22000	70010000	100	4294967295	255	4294967295	255	60010000	20	4294967295	255	4294967295	255	4294967295	255	4294967295	255	
1273002	1	12730020	0	25	22000	70020000	100	4294967295	255	4294967295	255	60020000	20	4294967295	255	4294967295	255	4294967295	255	4294967295	255	
1273003	1	12730030	0	25	22000	70030000	100	4294967295	255	4294967295	255	60030000	20	4294967295	255	4294967295	255	4294967295	255	4294967295	255	
1273004	1	12730040	0	25	22000	70030001	100	4294967295	255	4294967295	255	60030001	20	4294967295	255	4294967295	255	4294967295	255	4294967295	255	
1273101	1	12731010	0	20	31000	541551	80	581551	20	4294967295	255	50010000	20	50020000	10	50030000	3	4294967295	255	4294967295	255	
1273102	1	12731020	0	20	31000	545551	80	585551	20	4294967295	255	50010000	20	50020000	10	50030000	3	4294967295	255	4294967295	255	
1273103	1	12731030	0	20	31000	546551	80	586551	20	4294967295	255	50010000	20	50020000	10	50030000	3	4294967295	255	4294967295	255	
1273201	1	12732010	0	20	41000	548551	80	588551	20	4294967295	255	50010000	20	50020000	10	4294967295	255	4294967295	255	4294967295	255	
1273202	1	12732020	0	20	41000	549551	80	589551	20	4294967295	255	50010000	20	50020000	10	4294967295	255	4294967295	255	4294967295	255	
1273203	1	12732030	0	20	41000	550551	80	590551	20	4294967295	255	50010000	20	50020000	10	4294967295	255	4294967295	255	4294967295	255	
1273204	1	12732040	0	20	41000	551551	80	591551	20	4294967295	255	50010000	20	50020000	10	4294967295	255	4294967295	255	4294967295	255	
1273205	1	12732050	0	20	41000	552551	80	592551	20	4294967295	255	50010000	20	50020000	10	4294967295	255	4294967295	255	4294967295	255	
1273206	1	12732060	0	20	41000	553551	80	593551	20	4294967295	255	50010000	20	50020000	10	4294967295	255	4294967295	255	4294967295	255	
1273207	1	12732070	0	20	41000	555551	80	595551	20	4294967295	255	50010000	20	50020000	10	4294967295	255	4294967295	255	4294967295	255	
1273208	1	12732080	0	20	41000	554551	80	594551	20	4294967295	255	50010000	20	50020000	10	4294967295	255	4294967295	255	4294967295	255	
1273209	1	12732090	0	20	41000	558551	80	598551	20	4294967295	255	50010000	20	50020000	10	4294967295	255	4294967295	255	4294967295	255	
1273210	1	12732100	0	20	41000	559551	80	599551	20	4294967295	255	50010000	20	50020000	10	4294967295	255	4294967295	255	4294967295	255	
1273211	1	12732110	0	20	41000	560551	80	600551	20	4294967295	255	50010000	20	50020000	10	4294967295	255	4294967295	255	4294967295	255	
1273212	1	12732120	0	20	41000	561551	80	601551	20	4294967295	255	50010000	20	50020000	10	4294967295	255	4294967295	255	4294967295	255	
1273311	1	12733110	0	20	31000	562551	80	602551	20	4294967295	255	50010000	20	50020000	10	4294967295	255	4294967295	255	4294967295	255	
1273312	1	12733120	0	20	31000	562552	80	602552	20	4294967295	255	50010000	20	50020000	10	4294967295	255	4294967295	255	4294967295	255	
1273313	1	12733130	0	20	31000	562553	80	602553	20	4294967295	255	50010000	20	50020000	10	4294967295	255	4294967295	255	4294967295	255	
1273321	1	12733210	0	20	31000	565551	80	605551	20	4294967295	255	50010000	20	50020000	10	4294967295	255	4294967295	255	4294967295	255	
1273322	1	12733220	0	20	31000	565552	80	605552	20	4294967295	255	50010000	20	50020000	10	4294967295	255	4294967295	255	4294967295	255	
1273323	1	12733230	0	20	31000	565553	80	605553	20	4294967295	255	50010000	20	50020000	10	4294967295	255	4294967295	255	4294967295	255	
1273331	1	12733310	0	20	31000	567551	80	607551	20	4294967295	255	50010000	20	50020000	10	4294967295	255	4294967295	255	4294967295	255	
1273332	1	12733320	0	20	31000	567552	80	607552	20	4294967295	255	50010000	20	50020000	10	4294967295	255	4294967295	255	4294967295	255	
1273333	1	12733330	0	20	31000	567553	80	607553	20	4294967295	255	50010000	20	50020000	10	4294967295	255	4294967295	255	4294967295	255	
1274001	1	12740010	0	1	3500	20010000	100	4294967295	255	4294967295	255	10010000	20	4294967295	255	4294967295	255	4294967295	255	4294967295	255	
1274002	1	12740020	0	1	3500	20020000	100	4294967295	255	4294967295	255	10020000	20	4294967295	255	4294967295	255	4294967295	255	4294967295	255	
1274003	1	12740030	0	1	3500	20030000	100	4294967295	255	4294967295	255	10030000	20	4294967295	255	4294967295	255	4294967295	255	4294967295	255	
1274004	1	12740040	0	1	3500	20030001	100	4294967295	255	4294967295	255	10030001	20	4294967295	255	4294967295	255	4294967295	255	4294967295	255	
1274101	1	12741010	0	25	35000	541601	80	581601	20	4294967295	255	60010000	25	60020000	10	60030000	3	4294967295	255	4294967295	255	
1274102	1	12741020	0	25	35000	545601	80	585601	20	4294967295	255	60010000	25	60020000	10	60030000	3	4294967295	255	4294967295	255	
1274103	1	12741030	0	25	35000	546601	80	586601	20	4294967295	255	60010000	25	60020000	10	60030000	3	4294967295	255	4294967295	255	
1274201	1	12742010	0	25	46000	548601	80	588601	20	4294967295	255	60010000	25	60020000	10	4294967295	255	4294967295	255	4294967295	255	
1274202	1	12742020	0	25	46000	549601	80	589601	20	4294967295	255	60010000	25	60020000	10	4294967295	255	4294967295	255	4294967295	255	
1274203	1	12742030	0	25	46000	550601	80	590601	20	4294967295	255	60010000	25	60020000	10	4294967295	255	4294967295	255	4294967295	255	
1274204	1	12742040	0	25	46000	551601	80	591601	20	4294967295	255	60010000	25	60020000	10	4294967295	255	4294967295	255	4294967295	255	
1274205	1	12742050	0	25	46000	552601	80	592601	20	4294967295	255	60010000	25	60020000	10	4294967295	255	4294967295	255	4294967295	255	
1274206	1	12742060	0	25	46000	553601	80	593601	20	4294967295	255	60010000	25	60020000	10	4294967295	255	4294967295	255	4294967295	255	
1274207	1	12742070	0	25	46000	555601	80	595601	20	4294967295	255	60010000	25	60020000	10	4294967295	255	4294967295	255	4294967295	255	
1274208	1	12742080	0	25	46000	554601	80	594601	20	4294967295	255	60010000	25	60020000	10	4294967295	255	4294967295	255	4294967295	255	
1274209	1	12742090	0	25	46000	558601	80	598601	20	4294967295	255	60010000	25	60020000	10	4294967295	255	4294967295	255	4294967295	255	
1274210	1	12742100	0	25	46000	559601	80	599601	20	4294967295	255	60010000	25	60020000	10	4294967295	255	4294967295	255	4294967295	255	
1274211	1	12742110	0	25	46000	560601	80	600601	20	4294967295	255	60010000	25	60020000	10	4294967295	255	4294967295	255	4294967295	255	
1274212	1	12742120	0	25	46000	561601	80	601601	20	4294967295	255	60010000	25	60020000	10	4294967295	255	4294967295	255	4294967295	255	
1274311	1	12743110	0	25	35000	562601	80	602601	20	4294967295	255	60010000	25	60020000	10	4294967295	255	4294967295	255	4294967295	255	
1274312	1	12743120	0	25	35000	562602	80	602602	20	4294967295	255	60010000	25	60020000	10	4294967295	255	4294967295	255	4294967295	255	
1274313	1	12743130	0	25	35000	562603	80	602603	20	4294967295	255	60010000	25	60020000	10	4294967295	255	4294967295	255	4294967295	255	
1274321	1	12743210	0	25	35000	565601	80	605601	20	4294967295	255	60010000	25	60020000	10	4294967295	255	4294967295	255	4294967295	255	
1274322	1	12743220	0	25	35000	565602	80	605602	20	4294967295	255	60010000	25	60020000	10	4294967295	255	4294967295	255	4294967295	255	
1274323	1	12743230	0	25	35000	565603	80	605603	20	4294967295	255	60010000	25	60020000	10	4294967295	255	4294967295	255	4294967295	255	
1274331	1	12743310	0	25	35000	567601	80	607601	20	4294967295	255	60010000	25	60020000	10	4294967295	255	4294967295	255	4294967295	255	
1274332	1	12743320	0	25	35000	567602	80	607602	20	4294967295	255	60010000	25	60020000	10	4294967295	255	4294967295	255	4294967295	255	
1274333	1	12743330	0	25	35000	567603	80	607603	20	4294967295	255	60010000	25	60020000	10	4294967295	255	4294967295	255	4294967295	255	
1275001	1	12750010	0	5	6000	30010000	100	4294967295	255	4294967295	255	20010000	20	4294967295	255	4294967295	255	4294967295	255	4294967295	255	
1275002	1	12750020	0	5	6000	30020000	100	4294967295	255	4294967295	255	20020000	20	4294967295	255	4294967295	255	4294967295	255	4294967295	255	
1275003	1	12750030	0	5	6000	30030000	100	4294967295	255	4294967295	255	20030000	20	4294967295	255	4294967295	255	4294967295	255	4294967295	255	
1275004	1	12750040	0	5	6000	30030001	100	4294967295	255	4294967295	255	20030001	20	4294967295	255	4294967295	255	4294967295	255	4294967295	255	
1275101	1	12751010	0	25	40000	541651	80	581651	20	4294967295	255	60010000	25	60020000	12	60030000	4	4294967295	255	4294967295	255	
1275102	1	12751020	0	25	40000	545651	80	585651	20	4294967295	255	60010000	25	60020000	12	60030000	4	4294967295	255	4294967295	255	
1275103	1	12751030	0	25	40000	546651	80	586651	20	4294967295	255	60010000	25	60020000	12	60030000	4	4294967295	255	4294967295	255	
1275201	1	12752010	0	25	52000	548651	80	588651	20	4294967295	255	60010000	25	60020000	12	4294967295	255	4294967295	255	4294967295	255	
1275202	1	12752020	0	25	52000	549651	80	589651	20	4294967295	255	60010000	25	60020000	12	4294967295	255	4294967295	255	4294967295	255	
1275203	1	12752030	0	25	52000	550651	80	590651	20	4294967295	255	60010000	25	60020000	12	4294967295	255	4294967295	255	4294967295	255	
1275204	1	12752040	0	25	52000	551651	80	591651	20	4294967295	255	60010000	25	60020000	12	4294967295	255	4294967295	255	4294967295	255	
1275205	1	12752050	0	25	52000	552651	80	592651	20	4294967295	255	60010000	25	60020000	12	4294967295	255	4294967295	255	4294967295	255	
1275206	1	12752060	0	25	52000	553651	80	593651	20	4294967295	255	60010000	25	60020000	12	4294967295	255	4294967295	255	4294967295	255	
1275207	1	12752070	0	25	52000	555651	80	595651	20	4294967295	255	60010000	25	60020000	12	4294967295	255	4294967295	255	4294967295	255	
1275208	1	12752080	0	25	52000	554651	80	594651	20	4294967295	255	60010000	25	60020000	12	4294967295	255	4294967295	255	4294967295	255	
1275209	1	12752090	0	25	52000	558651	80	598651	20	4294967295	255	60010000	25	60020000	12	4294967295	255	4294967295	255	4294967295	255	
1275210	1	12752100	0	25	52000	559651	80	599651	20	4294967295	255	60010000	25	60020000	12	4294967295	255	4294967295	255	4294967295	255	
1275211	1	12752110	0	25	52000	560651	80	600651	20	4294967295	255	60010000	25	60020000	12	4294967295	255	4294967295	255	4294967295	255	
1275212	1	12752120	0	25	52000	561651	80	601651	20	4294967295	255	60010000	25	60020000	12	4294967295	255	4294967295	255	4294967295	255	
1275311	1	12753110	0	25	40000	562651	80	602651	20	4294967295	255	60010000	25	60020000	12	4294967295	255	4294967295	255	4294967295	255	
1275312	1	12753120	0	25	40000	562652	80	602652	20	4294967295	255	60010000	25	60020000	12	4294967295	255	4294967295	255	4294967295	255	
1275313	1	12753130	0	25	40000	562653	80	602653	20	4294967295	255	60010000	25	60020000	12	4294967295	255	4294967295	255	4294967295	255	
1275321	1	12753210	0	25	40000	565651	80	605651	20	4294967295	255	60010000	25	60020000	12	4294967295	255	4294967295	255	4294967295	255	
1275322	1	12753220	0	25	40000	565652	80	605652	20	4294967295	255	60010000	25	60020000	12	4294967295	255	4294967295	255	4294967295	255	
1275323	1	12753230	0	25	40000	565653	80	605653	20	4294967295	255	60010000	25	60020000	12	4294967295	255	4294967295	255	4294967295	255	
1275331	1	12753310	0	25	40000	567651	80	607651	20	4294967295	255	60010000	25	60020000	12	4294967295	255	4294967295	255	4294967295	255	
1275332	1	12753320	0	25	40000	567652	80	607652	20	4294967295	255	60010000	25	60020000	12	4294967295	255	4294967295	255	4294967295	255	
1275333	1	12753330	0	25	40000	567653	80	607653	20	4294967295	255	60010000	25	60020000	12	4294967295	255	4294967295	255	4294967295	255	
1276101	1	12761010	0	30	44000	541701	80	581701	20	4294967295	255	70010000	30	70020000	15	70030000	5	4294967295	255	4294967295	255	
1276102	1	12761020	0	30	44000	545701	80	585701	20	4294967295	255	70010000	30	70020000	15	70030000	5	4294967295	255	4294967295	255	
1276103	1	12761030	0	30	44000	546701	80	586701	20	4294967295	255	70010000	30	70020000	15	70030000	5	4294967295	255	4294967295	255	
1276201	1	12762010	0	30	58000	548701	80	588701	20	4294967295	255	70010000	30	70020000	15	4294967295	255	4294967295	255	4294967295	255	
1276202	1	12762020	0	30	58000	549701	80	589701	20	4294967295	255	70010000	30	70020000	15	4294967295	255	4294967295	255	4294967295	255	
1276203	1	12762030	0	30	58000	550701	80	590701	20	4294967295	255	70010000	30	70020000	15	4294967295	255	4294967295	255	4294967295	255	
1276204	1	12762040	0	30	58000	551701	80	591701	20	4294967295	255	70010000	30	70020000	15	4294967295	255	4294967295	255	4294967295	255	
1276205	1	12762050	0	30	58000	552701	80	592701	20	4294967295	255	70010000	30	70020000	15	4294967295	255	4294967295	255	4294967295	255	
1276206	1	12762060	0	30	58000	553701	80	593701	20	4294967295	255	70010000	30	70020000	15	4294967295	255	4294967295	255	4294967295	255	
1276207	1	12762070	0	30	58000	555701	80	595701	20	4294967295	255	70010000	30	70020000	15	4294967295	255	4294967295	255	4294967295	255	
1276208	1	12762080	0	30	58000	554701	80	594701	20	4294967295	255	70010000	30	70020000	15	4294967295	255	4294967295	255	4294967295	255	
1276209	1	12762090	0	30	58000	558701	80	598701	20	4294967295	255	70010000	30	70020000	15	4294967295	255	4294967295	255	4294967295	255	
1276210	1	12762100	0	30	58000	559701	80	599701	20	4294967295	255	70010000	30	70020000	15	4294967295	255	4294967295	255	4294967295	255	
1276211	1	12762110	0	30	58000	560701	80	600701	20	4294967295	255	70010000	30	70020000	15	4294967295	255	4294967295	255	4294967295	255	
1276212	1	12762120	0	30	58000	561701	80	601701	20	4294967295	255	70010000	30	70020000	15	4294967295	255	4294967295	255	4294967295	255	
1276311	1	12763110	0	30	44000	562701	80	602701	20	4294967295	255	70010000	30	70020000	15	4294967295	255	4294967295	255	4294967295	255	
1276312	1	12763120	0	30	44000	562702	80	602702	20	4294967295	255	70010000	30	70020000	15	4294967295	255	4294967295	255	4294967295	255	
1276313	1	12763130	0	30	44000	562703	80	602703	20	4294967295	255	70010000	30	70020000	15	4294967295	255	4294967295	255	4294967295	255	
1276321	1	12763210	0	30	44000	565701	80	605701	20	4294967295	255	70010000	30	70020000	15	4294967295	255	4294967295	255	4294967295	255	
1276322	1	12763220	0	30	44000	565702	80	605702	20	4294967295	255	70010000	30	70020000	15	4294967295	255	4294967295	255	4294967295	255	
1276323	1	12763230	0	30	44000	565703	80	605703	20	4294967295	255	70010000	30	70020000	15	4294967295	255	4294967295	255	4294967295	255	
1276331	1	12763310	0	30	44000	567701	80	607701	20	4294967295	255	70010000	30	70020000	15	4294967295	255	4294967295	255	4294967295	255	
1276332	1	12763320	0	30	44000	567702	80	607702	20	4294967295	255	70010000	30	70020000	15	4294967295	255	4294967295	255	4294967295	255	
1276333	1	12763330	0	30	44000	567703	80	607703	20	4294967295	255	70010000	30	70020000	15	4294967295	255	4294967295	255	4294967295	255	
1277001	1	12770010	0	5	80000	60000049	100	4294967295	255	4294967295	255	30010000	20	30020000	6	30030000	3	4294967295	255	4294967295	255	
1277002	1	12770020	0	10	110000	60000050	100	4294967295	255	4294967295	255	40010000	20	40020000	6	40030000	3	4294967295	255	4294967295	255	
1277003	1	12770030	0	15	140000	60000051	100	4294967295	255	4294967295	255	50010000	20	50020000	6	50030000	3	4294967295	255	4294967295	255	
1277004	1	12770040	0	20	160000	60000052	100	4294967295	255	4294967295	255	60010000	20	60020000	6	60030000	3	4294967295	255	4294967295	255	
1277005	1	12770050	0	25	200000	60000053	100	4294967295	255	4294967295	255	70010000	20	70020000	6	70030000	3	4294967295	255	4294967295	255	
1277101	1	12771010	0	1	2000	541751	80	581751	20	4294967295	255	10010000	10	10020000	3	4294967295	255	4294967295	255	4294967295	255	
1277102	1	12771020	0	1	2000	545751	80	585751	20	4294967295	255	10010000	10	10020000	3	4294967295	255	4294967295	255	4294967295	255	
1277103	1	12771030	0	1	2000	546751	80	586751	20	4294967295	255	10010000	10	10020000	3	4294967295	255	4294967295	255	4294967295	255	
1277301	1	12773010	0	1	2000	562751	80	602751	20	4294967295	255	10010000	10	10020000	3	4294967295	255	4294967295	255	4294967295	255	
1277302	1	12773020	0	1	2000	562752	80	602752	20	4294967295	255	10010000	10	10020000	3	4294967295	255	4294967295	255	4294967295	255	
1277303	1	12773030	0	1	2000	562753	80	602753	20	4294967295	255	10010000	10	10020000	3	4294967295	255	4294967295	255	4294967295	255	
1277311	1	12773110	0	1	2000	565751	80	605751	20	4294967295	255	10010000	10	10020000	3	4294967295	255	4294967295	255	4294967295	255	
1277312	1	12773120	0	1	2000	565752	80	605752	20	4294967295	255	10010000	10	10020000	3	4294967295	255	4294967295	255	4294967295	255	
1277313	1	12773130	0	1	2000	565753	80	605753	20	4294967295	255	10010000	10	10020000	3	4294967295	255	4294967295	255	4294967295	255	
1277321	1	12773210	0	1	2000	567751	80	607751	20	4294967295	255	10010000	10	10020000	3	4294967295	255	4294967295	255	4294967295	255	
1277322	1	12773220	0	1	2000	567752	80	607752	20	4294967295	255	10010000	10	10020000	3	4294967295	255	4294967295	255	4294967295	255	
1277323	1	12773230	0	1	2000	567753	80	607753	20	4294967295	255	10010000	10	10020000	3	4294967295	255	4294967295	255	4294967295	255	
1278101	1	12781010	0	5	7000	541801	80	581801	20	4294967295	255	20010000	10	20020000	3	4294967295	255	4294967295	255	4294967295	255	
1278102	1	12781020	0	5	7000	545801	80	585801	20	4294967295	255	20010000	10	20020000	3	4294967295	255	4294967295	255	4294967295	255	
1278103	1	12781030	0	5	7000	546801	80	586801	20	4294967295	255	20010000	10	20020000	3	4294967295	255	4294967295	255	4294967295	255	
1278301	1	12783010	0	5	7000	562801	80	602801	20	4294967295	255	20010000	10	20020000	3	4294967295	255	4294967295	255	4294967295	255	
1278302	1	12783020	0	5	7000	562802	80	602802	20	4294967295	255	20010000	10	20020000	3	4294967295	255	4294967295	255	4294967295	255	
1278303	1	12783030	0	5	7000	562803	80	602803	20	4294967295	255	20010000	10	20020000	3	4294967295	255	4294967295	255	4294967295	255	
1278311	1	12783110	0	5	7000	565801	80	605801	20	4294967295	255	20010000	10	20020000	3	4294967295	255	4294967295	255	4294967295	255	
1278312	1	12783120	0	5	7000	565802	80	605802	20	4294967295	255	20010000	10	20020000	3	4294967295	255	4294967295	255	4294967295	255	
1278313	1	12783130	0	5	7000	565803	80	605803	20	4294967295	255	20010000	10	20020000	3	4294967295	255	4294967295	255	4294967295	255	
1278321	1	12783210	0	5	7000	567801	80	607801	20	4294967295	255	20010000	10	20020000	3	4294967295	255	4294967295	255	4294967295	255	
1278322	1	12783220	0	5	7000	567802	80	607802	20	4294967295	255	20010000	10	20020000	3	4294967295	255	4294967295	255	4294967295	255	
1278323	1	12783230	0	5	7000	567803	80	607803	20	4294967295	255	20010000	10	20020000	3	4294967295	255	4294967295	255	4294967295	255	
1370101	1	13701010	0	10	16000	541301	50	581301	50	4294967295	255	30010000	15	30020000	5	30030000	1	4294967295	255	4294967295	255	
1370102	1	13701020	0	10	16000	545301	50	585301	50	4294967295	255	30010000	15	30020000	5	30030000	1	4294967295	255	4294967295	255	
1370103	1	13701030	0	10	16000	546301	50	586301	50	4294967295	255	30010000	15	30020000	5	30030000	1	4294967295	255	4294967295	255	
1370201	1	13702010	0	10	21000	548301	50	588301	50	4294967295	255	30010000	15	30020000	5	4294967295	255	4294967295	255	4294967295	255	
1370202	1	13702020	0	10	21000	549301	50	589301	50	4294967295	255	30010000	15	30020000	5	4294967295	255	4294967295	255	4294967295	255	
1370203	1	13702030	0	10	21000	550301	50	590301	50	4294967295	255	30010000	15	30020000	5	4294967295	255	4294967295	255	4294967295	255	
1370204	1	13702040	0	10	21000	551301	50	591301	50	4294967295	255	30010000	15	30020000	5	4294967295	255	4294967295	255	4294967295	255	
1370205	1	13702050	0	10	21000	552301	50	592301	50	4294967295	255	30010000	15	30020000	5	4294967295	255	4294967295	255	4294967295	255	
1370206	1	13702060	0	10	21000	553301	50	593301	50	4294967295	255	30010000	15	30020000	5	4294967295	255	4294967295	255	4294967295	255	
1370207	1	13702070	0	10	21000	555301	50	595301	50	4294967295	255	30010000	15	30020000	5	4294967295	255	4294967295	255	4294967295	255	
1370208	1	13702080	0	10	21000	554301	50	594301	50	4294967295	255	30010000	15	30020000	5	4294967295	255	4294967295	255	4294967295	255	
1370209	1	13702090	0	10	21000	558301	50	598301	50	4294967295	255	30010000	15	30020000	5	4294967295	255	4294967295	255	4294967295	255	
1370210	1	13702100	0	10	21000	559301	50	599301	50	4294967295	255	30010000	15	30020000	5	4294967295	255	4294967295	255	4294967295	255	
1370211	1	13702110	0	10	21000	560301	50	600301	50	4294967295	255	30010000	15	30020000	5	4294967295	255	4294967295	255	4294967295	255	
1370212	1	13702120	0	10	21000	561301	50	601301	50	4294967295	255	30010000	15	30020000	5	4294967295	255	4294967295	255	4294967295	255	
1370311	1	13703110	0	10	16000	562301	50	602301	50	4294967295	255	30010000	15	30020000	5	4294967295	255	4294967295	255	4294967295	255	
1370312	1	13703120	0	10	16000	562302	50	602302	50	4294967295	255	30010000	15	30020000	5	4294967295	255	4294967295	255	4294967295	255	
1370313	1	13703130	0	10	16000	562303	50	602303	50	4294967295	255	30010000	15	30020000	5	4294967295	255	4294967295	255	4294967295	255	
1370321	1	13703210	0	10	16000	565301	50	605301	50	4294967295	255	30010000	15	30020000	5	4294967295	255	4294967295	255	4294967295	255	
1370322	1	13703220	0	10	16000	565302	50	605302	50	4294967295	255	30010000	15	30020000	5	4294967295	255	4294967295	255	4294967295	255	
1370323	1	13703230	0	10	16000	565303	50	605303	50	4294967295	255	30010000	15	30020000	5	4294967295	255	4294967295	255	4294967295	255	
1370331	1	13703310	0	10	16000	567301	50	607301	50	4294967295	255	30010000	15	30020000	5	4294967295	255	4294967295	255	4294967295	255	
1370332	1	13703320	0	10	16000	567302	50	607302	50	4294967295	255	30010000	15	30020000	5	4294967295	255	4294967295	255	4294967295	255	
1370333	1	13703330	0	10	16000	567303	50	607303	50	4294967295	255	30010000	15	30020000	5	4294967295	255	4294967295	255	4294967295	255	
1371101	1	13711010	0	15	24000	541401	50	581401	50	4294967295	255	40010000	15	40020000	5	40030000	1	4294967295	255	4294967295	255	
1371102	1	13711020	0	15	24000	545401	50	585401	50	4294967295	255	40010000	15	40020000	5	40030000	1	4294967295	255	4294967295	255	
1371103	1	13711030	0	15	24000	546401	50	586401	50	4294967295	255	40010000	15	40020000	5	40030000	1	4294967295	255	4294967295	255	
1371201	1	13712010	0	15	32000	548401	50	588401	50	4294967295	255	40010000	15	40020000	5	4294967295	255	4294967295	255	4294967295	255	
1371202	1	13712020	0	15	32000	549401	50	589401	50	4294967295	255	40010000	15	40020000	5	4294967295	255	4294967295	255	4294967295	255	
1371203	1	13712030	0	15	32000	550401	50	590401	50	4294967295	255	40010000	15	40020000	5	4294967295	255	4294967295	255	4294967295	255	
1371204	1	13712040	0	15	32000	551401	50	591401	50	4294967295	255	40010000	15	40020000	5	4294967295	255	4294967295	255	4294967295	255	
1371205	1	13712050	0	15	32000	552401	50	592401	50	4294967295	255	40010000	15	40020000	5	4294967295	255	4294967295	255	4294967295	255	
1371206	1	13712060	0	15	32000	553401	50	593401	50	4294967295	255	40010000	15	40020000	5	4294967295	255	4294967295	255	4294967295	255	
1371207	1	13712070	0	15	32000	555401	50	595401	50	4294967295	255	40010000	15	40020000	5	4294967295	255	4294967295	255	4294967295	255	
1371208	1	13712080	0	15	32000	554401	50	594401	50	4294967295	255	40010000	15	40020000	5	4294967295	255	4294967295	255	4294967295	255	
1371209	1	13712090	0	15	32000	558401	50	598401	50	4294967295	255	40010000	15	40020000	5	4294967295	255	4294967295	255	4294967295	255	
1371210	1	13712100	0	15	32000	559401	50	599401	50	4294967295	255	40010000	15	40020000	5	4294967295	255	4294967295	255	4294967295	255	
1371211	1	13712110	0	15	32000	560401	50	600401	50	4294967295	255	40010000	15	40020000	5	4294967295	255	4294967295	255	4294967295	255	
1371212	1	13712120	0	15	32000	561401	50	601401	50	4294967295	255	40010000	15	40020000	5	4294967295	255	4294967295	255	4294967295	255	
1371311	1	13713110	0	15	24000	562401	50	602401	50	4294967295	255	40010000	15	40020000	5	4294967295	255	4294967295	255	4294967295	255	
1371312	1	13713120	0	15	24000	562402	50	602402	50	4294967295	255	40010000	15	40020000	5	4294967295	255	4294967295	255	4294967295	255	
1371313	1	13713130	0	15	24000	562403	50	602403	50	4294967295	255	40010000	15	40020000	5	4294967295	255	4294967295	255	4294967295	255	
1371321	1	13713210	0	15	24000	565401	50	605401	50	4294967295	255	40010000	15	40020000	5	4294967295	255	4294967295	255	4294967295	255	
1371322	1	13713220	0	15	24000	565402	50	605402	50	4294967295	255	40010000	15	40020000	5	4294967295	255	4294967295	255	4294967295	255	
1371323	1	13713230	0	15	24000	565403	50	605403	50	4294967295	255	40010000	15	40020000	5	4294967295	255	4294967295	255	4294967295	255	
1371331	1	13713310	0	15	24000	567401	50	607401	50	4294967295	255	40010000	15	40020000	5	4294967295	255	4294967295	255	4294967295	255	
1371332	1	13713320	0	15	24000	567402	50	607402	50	4294967295	255	40010000	15	40020000	5	4294967295	255	4294967295	255	4294967295	255	
1371333	1	13713330	0	15	24000	567403	50	607403	50	4294967295	255	40010000	15	40020000	5	4294967295	255	4294967295	255	4294967295	255	
1372101	1	13721010	0	20	34000	541501	50	581501	50	4294967295	255	50010000	20	50020000	7	50030000	2	4294967295	255	4294967295	255	
1372102	1	13721020	0	20	34000	545501	50	585501	50	4294967295	255	50010000	20	50020000	7	50030000	2	4294967295	255	4294967295	255	
1372103	1	13721030	0	20	34000	546501	50	586501	50	4294967295	255	50010000	20	50020000	7	50030000	2	4294967295	255	4294967295	255	
1372201	1	13722010	0	20	45000	548501	50	588501	50	4294967295	255	50010000	20	50020000	7	4294967295	255	4294967295	255	4294967295	255	
1372202	1	13722020	0	20	45000	549501	50	589501	50	4294967295	255	50010000	20	50020000	7	4294967295	255	4294967295	255	4294967295	255	
1372203	1	13722030	0	20	45000	550501	50	590501	50	4294967295	255	50010000	20	50020000	7	4294967295	255	4294967295	255	4294967295	255	
1372204	1	13722040	0	20	45000	551501	50	591501	50	4294967295	255	50010000	20	50020000	7	4294967295	255	4294967295	255	4294967295	255	
1372205	1	13722050	0	20	45000	552501	50	592501	50	4294967295	255	50010000	20	50020000	7	4294967295	255	4294967295	255	4294967295	255	
1372206	1	13722060	0	20	45000	553501	50	593501	50	4294967295	255	50010000	20	50020000	7	4294967295	255	4294967295	255	4294967295	255	
1372207	1	13722070	0	20	45000	555501	50	595501	50	4294967295	255	50010000	20	50020000	7	4294967295	255	4294967295	255	4294967295	255	
1372208	1	13722080	0	20	45000	554501	50	594501	50	4294967295	255	50010000	20	50020000	7	4294967295	255	4294967295	255	4294967295	255	
1372209	1	13722090	0	20	45000	558501	50	598501	50	4294967295	255	50010000	20	50020000	7	4294967295	255	4294967295	255	4294967295	255	
1372210	1	13722100	0	20	45000	559501	50	599501	50	4294967295	255	50010000	20	50020000	7	4294967295	255	4294967295	255	4294967295	255	
1372211	1	13722110	0	20	45000	560501	50	600501	50	4294967295	255	50010000	20	50020000	7	4294967295	255	4294967295	255	4294967295	255	
1372212	1	13722120	0	20	45000	561501	50	601501	50	4294967295	255	50010000	20	50020000	7	4294967295	255	4294967295	255	4294967295	255	
1372311	1	13723110	0	20	34000	562501	50	602501	50	4294967295	255	50010000	20	50020000	7	4294967295	255	4294967295	255	4294967295	255	
1372312	1	13723120	0	20	34000	562502	50	602502	50	4294967295	255	50010000	20	50020000	7	4294967295	255	4294967295	255	4294967295	255	
1372313	1	13723130	0	20	34000	562503	50	602503	50	4294967295	255	50010000	20	50020000	7	4294967295	255	4294967295	255	4294967295	255	
1372321	1	13723210	0	20	34000	565501	50	605501	50	4294967295	255	50010000	20	50020000	7	4294967295	255	4294967295	255	4294967295	255	
1372322	1	13723220	0	20	34000	565502	50	605502	50	4294967295	255	50010000	20	50020000	7	4294967295	255	4294967295	255	4294967295	255	
1372323	1	13723230	0	20	34000	565503	50	605503	50	4294967295	255	50010000	20	50020000	7	4294967295	255	4294967295	255	4294967295	255	
1372331	1	13723310	0	20	34000	567501	50	607501	50	4294967295	255	50010000	20	50020000	7	4294967295	255	4294967295	255	4294967295	255	
1372332	1	13723320	0	20	34000	567502	50	607502	50	4294967295	255	50010000	20	50020000	7	4294967295	255	4294967295	255	4294967295	255	
1372333	1	13723330	0	20	34000	567503	50	607503	50	4294967295	255	50010000	20	50020000	7	4294967295	255	4294967295	255	4294967295	255	
1373101	1	13731010	0	20	39000	541551	50	581551	50	4294967295	255	50010000	20	50020000	10	50030000	3	4294967295	255	4294967295	255	
1373102	1	13731020	0	20	39000	545551	50	585551	50	4294967295	255	50010000	20	50020000	10	50030000	3	4294967295	255	4294967295	255	
1373103	1	13731030	0	20	39000	546551	50	586551	50	4294967295	255	50010000	20	50020000	10	50030000	3	4294967295	255	4294967295	255	
1373201	1	13732010	0	20	52000	548551	50	588551	50	4294967295	255	50010000	20	50020000	10	4294967295	255	4294967295	255	4294967295	255	
1373202	1	13732020	0	20	52000	549551	50	589551	50	4294967295	255	50010000	20	50020000	10	4294967295	255	4294967295	255	4294967295	255	
1373203	1	13732030	0	20	52000	550551	50	590551	50	4294967295	255	50010000	20	50020000	10	4294967295	255	4294967295	255	4294967295	255	
1373204	1	13732040	0	20	52000	551551	50	591551	50	4294967295	255	50010000	20	50020000	10	4294967295	255	4294967295	255	4294967295	255	
1373205	1	13732050	0	20	52000	552551	50	592551	50	4294967295	255	50010000	20	50020000	10	4294967295	255	4294967295	255	4294967295	255	
1373206	1	13732060	0	20	52000	553551	50	593551	50	4294967295	255	50010000	20	50020000	10	4294967295	255	4294967295	255	4294967295	255	
1373207	1	13732070	0	20	52000	555551	50	595551	50	4294967295	255	50010000	20	50020000	10	4294967295	255	4294967295	255	4294967295	255	
1373208	1	13732080	0	20	52000	554551	50	594551	50	4294967295	255	50010000	20	50020000	10	4294967295	255	4294967295	255	4294967295	255	
1373209	1	13732090	0	20	52000	558551	50	598551	50	4294967295	255	50010000	20	50020000	10	4294967295	255	4294967295	255	4294967295	255	
1373210	1	13732100	0	20	52000	559551	50	599551	50	4294967295	255	50010000	20	50020000	10	4294967295	255	4294967295	255	4294967295	255	
1373211	1	13732110	0	20	52000	560551	50	600551	50	4294967295	255	50010000	20	50020000	10	4294967295	255	4294967295	255	4294967295	255	
1373212	1	13732120	0	20	52000	561551	50	601551	50	4294967295	255	50010000	20	50020000	10	4294967295	255	4294967295	255	4294967295	255	
1373311	1	13733110	0	20	39000	562551	50	602551	50	4294967295	255	50010000	20	50020000	10	4294967295	255	4294967295	255	4294967295	255	
1373312	1	13733120	0	20	39000	562552	50	602552	50	4294967295	255	50010000	20	50020000	10	4294967295	255	4294967295	255	4294967295	255	
1373313	1	13733130	0	20	39000	562553	50	602553	50	4294967295	255	50010000	20	50020000	10	4294967295	255	4294967295	255	4294967295	255	
1373321	1	13733210	0	20	39000	565551	50	605551	50	4294967295	255	50010000	20	50020000	10	4294967295	255	4294967295	255	4294967295	255	
1373322	1	13733220	0	20	39000	565552	50	605552	50	4294967295	255	50010000	20	50020000	10	4294967295	255	4294967295	255	4294967295	255	
1373323	1	13733230	0	20	39000	565553	50	605553	50	4294967295	255	50010000	20	50020000	10	4294967295	255	4294967295	255	4294967295	255	
1373331	1	13733310	0	20	39000	567551	50	607551	50	4294967295	255	50010000	20	50020000	10	4294967295	255	4294967295	255	4294967295	255	
1373332	1	13733320	0	20	39000	567552	50	607552	50	4294967295	255	50010000	20	50020000	10	4294967295	255	4294967295	255	4294967295	255	
1373333	1	13733330	0	20	39000	567553	50	607553	50	4294967295	255	50010000	20	50020000	10	4294967295	255	4294967295	255	4294967295	255	
1374101	1	13741010	0	25	45000	541601	50	581601	50	4294967295	255	60010000	25	60020000	10	60030000	3	4294967295	255	4294967295	255	
1374102	1	13741020	0	25	45000	545601	50	585601	50	4294967295	255	60010000	25	60020000	10	60030000	3	4294967295	255	4294967295	255	
1374103	1	13741030	0	25	45000	546601	50	586601	50	4294967295	255	60010000	25	60020000	10	60030000	3	4294967295	255	4294967295	255	
1374201	1	13742010	0	25	59000	548601	50	588601	50	4294967295	255	60010000	25	60020000	10	4294967295	255	4294967295	255	4294967295	255	
1374202	1	13742020	0	25	59000	549601	50	589601	50	4294967295	255	60010000	25	60020000	10	4294967295	255	4294967295	255	4294967295	255	
1374203	1	13742030	0	25	59000	550601	50	590601	50	4294967295	255	60010000	25	60020000	10	4294967295	255	4294967295	255	4294967295	255	
1374204	1	13742040	0	25	59000	551601	50	591601	50	4294967295	255	60010000	25	60020000	10	4294967295	255	4294967295	255	4294967295	255	
1374205	1	13742050	0	25	59000	552601	50	592601	50	4294967295	255	60010000	25	60020000	10	4294967295	255	4294967295	255	4294967295	255	
1374206	1	13742060	0	25	59000	553601	50	593601	50	4294967295	255	60010000	25	60020000	10	4294967295	255	4294967295	255	4294967295	255	
1374207	1	13742070	0	25	59000	555601	50	595601	50	4294967295	255	60010000	25	60020000	10	4294967295	255	4294967295	255	4294967295	255	
1374208	1	13742080	0	25	59000	554601	50	594601	50	4294967295	255	60010000	25	60020000	10	4294967295	255	4294967295	255	4294967295	255	
1374209	1	13742090	0	25	59000	558601	50	598601	50	4294967295	255	60010000	25	60020000	10	4294967295	255	4294967295	255	4294967295	255	
1374210	1	13742100	0	25	59000	559601	50	599601	50	4294967295	255	60010000	25	60020000	10	4294967295	255	4294967295	255	4294967295	255	
1374211	1	13742110	0	25	59000	560601	50	600601	50	4294967295	255	60010000	25	60020000	10	4294967295	255	4294967295	255	4294967295	255	
1374212	1	13742120	0	25	59000	561601	50	601601	50	4294967295	255	60010000	25	60020000	10	4294967295	255	4294967295	255	4294967295	255	
1374311	1	13743110	0	25	45000	562601	50	602601	50	4294967295	255	60010000	25	60020000	10	4294967295	255	4294967295	255	4294967295	255	
1374312	1	13743120	0	25	45000	562602	50	602602	50	4294967295	255	60010000	25	60020000	10	4294967295	255	4294967295	255	4294967295	255	
1374313	1	13743130	0	25	45000	562603	50	602603	50	4294967295	255	60010000	25	60020000	10	4294967295	255	4294967295	255	4294967295	255	
1374321	1	13743210	0	25	45000	565601	50	605601	50	4294967295	255	60010000	25	60020000	10	4294967295	255	4294967295	255	4294967295	255	
1374322	1	13743220	0	25	45000	565602	50	605602	50	4294967295	255	60010000	25	60020000	10	4294967295	255	4294967295	255	4294967295	255	
1374323	1	13743230	0	25	45000	565603	50	605603	50	4294967295	255	60010000	25	60020000	10	4294967295	255	4294967295	255	4294967295	255	
1374331	1	13743310	0	25	45000	567601	50	607601	50	4294967295	255	60010000	25	60020000	10	4294967295	255	4294967295	255	4294967295	255	
1374332	1	13743320	0	25	45000	567602	50	607602	50	4294967295	255	60010000	25	60020000	10	4294967295	255	4294967295	255	4294967295	255	
1374333	1	13743330	0	25	45000	567603	50	607603	50	4294967295	255	60010000	25	60020000	10	4294967295	255	4294967295	255	4294967295	255	
1375101	1	13751010	0	25	51000	541651	50	581651	50	4294967295	255	60010000	25	60020000	12	60030000	4	4294967295	255	4294967295	255	
1375102	1	13751020	0	25	51000	545651	50	585651	50	4294967295	255	60010000	25	60020000	12	60030000	4	4294967295	255	4294967295	255	
1375103	1	13751030	0	25	51000	546651	50	586651	50	4294967295	255	60010000	25	60020000	12	60030000	4	4294967295	255	4294967295	255	
1375201	1	13752010	0	25	67000	548651	50	588651	50	4294967295	255	60010000	25	60020000	12	4294967295	255	4294967295	255	4294967295	255	
1375202	1	13752020	0	25	67000	549651	50	589651	50	4294967295	255	60010000	25	60020000	12	4294967295	255	4294967295	255	4294967295	255	
1375203	1	13752030	0	25	67000	550651	50	590651	50	4294967295	255	60010000	25	60020000	12	4294967295	255	4294967295	255	4294967295	255	
1375204	1	13752040	0	25	67000	551651	50	591651	50	4294967295	255	60010000	25	60020000	12	4294967295	255	4294967295	255	4294967295	255	
1375205	1	13752050	0	25	67000	552651	50	592651	50	4294967295	255	60010000	25	60020000	12	4294967295	255	4294967295	255	4294967295	255	
1375206	1	13752060	0	25	67000	553651	50	593651	50	4294967295	255	60010000	25	60020000	12	4294967295	255	4294967295	255	4294967295	255	
1375207	1	13752070	0	25	67000	555651	50	595651	50	4294967295	255	60010000	25	60020000	12	4294967295	255	4294967295	255	4294967295	255	
1375208	1	13752080	0	25	67000	554651	50	594651	50	4294967295	255	60010000	25	60020000	12	4294967295	255	4294967295	255	4294967295	255	
1375209	1	13752090	0	25	67000	558651	50	598651	50	4294967295	255	60010000	25	60020000	12	4294967295	255	4294967295	255	4294967295	255	
1375210	1	13752100	0	25	67000	559651	50	599651	50	4294967295	255	60010000	25	60020000	12	4294967295	255	4294967295	255	4294967295	255	
1375211	1	13752110	0	25	67000	560651	50	600651	50	4294967295	255	60010000	25	60020000	12	4294967295	255	4294967295	255	4294967295	255	
1375212	1	13752120	0	25	67000	561651	50	601651	50	4294967295	255	60010000	25	60020000	12	4294967295	255	4294967295	255	4294967295	255	
1375311	1	13753110	0	25	51000	562651	50	602651	50	4294967295	255	60010000	25	60020000	12	4294967295	255	4294967295	255	4294967295	255	
1375312	1	13753120	0	25	51000	562652	50	602652	50	4294967295	255	60010000	25	60020000	12	4294967295	255	4294967295	255	4294967295	255	
1375313	1	13753130	0	25	51000	562653	50	602653	50	4294967295	255	60010000	25	60020000	12	4294967295	255	4294967295	255	4294967295	255	
1375321	1	13753210	0	25	51000	565651	50	605651	50	4294967295	255	60010000	25	60020000	12	4294967295	255	4294967295	255	4294967295	255	
1375322	1	13753220	0	25	51000	565652	50	605652	50	4294967295	255	60010000	25	60020000	12	4294967295	255	4294967295	255	4294967295	255	
1375323	1	13753230	0	25	51000	565653	50	605653	50	4294967295	255	60010000	25	60020000	12	4294967295	255	4294967295	255	4294967295	255	
1375331	1	13753310	0	25	51000	567651	50	607651	50	4294967295	255	60010000	25	60020000	12	4294967295	255	4294967295	255	4294967295	255	
1375332	1	13753320	0	25	51000	567652	50	607652	50	4294967295	255	60010000	25	60020000	12	4294967295	255	4294967295	255	4294967295	255	
1375333	1	13753330	0	25	51000	567653	50	607653	50	4294967295	255	60010000	25	60020000	12	4294967295	255	4294967295	255	4294967295	255	
1376101	1	13761010	0	30	56000	541701	50	581701	50	4294967295	255	70010000	30	70020000	15	70030000	5	4294967295	255	4294967295	255	
1376102	1	13761020	0	30	56000	545701	50	585701	50	4294967295	255	70010000	30	70020000	15	70030000	5	4294967295	255	4294967295	255	
1376103	1	13761030	0	30	56000	546701	50	586701	50	4294967295	255	70010000	30	70020000	15	70030000	5	4294967295	255	4294967295	255	
1376201	1	13762010	0	30	75000	548701	50	588701	50	4294967295	255	70010000	30	70020000	15	4294967295	255	4294967295	255	4294967295	255	
1376202	1	13762020	0	30	75000	549701	50	589701	50	4294967295	255	70010000	30	70020000	15	4294967295	255	4294967295	255	4294967295	255	
1376203	1	13762030	0	30	75000	550701	50	590701	50	4294967295	255	70010000	30	70020000	15	4294967295	255	4294967295	255	4294967295	255	
1376204	1	13762040	0	30	75000	551701	50	591701	50	4294967295	255	70010000	30	70020000	15	4294967295	255	4294967295	255	4294967295	255	
1376205	1	13762050	0	30	75000	552701	50	592701	50	4294967295	255	70010000	30	70020000	15	4294967295	255	4294967295	255	4294967295	255	
1376206	1	13762060	0	30	75000	553701	50	593701	50	4294967295	255	70010000	30	70020000	15	4294967295	255	4294967295	255	4294967295	255	
1376207	1	13762070	0	30	75000	555701	50	595701	50	4294967295	255	70010000	30	70020000	15	4294967295	255	4294967295	255	4294967295	255	
1376208	1	13762080	0	30	75000	554701	50	594701	50	4294967295	255	70010000	30	70020000	15	4294967295	255	4294967295	255	4294967295	255	
1376209	1	13762090	0	30	75000	558701	50	598701	50	4294967295	255	70010000	30	70020000	15	4294967295	255	4294967295	255	4294967295	255	
1376210	1	13762100	0	30	75000	559701	50	599701	50	4294967295	255	70010000	30	70020000	15	4294967295	255	4294967295	255	4294967295	255	
1376211	1	13762110	0	30	75000	560701	50	600701	50	4294967295	255	70010000	30	70020000	15	4294967295	255	4294967295	255	4294967295	255	
1376212	1	13762120	0	30	75000	561701	50	601701	50	4294967295	255	70010000	30	70020000	15	4294967295	255	4294967295	255	4294967295	255	
1376311	1	13763110	0	30	56000	562701	50	602701	50	4294967295	255	70010000	30	70020000	15	4294967295	255	4294967295	255	4294967295	255	
1376312	1	13763120	0	30	56000	562702	50	602702	50	4294967295	255	70010000	30	70020000	15	4294967295	255	4294967295	255	4294967295	255	
1376313	1	13763130	0	30	56000	562703	50	602703	50	4294967295	255	70010000	30	70020000	15	4294967295	255	4294967295	255	4294967295	255	
1376321	1	13763210	0	30	56000	565701	50	605701	50	4294967295	255	70010000	30	70020000	15	4294967295	255	4294967295	255	4294967295	255	
1376322	1	13763220	0	30	56000	565702	50	605702	50	4294967295	255	70010000	30	70020000	15	4294967295	255	4294967295	255	4294967295	255	
1376323	1	13763230	0	30	56000	565703	50	605703	50	4294967295	255	70010000	30	70020000	15	4294967295	255	4294967295	255	4294967295	255	
1376331	1	13763310	0	30	56000	567701	50	607701	50	4294967295	255	70010000	30	70020000	15	4294967295	255	4294967295	255	4294967295	255	
1376332	1	13763320	0	30	56000	567702	50	607702	50	4294967295	255	70010000	30	70020000	15	4294967295	255	4294967295	255	4294967295	255	
1376333	1	13763330	0	30	56000	567703	50	607703	50	4294967295	255	70010000	30	70020000	15	4294967295	255	4294967295	255	4294967295	255	
5000100	1	50001000	0	1	0	140300	100	4294967295	255	4294967295	255	108	1	105	5	106	2	4294967295	255	4294967295	255	
5000101	1	50001010	0	1	0	140301	100	4294967295	255	4294967295	255	108	1	105	5	107	2	4294967295	255	4294967295	255	
7005012	1	70050120	0	1	30000	7001012	100	4294967295	255	4294967295	255	7003034	85	7003035	5	4294967295	255	4294967295	255	4294967295	255	
7005013	1	70050130	0	1	30000	7001013	100	4294967295	255	4294967295	255	7003034	85	7003035	5	4294967295	255	4294967295	255	4294967295	255	
7005014	1	70050140	0	1	30000	7001014	100	4294967295	255	4294967295	255	7003034	72	7003035	5	4294967295	255	4294967295	255	4294967295	255	
7005036	1	70050360	0	1	30000	7001036	100	4294967295	255	4294967295	255	7003034	85	7003035	5	4294967295	255	4294967295	255	4294967295	255	
7005037	1	70050370	0	1	30000	7001037	100	4294967295	255	4294967295	255	7003034	85	7003035	5	4294967295	255	4294967295	255	4294967295	255	
7005038	1	70050380	0	1	30000	7001038	100	4294967295	255	4294967295	255	7003034	72	7003035	5	4294967295	255	4294967295	255	4294967295	255	
7005060	1	70050600	0	1	30000	7001060	100	4294967295	255	4294967295	255	7003034	85	7003035	5	4294967295	255	4294967295	255	4294967295	255	
7005061	1	70050610	0	1	30000	7001061	100	4294967295	255	4294967295	255	7003034	85	7003035	5	4294967295	255	4294967295	255	4294967295	255	
7005062	1	70050620	0	1	30000	7001062	100	4294967295	255	4294967295	255	7003034	72	7003035	5	4294967295	255	4294967295	255	4294967295	255	
7005084	1	70050840	0	1	30000	7001084	100	4294967295	255	4294967295	255	7003034	85	7003035	5	4294967295	255	4294967295	255	4294967295	255	
7005085	1	70050850	0	1	30000	7001085	100	4294967295	255	4294967295	255	7003034	85	7003035	5	4294967295	255	4294967295	255	4294967295	255	
7005086	1	70050860	0	1	30000	7001086	100	4294967295	255	4294967295	255	7003034	72	7003035	5	4294967295	255	4294967295	255	4294967295	255	
7005108	1	70051080	0	1	30000	7001108	100	4294967295	255	4294967295	255	7003034	85	7003035	5	4294967295	255	4294967295	255	4294967295	255	
7005109	1	70051090	0	1	30000	7001109	100	4294967295	255	4294967295	255	7003034	85	7003035	5	4294967295	255	4294967295	255	4294967295	255	
7005110	1	70051100	0	1	30000	7001110	100	4294967295	255	4294967295	255	7003034	72	7003035	5	4294967295	255	4294967295	255	4294967295	255	
7005132	1	70051320	0	1	30000	7001132	100	4294967295	255	4294967295	255	7003034	85	7003035	5	4294967295	255	4294967295	255	4294967295	255	
7005133	1	70051330	0	1	30000	7001133	100	4294967295	255	4294967295	255	7003034	85	7003035	5	4294967295	255	4294967295	255	4294967295	255	
7005134	1	70051340	0	1	30000	7001134	100	4294967295	255	4294967295	255	7003034	72	7003035	5	4294967295	255	4294967295	255	4294967295	255	
7005216	1	70052160	0	1	30000	7001216	100	4294967295	255	4294967295	255	7003034	245	7003035	5	4294967295	255	4294967295	255	4294967295	255	
7005218	1	70052180	0	1	30000	7001218	100	4294967295	255	4294967295	255	7003034	210	7003035	5	4294967295	255	4294967295	255	4294967295	255	
7005219	1	70052190	0	1	30000	7001219	100	4294967295	255	4294967295	255	7003034	245	7003035	5	4294967295	255	4294967295	255	4294967295	255	
7005221	1	70052210	0	1	30000	7001221	100	4294967295	255	4294967295	255	7003034	210	7003035	5	4294967295	255	4294967295	255	4294967295	255	
7005222	1	70052220	0	1	30000	7001222	100	4294967295	255	4294967295	255	7003034	245	7003035	5	4294967295	255	4294967295	255	4294967295	255	
7005224	1	70052240	0	1	30000	7001224	100	4294967295	255	4294967295	255	7003034	210	7003035	5	4294967295	255	4294967295	255	4294967295	255	
7005225	1	70052250	0	1	30000	7001225	100	4294967295	255	4294967295	255	7003034	245	7003035	5	4294967295	255	4294967295	255	4294967295	255	
7005227	1	70052270	0	1	30000	7001227	100	4294967295	255	4294967295	255	7003034	210	7003035	5	4294967295	255	4294967295	255	4294967295	255	
7005228	1	70052280	0	1	30000	7001228	100	4294967295	255	4294967295	255	7003034	245	7003035	5	4294967295	255	4294967295	255	4294967295	255	
7005230	1	70052300	0	1	30000	7001230	100	4294967295	255	4294967295	255	7003034	210	7003035	5	4294967295	255	4294967295	255	4294967295	255	
7005231	1	70052310	0	1	30000	7001231	100	4294967295	255	4294967295	255	7003034	245	7003035	5	4294967295	255	4294967295	255	4294967295	255	
7005233	1	70052330	0	1	30000	7001233	100	4294967295	255	4294967295	255	7003034	210	7003035	5	4294967295	255	4294967295	255	4294967295	255	
7005282	1	70052820	0	1	30000	7001282	100	4294967295	255	4294967295	255	7003034	118	7003035	5	4294967295	255	4294967295	255	4294967295	255	
7005283	1	70052830	0	1	30000	7001283	100	4294967295	255	4294967295	255	7003034	118	7003035	5	4294967295	255	4294967295	255	4294967295	255	
7005284	1	70052840	0	1	30000	7001284	100	4294967295	255	4294967295	255	7003034	118	7003035	5	4294967295	255	4294967295	255	4294967295	255	
7005285	1	70052850	0	1	30000	7001285	100	4294967295	255	4294967295	255	7003034	118	7003035	5	4294967295	255	4294967295	255	4294967295	255	
7005286	1	70052860	0	1	30000	7001286	100	4294967295	255	4294967295	255	7003034	118	7003035	5	4294967295	255	4294967295	255	4294967295	255	
7005287	1	70052870	0	1	30000	7001287	100	4294967295	255	4294967295	255	7003034	118	7003035	5	4294967295	255	4294967295	255	4294967295	255	
7005288	1	70052880	0	1	30000	7001288	100	4294967295	255	4294967295	255	7003034	118	7003035	5	4294967295	255	4294967295	255	4294967295	255	
7005289	1	70052890	0	1	30000	7001289	100	4294967295	255	4294967295	255	7003034	118	7003035	5	4294967295	255	4294967295	255	4294967295	255	
7005290	1	70052900	0	1	30000	7001290	100	4294967295	255	4294967295	255	7003034	118	7003035	5	4294967295	255	4294967295	255	4294967295	255	
7005291	1	70052910	0	1	30000	7001291	100	4294967295	255	4294967295	255	7003034	118	7003035	5	4294967295	255	4294967295	255	4294967295	255	
7005292	1	70052920	0	1	30000	7001292	100	4294967295	255	4294967295	255	7003034	118	7003035	5	4294967295	255	4294967295	255	4294967295	255	
7005293	1	70052930	0	1	30000	7001293	100	4294967295	255	4294967295	255	7003034	118	7003035	5	4294967295	255	4294967295	255	4294967295	255	
7005342	1	70053420	0	1	30000	7001342	100	4294967295	255	4294967295	255	7003034	118	7003035	5	4294967295	255	4294967295	255	4294967295	255	
7005343	1	70053430	0	1	30000	7001343	100	4294967295	255	4294967295	255	7003034	118	7003035	5	4294967295	255	4294967295	255	4294967295	255	
7005344	1	70053440	0	1	30000	7001344	100	4294967295	255	4294967295	255	7003034	118	7003035	5	4294967295	255	4294967295	255	4294967295	255	
7005345	1	70053450	0	1	30000	7001345	100	4294967295	255	4294967295	255	7003034	118	7003035	5	4294967295	255	4294967295	255	4294967295	255	
7005346	1	70053460	0	1	30000	7001346	100	4294967295	255	4294967295	255	7003034	118	7003035	5	4294967295	255	4294967295	255	4294967295	255	
7005347	1	70053470	0	1	30000	7001347	100	4294967295	255	4294967295	255	7003034	118	7003035	5	4294967295	255	4294967295	255	4294967295	255	
7005348	1	70053480	0	1	30000	7001348	100	4294967295	255	4294967295	255	7003034	118	7003035	5	4294967295	255	4294967295	255	4294967295	255	
7005349	1	70053490	0	1	30000	7001349	100	4294967295	255	4294967295	255	7003034	118	7003035	5	4294967295	255	4294967295	255	4294967295	255	
7005350	1	70053500	0	1	30000	7001350	100	4294967295	255	4294967295	255	7003034	118	7003035	5	4294967295	255	4294967295	255	4294967295	255	
7005351	1	70053510	0	1	30000	7001351	100	4294967295	255	4294967295	255	7003034	118	7003035	5	4294967295	255	4294967295	255	4294967295	255	
7005352	1	70053520	0	1	30000	7001352	100	4294967295	255	4294967295	255	7003034	118	7003035	5	4294967295	255	4294967295	255	4294967295	255	
7005353	1	70053530	0	1	30000	7001353	100	4294967295	255	4294967295	255	7003034	118	7003035	5	4294967295	255	4294967295	255	4294967295	255	
7005354	1	70053540	0	1	30000	7001015	100	4294967295	255	4294967295	255	7003036	125	7003038	7	4294967295	255	4294967295	255	4294967295	255	
7005355	1	70053550	0	1	30000	7001016	100	4294967295	255	4294967295	255	7003036	125	7003038	7	4294967295	255	4294967295	255	4294967295	255	
7005356	1	70053560	0	1	30000	7001017	100	4294967295	255	4294967295	255	7003036	125	7003038	7	4294967295	255	4294967295	255	4294967295	255	
7005357	1	70053570	0	1	30000	7001039	100	4294967295	255	4294967295	255	7003036	125	7003038	7	4294967295	255	4294967295	255	4294967295	255	
7005358	1	70053580	0	1	30000	7001040	100	4294967295	255	4294967295	255	7003036	125	7003038	7	4294967295	255	4294967295	255	4294967295	255	
7005359	1	70053590	0	1	30000	7001041	100	4294967295	255	4294967295	255	7003036	125	7003038	7	4294967295	255	4294967295	255	4294967295	255	
7005360	1	70053600	0	1	30000	7001063	100	4294967295	255	4294967295	255	7003036	125	7003038	7	4294967295	255	4294967295	255	4294967295	255	
7005361	1	70053610	0	1	30000	7001064	100	4294967295	255	4294967295	255	7003036	125	7003038	7	4294967295	255	4294967295	255	4294967295	255	
7005362	1	70053620	0	1	30000	7001065	100	4294967295	255	4294967295	255	7003036	125	7003038	7	4294967295	255	4294967295	255	4294967295	255	
7005363	1	70053630	0	1	30000	7001087	100	4294967295	255	4294967295	255	7003036	125	7003038	7	4294967295	255	4294967295	255	4294967295	255	
7005364	1	70053640	0	1	30000	7001088	100	4294967295	255	4294967295	255	7003036	125	7003038	7	4294967295	255	4294967295	255	4294967295	255	
7005365	1	70053650	0	1	30000	7001089	100	4294967295	255	4294967295	255	7003036	125	7003038	7	4294967295	255	4294967295	255	4294967295	255	
7005366	1	70053660	0	1	30000	7001111	100	4294967295	255	4294967295	255	7003036	125	7003038	7	4294967295	255	4294967295	255	4294967295	255	
7005367	1	70053670	0	1	30000	7001112	100	4294967295	255	4294967295	255	7003036	125	7003038	7	4294967295	255	4294967295	255	4294967295	255	
7005368	1	70053680	0	1	30000	7001113	100	4294967295	255	4294967295	255	7003036	125	7003038	7	4294967295	255	4294967295	255	4294967295	255	
7005369	1	70053690	0	1	30000	7001135	100	4294967295	255	4294967295	255	7003036	125	7003038	7	4294967295	255	4294967295	255	4294967295	255	
7005370	1	70053700	0	1	30000	7001136	100	4294967295	255	4294967295	255	7003036	125	7003038	7	4294967295	255	4294967295	255	4294967295	255	
7005371	1	70053710	0	1	30000	7001137	100	4294967295	255	4294967295	255	7003036	125	7003038	7	4294967295	255	4294967295	255	4294967295	255	
7005372	1	70053720	0	1	30000	7001354	100	4294967295	255	4294967295	255	7003036	250	7003039	12	4294967295	255	4294967295	255	4294967295	255	
7005373	1	70053730	0	1	30000	7001355	100	4294967295	255	4294967295	255	7003036	250	7003039	12	4294967295	255	4294967295	255	4294967295	255	
7005374	1	70053740	0	1	30000	7001356	100	4294967295	255	4294967295	255	7003036	250	7003039	12	4294967295	255	4294967295	255	4294967295	255	
7005375	1	70053750	0	1	30000	7001357	100	4294967295	255	4294967295	255	7003036	250	7003039	12	4294967295	255	4294967295	255	4294967295	255	
7005376	1	70053760	0	1	30000	7001358	100	4294967295	255	4294967295	255	7003036	250	7003039	12	4294967295	255	4294967295	255	4294967295	255	
7005377	1	70053770	0	1	30000	7001359	100	4294967295	255	4294967295	255	7003036	250	7003039	12	4294967295	255	4294967295	255	4294967295	255	
7005378	1	70053780	0	1	30000	7001360	100	4294967295	255	4294967295	255	7003036	250	7003039	12	4294967295	255	4294967295	255	4294967295	255	
7005379	1	70053790	0	1	30000	7001361	100	4294967295	255	4294967295	255	7003036	250	7003039	12	4294967295	255	4294967295	255	4294967295	255	
7005380	1	70053800	0	1	30000	7001362	100	4294967295	255	4294967295	255	7003036	250	7003039	12	4294967295	255	4294967295	255	4294967295	255	
7005381	1	70053810	0	1	30000	7001363	100	4294967295	255	4294967295	255	7003036	250	7003039	12	4294967295	255	4294967295	255	4294967295	255	
7005382	1	70053820	0	1	30000	7001364	100	4294967295	255	4294967295	255	7003036	250	7003039	12	4294967295	255	4294967295	255	4294967295	255	
7005383	1	70053830	0	1	30000	7001365	100	4294967295	255	4294967295	255	7003036	250	7003039	12	4294967295	255	4294967295	255	4294967295	255	
7005384	1	70053840	0	1	30000	7001366	100	4294967295	255	4294967295	255	7003036	250	7003039	12	4294967295	255	4294967295	255	4294967295	255	
7005385	1	70053850	0	1	30000	7001367	100	4294967295	255	4294967295	255	7003036	250	7003039	12	4294967295	255	4294967295	255	4294967295	255	
7005386	1	70053860	0	1	30000	7001368	100	4294967295	255	4294967295	255	7003036	250	7003039	12	4294967295	255	4294967295	255	4294967295	255	
7005387	1	70053870	0	1	30000	7001369	100	4294967295	255	4294967295	255	7003036	250	7003039	12	4294967295	255	4294967295	255	4294967295	255	
7005388	1	70053880	0	1	30000	7001370	100	4294967295	255	4294967295	255	7003036	250	7003039	12	4294967295	255	4294967295	255	4294967295	255	
7005389	1	70053890	0	1	30000	7001371	100	4294967295	255	4294967295	255	7003036	250	7003039	12	4294967295	255	4294967295	255	4294967295	255	
7005390	1	70053900	0	1	30000	7001372	100	4294967295	255	4294967295	255	7003036	250	7003039	12	4294967295	255	4294967295	255	4294967295	255	
7005391	1	70053910	0	1	30000	7001373	100	4294967295	255	4294967295	255	7003036	250	7003039	12	4294967295	255	4294967295	255	4294967295	255	
7005392	1	70053920	0	1	30000	7001374	100	4294967295	255	4294967295	255	7003036	250	7003039	12	4294967295	255	4294967295	255	4294967295	255	
7005393	1	70053930	0	1	30000	7001375	100	4294967295	255	4294967295	255	7003036	250	7003039	12	4294967295	255	4294967295	255	4294967295	255	
7005394	1	70053940	0	1	30000	7001376	100	4294967295	255	4294967295	255	7003036	250	7003039	12	4294967295	255	4294967295	255	4294967295	255	
7005395	1	70053950	0	1	30000	7001377	100	4294967295	255	4294967295	255	7003036	250	7003039	12	4294967295	255	4294967295	255	4294967295	255	
7005396	1	70053960	0	1	30000	7001378	100	4294967295	255	4294967295	255	7003036	25	7003037	3	4294967295	255	4294967295	255	4294967295	255	
7005397	1	70053970	0	1	30000	7001379	100	4294967295	255	4294967295	255	7003036	25	7003037	3	4294967295	255	4294967295	255	4294967295	255	
7005398	1	70053980	0	1	30000	7001380	100	4294967295	255	4294967295	255	7003036	25	7003037	3	4294967295	255	4294967295	255	4294967295	255	
7005399	1	70053990	0	1	30000	7001381	100	4294967295	255	4294967295	255	7003036	25	7003037	3	4294967295	255	4294967295	255	4294967295	255	
7005400	1	70054000	0	1	30000	7001382	100	4294967295	255	4294967295	255	7003036	25	7003037	3	4294967295	255	4294967295	255	4294967295	255	
7005401	1	70054010	0	1	30000	7001383	100	4294967295	255	4294967295	255	7003036	25	7003037	3	4294967295	255	4294967295	255	4294967295	255	
7005402	1	70054020	0	1	30000	7001384	100	4294967295	255	4294967295	255	7003036	25	7003037	3	4294967295	255	4294967295	255	4294967295	255	
7005403	1	70054030	0	1	30000	7001385	100	4294967295	255	4294967295	255	7003036	25	7003037	3	4294967295	255	4294967295	255	4294967295	255	
7005404	1	70054040	0	1	30000	7001386	100	4294967295	255	4294967295	255	7003036	25	7003037	3	4294967295	255	4294967295	255	4294967295	255	
7005405	1	70054050	0	1	30000	7001387	100	4294967295	255	4294967295	255	7003036	25	7003037	3	4294967295	255	4294967295	255	4294967295	255	
7005406	1	70054060	0	1	30000	7001388	100	4294967295	255	4294967295	255	7003036	25	7003037	3	4294967295	255	4294967295	255	4294967295	255	
7005407	1	70054070	0	1	30000	7001389	100	4294967295	255	4294967295	255	7003036	25	7003037	3	4294967295	255	4294967295	255	4294967295	255	
7005408	1	70054080	0	1	30000	7001390	100	4294967295	255	4294967295	255	7003036	25	7003037	3	4294967295	255	4294967295	255	4294967295	255	
7005409	1	70054090	0	1	30000	7001391	100	4294967295	255	4294967295	255	7003036	25	7003037	3	4294967295	255	4294967295	255	4294967295	255	
7005410	1	70054100	0	1	30000	7001392	100	4294967295	255	4294967295	255	7003036	25	7003037	3	4294967295	255	4294967295	255	4294967295	255	
7005411	1	70054110	0	1	30000	7001393	100	4294967295	255	4294967295	255	7003036	25	7003037	3	4294967295	255	4294967295	255	4294967295	255	
7005412	1	70054120	0	1	30000	7001394	100	4294967295	255	4294967295	255	7003036	25	7003037	3	4294967295	255	4294967295	255	4294967295	255	
7005413	1	70054130	0	1	30000	7001395	100	4294967295	255	4294967295	255	7003036	25	7003037	3	4294967295	255	4294967295	255	4294967295	255	
7005414	1	70054140	0	1	30000	7001396	100	4294967295	255	4294967295	255	7003036	25	7003037	3	4294967295	255	4294967295	255	4294967295	255	
7005415	1	70054150	0	1	30000	7001397	100	4294967295	255	4294967295	255	7003036	25	7003037	3	4294967295	255	4294967295	255	4294967295	255	
7005416	1	70054160	0	1	30000	7001398	100	4294967295	255	4294967295	255	7003036	25	7003037	3	4294967295	255	4294967295	255	4294967295	255	
7005417	1	70054170	0	1	30000	7001399	100	4294967295	255	4294967295	255	7003036	25	7003037	3	4294967295	255	4294967295	255	4294967295	255	
7005418	1	70054180	0	1	30000	7001400	100	4294967295	255	4294967295	255	7003036	25	7003037	3	4294967295	255	4294967295	255	4294967295	255	
7005419	1	70054190	0	1	30000	7001401	100	4294967295	255	4294967295	255	7003036	25	7003037	3	4294967295	255	4294967295	255	4294967295	255	
7005444	1	70054440	0	1	30000	7001426	80	7000097	20	4294967295	255	7003036	125	7003038	7	7003041	7	4294967295	255	4294967295	255	
7005445	1	70054450	0	1	30000	7001427	80	7000097	20	4294967295	255	7003036	125	7003038	7	7003041	7	4294967295	255	4294967295	255	
7005446	1	70054460	0	1	30000	7001428	80	7000097	20	4294967295	255	7003036	125	7003038	7	7003041	7	4294967295	255	4294967295	255	
7005447	1	70054470	0	1	30000	7001429	80	7000097	20	4294967295	255	7003036	125	7003038	7	7003041	7	4294967295	255	4294967295	255	
7005448	1	70054480	0	1	30000	7001430	80	7000097	20	4294967295	255	7003036	125	7003038	7	7003041	7	4294967295	255	4294967295	255	
7005449	1	70054490	0	1	30000	7001431	80	7000097	20	4294967295	255	7003036	125	7003038	7	7003041	7	4294967295	255	4294967295	255	
7005450	1	70054500	0	1	30000	7001432	80	7000097	20	4294967295	255	7003036	125	7003038	7	7003041	7	4294967295	255	4294967295	255	
7005451	1	70054510	0	1	30000	7001433	80	7000097	20	4294967295	255	7003036	125	7003038	7	7003041	7	4294967295	255	4294967295	255	
7005452	1	70054520	0	1	30000	7001434	80	7000097	20	4294967295	255	7003036	125	7003038	7	7003041	7	4294967295	255	4294967295	255	
7005453	1	70054530	0	1	30000	7001435	80	7000097	20	4294967295	255	7003036	125	7003038	7	7003041	7	4294967295	255	4294967295	255	
7005454	1	70054540	0	1	30000	7001436	80	7000097	20	4294967295	255	7003036	125	7003038	7	7003041	7	4294967295	255	4294967295	255	
7005455	1	70054550	0	1	30000	7001437	80	7000097	20	4294967295	255	7003036	125	7003038	7	7003041	7	4294967295	255	4294967295	255	
7005456	1	70054560	0	1	30000	7001438	80	7000097	20	4294967295	255	7003036	125	7003038	7	7003041	7	4294967295	255	4294967295	255	
7005457	1	70054570	0	1	30000	7001439	80	7000097	20	4294967295	255	7003036	125	7003038	7	7003041	7	4294967295	255	4294967295	255	
7005458	1	70054580	0	1	30000	7001440	80	7000097	20	4294967295	255	7003036	125	7003038	7	7003041	7	4294967295	255	4294967295	255	
7005459	1	70054590	0	1	30000	7001441	80	7000097	20	4294967295	255	7003036	125	7003038	7	7003041	7	4294967295	255	4294967295	255	
7005460	1	70054600	0	1	30000	7001442	80	7000097	20	4294967295	255	7003036	125	7003038	7	7003041	7	4294967295	255	4294967295	255	
7005461	1	70054610	0	1	30000	7001443	80	7000097	20	4294967295	255	7003036	125	7003038	7	7003041	7	4294967295	255	4294967295	255	
7005462	1	70054620	0	1	30000	7001444	80	7000098	20	4294967295	255	7003036	250	7003039	12	7003042	12	4294967295	255	4294967295	255	
7005463	1	70054630	0	1	30000	7001445	80	7000098	20	4294967295	255	7003036	250	7003039	12	7003042	12	4294967295	255	4294967295	255	
7005464	1	70054640	0	1	30000	7001446	80	7000098	20	4294967295	255	7003036	250	7003039	12	7003042	12	4294967295	255	4294967295	255	
7005465	1	70054650	0	1	30000	7001447	80	7000098	20	4294967295	255	7003036	250	7003039	12	7003042	12	4294967295	255	4294967295	255	
7005466	1	70054660	0	1	30000	7001448	80	7000098	20	4294967295	255	7003036	250	7003039	12	7003042	12	4294967295	255	4294967295	255	
7005467	1	70054670	0	1	30000	7001449	80	7000098	20	4294967295	255	7003036	250	7003039	12	7003042	12	4294967295	255	4294967295	255	
7005468	1	70054680	0	1	30000	7001450	80	7000098	20	4294967295	255	7003036	250	7003039	12	7003042	12	4294967295	255	4294967295	255	
7005469	1	70054690	0	1	30000	7001451	80	7000098	20	4294967295	255	7003036	250	7003039	12	7003042	12	4294967295	255	4294967295	255	
7005470	1	70054700	0	1	30000	7001452	80	7000098	20	4294967295	255	7003036	250	7003039	12	7003042	12	4294967295	255	4294967295	255	
7005471	1	70054710	0	1	30000	7001453	80	7000098	20	4294967295	255	7003036	250	7003039	12	7003042	12	4294967295	255	4294967295	255	
7005472	1	70054720	0	1	30000	7001454	80	7000098	20	4294967295	255	7003036	250	7003039	12	7003042	12	4294967295	255	4294967295	255	
7005473	1	70054730	0	1	30000	7001455	80	7000098	20	4294967295	255	7003036	250	7003039	12	7003042	12	4294967295	255	4294967295	255	
7005474	1	70054740	0	1	30000	7001456	80	7000098	20	4294967295	255	7003036	250	7003039	12	7003042	12	4294967295	255	4294967295	255	
7005475	1	70054750	0	1	30000	7001457	80	7000098	20	4294967295	255	7003036	250	7003039	12	7003042	12	4294967295	255	4294967295	255	
7005476	1	70054760	0	1	30000	7001458	80	7000098	20	4294967295	255	7003036	250	7003039	12	7003042	12	4294967295	255	4294967295	255	
7005477	1	70054770	0	1	30000	7001459	80	7000098	20	4294967295	255	7003036	250	7003039	12	7003042	12	4294967295	255	4294967295	255	
7005478	1	70054780	0	1	30000	7001460	80	7000098	20	4294967295	255	7003036	250	7003039	12	7003042	12	4294967295	255	4294967295	255	
7005479	1	70054790	0	1	30000	7001461	80	7000098	20	4294967295	255	7003036	250	7003039	12	7003042	12	4294967295	255	4294967295	255	
7005480	1	70054800	0	1	30000	7001462	80	7000098	20	4294967295	255	7003036	250	7003039	12	7003042	12	4294967295	255	4294967295	255	
7005481	1	70054810	0	1	30000	7001463	80	7000098	20	4294967295	255	7003036	250	7003039	12	7003042	12	4294967295	255	4294967295	255	
7005482	1	70054820	0	1	30000	7001464	80	7000098	20	4294967295	255	7003036	250	7003039	12	7003042	12	4294967295	255	4294967295	255	
7005483	1	70054830	0	1	30000	7001465	80	7000098	20	4294967295	255	7003036	250	7003039	12	7003042	12	4294967295	255	4294967295	255	
7005484	1	70054840	0	1	30000	7001466	80	7000098	20	4294967295	255	7003036	250	7003039	12	7003042	12	4294967295	255	4294967295	255	
7005485	1	70054850	0	1	30000	7001467	80	7000098	20	4294967295	255	7003036	250	7003039	12	7003042	12	4294967295	255	4294967295	255	
7005486	1	70054860	0	1	30000	7001468	80	7000100	20	4294967295	255	7003036	250	7003042	12	7003044	15	4294967295	255	4294967295	255	
7005487	1	70054870	0	1	30000	7001469	80	7000100	20	4294967295	255	7003036	250	7003042	12	7003044	15	4294967295	255	4294967295	255	
7005488	1	70054880	0	1	30000	7001470	80	7000100	20	4294967295	255	7003036	250	7003042	12	7003044	15	4294967295	255	4294967295	255	
7005489	1	70054890	0	1	30000	7001471	80	7000100	20	4294967295	255	7003036	250	7003042	12	7003044	15	4294967295	255	4294967295	255	
7005490	1	70054900	0	1	30000	7001472	80	7000100	20	4294967295	255	7003036	250	7003042	12	7003044	15	4294967295	255	4294967295	255	
7005491	1	70054910	0	1	30000	7001473	80	7000100	20	4294967295	255	7003036	250	7003042	12	7003044	15	4294967295	255	4294967295	255	
7005492	1	70054920	0	1	30000	7001474	80	7000100	20	4294967295	255	7003036	250	7003042	12	7003044	15	4294967295	255	4294967295	255	
7005493	1	70054930	0	1	30000	7001475	80	7000100	20	4294967295	255	7003036	250	7003042	12	7003044	15	4294967295	255	4294967295	255	
7005494	1	70054940	0	1	30000	7001476	80	7000100	20	4294967295	255	7003036	250	7003042	12	7003044	15	4294967295	255	4294967295	255	
7005495	1	70054950	0	1	30000	7001477	80	7000100	20	4294967295	255	7003036	250	7003042	12	7003044	15	4294967295	255	4294967295	255	
7005496	1	70054960	0	1	30000	7001478	80	7000100	20	4294967295	255	7003036	250	7003042	12	7003044	15	4294967295	255	4294967295	255	
7005497	1	70054970	0	1	30000	7001479	80	7000100	20	4294967295	255	7003036	250	7003042	12	7003044	15	4294967295	255	4294967295	255	
7005498	1	70054980	0	1	30000	7001480	80	7000100	20	4294967295	255	7003036	250	7003042	12	7003044	15	4294967295	255	4294967295	255	
7005499	1	70054990	0	1	30000	7001481	80	7000100	20	4294967295	255	7003036	250	7003042	12	7003044	15	4294967295	255	4294967295	255	
7005500	1	70055000	0	1	30000	7001482	80	7000100	20	4294967295	255	7003036	250	7003042	12	7003044	15	4294967295	255	4294967295	255	
7005501	1	70055010	0	1	30000	7001483	80	7000100	20	4294967295	255	7003036	250	7003042	12	7003044	15	4294967295	255	4294967295	255	
7005502	1	70055020	0	1	30000	7001484	80	7000100	20	4294967295	255	7003036	250	7003042	12	7003044	15	4294967295	255	4294967295	255	
7005503	1	70055030	0	1	30000	7001485	80	7000100	20	4294967295	255	7003036	250	7003042	12	7003044	15	4294967295	255	4294967295	255	
7005504	1	70055040	0	1	30000	7001486	80	7000100	20	4294967295	255	7003036	250	7003042	12	7003044	15	4294967295	255	4294967295	255	
7005505	1	70055050	0	1	30000	7001487	80	7000100	20	4294967295	255	7003036	250	7003042	12	7003044	15	4294967295	255	4294967295	255	
7005506	1	70055060	0	1	30000	7001488	80	7000100	20	4294967295	255	7003036	250	7003042	12	7003044	15	4294967295	255	4294967295	255	
7005507	1	70055070	0	1	30000	7001489	80	7000100	20	4294967295	255	7003036	250	7003042	12	7003044	15	4294967295	255	4294967295	255	
7005508	1	70055080	0	1	30000	7001490	80	7000100	20	4294967295	255	7003036	250	7003042	12	7003044	15	4294967295	255	4294967295	255	
7005509	1	70055090	0	1	30000	7001491	80	7000100	20	4294967295	255	7003036	250	7003042	12	7003044	15	4294967295	255	4294967295	255	
7005510	1	70055100	0	1	30000	7001492	80	7000099	20	4294967295	255	7003036	130	7003041	7	7003043	10	4294967295	255	4294967295	255	
7005511	1	70055110	0	1	30000	7001493	80	7000099	20	4294967295	255	7003036	130	7003041	7	7003043	10	4294967295	255	4294967295	255	
7005512	1	70055120	0	1	30000	7001494	80	7000099	20	4294967295	255	7003036	130	7003041	7	7003043	10	4294967295	255	4294967295	255	
7005513	1	70055130	0	1	30000	7001495	80	7000099	20	4294967295	255	7003036	130	7003041	7	7003043	10	4294967295	255	4294967295	255	
7005514	1	70055140	0	1	30000	7001496	80	7000099	20	4294967295	255	7003036	130	7003041	7	7003043	10	4294967295	255	4294967295	255	
7005515	1	70055150	0	1	30000	7001497	80	7000099	20	4294967295	255	7003036	130	7003041	7	7003043	10	4294967295	255	4294967295	255	
7005516	1	70055160	0	1	30000	7001498	80	7000099	20	4294967295	255	7003036	130	7003041	7	7003043	10	4294967295	255	4294967295	255	
7005517	1	70055170	0	1	30000	7001499	80	7000099	20	4294967295	255	7003036	130	7003041	7	7003043	10	4294967295	255	4294967295	255	
7005518	1	70055180	0	1	30000	7001500	80	7000099	20	4294967295	255	7003036	130	7003041	7	7003043	10	4294967295	255	4294967295	255	
7005519	1	70055190	0	1	30000	7001501	80	7000099	20	4294967295	255	7003036	130	7003041	7	7003043	10	4294967295	255	4294967295	255	
7005520	1	70055200	0	1	30000	7001502	80	7000099	20	4294967295	255	7003036	130	7003041	7	7003043	10	4294967295	255	4294967295	255	
7005521	1	70055210	0	1	30000	7001503	80	7000099	20	4294967295	255	7003036	130	7003041	7	7003043	10	4294967295	255	4294967295	255	
7005522	1	70055220	0	1	30000	7001504	80	7000099	20	4294967295	255	7003036	130	7003041	7	7003043	10	4294967295	255	4294967295	255	
7005523	1	70055230	0	1	30000	7001505	80	7000099	20	4294967295	255	7003036	130	7003041	7	7003043	10	4294967295	255	4294967295	255	
7005524	1	70055240	0	1	30000	7001506	80	7000099	20	4294967295	255	7003036	130	7003041	7	7003043	10	4294967295	255	4294967295	255	
7005525	1	70055250	0	1	30000	7001507	80	7000099	20	4294967295	255	7003036	130	7003041	7	7003043	10	4294967295	255	4294967295	255	
7005526	1	70055260	0	1	30000	7001508	80	7000099	20	4294967295	255	7003036	130	7003041	7	7003043	10	4294967295	255	4294967295	255	
7005527	1	70055270	0	1	30000	7001509	80	7000099	20	4294967295	255	7003036	130	7003041	7	7003043	10	4294967295	255	4294967295	255	
7007001	1	70070010	0	1	30000	64	100	4294967295	255	4294967295	255	7006001	1	7006002	1	7006003	1	4294967295	255	4294967295	255	
7007002	1	70070020	0	1	30000	65	100	4294967295	255	4294967295	255	7006001	1	7006002	1	7006003	1	7006004	1	4294967295	255	
10150002	1	101500020	0	1	0	10140003	100	4294967295	255	4294967295	255	10160001	10	4294967295	255	4294967295	255	4294967295	255	4294967295	255	
11150003	1	111500030	0	1	0	11140219	100	4294967295	255	4294967295	255	11160004	10	11160005	1	4294967295	255	4294967295	255	4294967295	255	
11150004	1	111500040	0	1	0	11140220	100	4294967295	255	4294967295	255	11160004	10	11160006	1	4294967295	255	4294967295	255	4294967295	255	
11150005	1	111500050	0	1	0	11140221	100	4294967295	255	4294967295	255	11160004	10	11160007	1	4294967295	255	4294967295	255	4294967295	255	
11150006	1	111500060	6	1	0	11160014	80	11140369	20	4294967295	255	18133	45	18135	45	18134	45	18136	45	4294967295	255	
11150007	1	111500070	6	1	0	11160015	80	11140369	20	4294967295	255	18133	45	18135	45	18134	45	18136	45	4294967295	255	
11150008	1	111500080	6	1	0	11160016	80	11140369	20	4294967295	255	18133	45	18135	45	18134	45	18136	45	4294967295	255	
11150009	1	111500090	6	1	0	11160017	80	11140369	20	4294967295	255	18133	45	18135	45	18134	45	18136	45	4294967295	255	
11150010	1	111500100	6	1	0	11160018	80	11140369	20	4294967295	255	18178	45	18179	45	18133	45	18135	45	4294967295	255	
11150011	1	111500110	6	1	0	11170177	100	4294967295	255	4294967295	255	18133	90	11160010	5	11160015	14	11160018	1	4294967295	255	
11150012	1	111500120	6	1	0	11170178	100	4294967295	255	4294967295	255	18133	90	11160010	5	11160015	14	11160018	1	4294967295	255	
11150013	1	111500130	6	1	0	11170179	100	4294967295	255	4294967295	255	18135	90	11160011	5	11160016	14	11160018	1	4294967295	255	
11150014	1	111500140	6	1	0	11170180	100	4294967295	255	4294967295	255	18135	90	11160011	5	11160014	14	11160018	1	4294967295	255	
11150015	1	111500150	6	1	0	11170181	100	4294967295	255	4294967295	255	18134	90	11160012	5	11160015	14	11160018	1	4294967295	255	
11150016	1	111500160	6	1	0	11170182	100	4294967295	255	4294967295	255	18136	90	11160013	5	11160015	14	11160018	1	4294967295	255	
11150017	1	111500170	6	1	0	11170183	100	4294967295	255	4294967295	255	18136	90	11160013	5	11160016	14	11160018	1	4294967295	255	
11150018	1	111500180	6	1	0	11170184	100	4294967295	255	4294967295	255	18134	90	11160012	5	11160016	14	11160018	1	4294967295	255	
11150019	1	111500190	6	1	0	11170185	100	4294967295	255	4294967295	255	403039	10	403000	5	11160010	5	11160017	14	11160018	1	
11150020	1	111500200	6	1	0	11170186	100	4294967295	255	4294967295	255	403039	10	303001	5	11160011	5	11160015	14	11160018	1	
11150021	1	111500210	6	1	0	11170187	100	4294967295	255	4294967295	255	403039	10	303000	5	11160012	5	11160014	14	11160018	1	
11150022	1	111500220	6	1	0	11170188	100	4294967295	255	4294967295	255	403039	10	303001	5	11160013	5	11160016	14	11160018	1	
