1	453	1	4294967295	3.40282e+38	4294967295	3.40282e+38	4294967295	3.40282e+38	4294967295	3.40282e+38	
2	11	1	4294967295	3.40282e+38	4294967295	3.40282e+38	4294967295	3.40282e+38	4294967295	3.40282e+38	
3	2	1	4294967295	3.40282e+38	4294967295	3.40282e+38	4294967295	3.40282e+38	4294967295	3.40282e+38	
4	456	1	4294967295	3.40282e+38	4294967295	3.40282e+38	4294967295	3.40282e+38	4294967295	3.40282e+38	
5	428	1	4294967295	3.40282e+38	4294967295	3.40282e+38	4294967295	3.40282e+38	4294967295	3.40282e+38	
6	429	0.8	4294967295	3.40282e+38	4294967295	3.40282e+38	4294967295	3.40282e+38	4294967295	3.40282e+38	
7	455	0.9	4294967295	3.40282e+38	4294967295	3.40282e+38	4294967295	3.40282e+38	4294967295	3.40282e+38	
8	458	0.8	451	0.9	4294967295	3.40282e+38	4294967295	3.40282e+38	4294967295	3.40282e+38	
9	367	1	4294967295	3.40282e+38	4294967295	3.40282e+38	4294967295	3.40282e+38	4294967295	3.40282e+38	
10	46	0.8	4294967295	3.40282e+38	4294967295	3.40282e+38	4294967295	3.40282e+38	4294967295	3.40282e+38	
11	434	0.9	4294967295	3.40282e+38	4294967295	3.40282e+38	4294967295	3.40282e+38	4294967295	3.40282e+38	
12	435	1	1065	1	4294967295	3.40282e+38	4294967295	3.40282e+38	4294967295	3.40282e+38	
13	461	0.8	4294967295	3.40282e+38	4294967295	3.40282e+38	4294967295	3.40282e+38	4294967295	3.40282e+38	
14	48	0.8	4294967295	3.40282e+38	4294967295	3.40282e+38	4294967295	3.40282e+38	4294967295	3.40282e+38	
15	439	0.8	4294967295	3.40282e+38	4294967295	3.40282e+38	4294967295	3.40282e+38	4294967295	3.40282e+38	
16	9	0.6	4294967295	3.40282e+38	4294967295	3.40282e+38	4294967295	3.40282e+38	4294967295	3.40282e+38	
17	54	0.6	4294967295	3.40282e+38	4294967295	3.40282e+38	4294967295	3.40282e+38	4294967295	3.40282e+38	
18	442	0.8	4294967295	3.40282e+38	4294967295	3.40282e+38	4294967295	3.40282e+38	4294967295	3.40282e+38	
19	443	1	4294967295	3.40282e+38	4294967295	3.40282e+38	4294967295	3.40282e+38	4294967295	3.40282e+38	
20	444	0.6	4294967295	3.40282e+38	4294967295	3.40282e+38	4294967295	3.40282e+38	4294967295	3.40282e+38	
21	17	0.8	4294967295	3.40282e+38	4294967295	3.40282e+38	4294967295	3.40282e+38	4294967295	3.40282e+38	
22	8	0.8	4294967295	3.40282e+38	4294967295	3.40282e+38	4294967295	3.40282e+38	4294967295	3.40282e+38	
23	425	1	4294967295	3.40282e+38	4294967295	3.40282e+38	4294967295	3.40282e+38	4294967295	3.40282e+38	
24	448	1	4294967295	3.40282e+38	4294967295	3.40282e+38	4294967295	3.40282e+38	4294967295	3.40282e+38	
25	449	0.6	4294967295	3.40282e+38	4294967295	3.40282e+38	4294967295	3.40282e+38	4294967295	3.40282e+38	
26	463	0.7	1199	0.3	4294967295	3.40282e+38	4294967295	3.40282e+38	4294967295	3.40282e+38	
27	464	1	4294967295	3.40282e+38	4294967295	3.40282e+38	4294967295	3.40282e+38	4294967295	3.40282e+38	
28	466	1	4294967295	3.40282e+38	4294967295	3.40282e+38	4294967295	3.40282e+38	4294967295	3.40282e+38	
29	467	1	4294967295	3.40282e+38	4294967295	3.40282e+38	4294967295	3.40282e+38	4294967295	3.40282e+38	
30	468	1	4294967295	3.40282e+38	4294967295	3.40282e+38	4294967295	3.40282e+38	4294967295	3.40282e+38	
31	139	0.7	4294967295	3.40282e+38	4294967295	3.40282e+38	4294967295	3.40282e+38	4294967295	3.40282e+38	
32	473	0.8	4294967295	3.40282e+38	4294967295	3.40282e+38	4294967295	3.40282e+38	4294967295	3.40282e+38	
33	474	1	4294967295	3.40282e+38	4294967295	3.40282e+38	4294967295	3.40282e+38	4294967295	3.40282e+38	
34	478	1	4294967295	3.40282e+38	4294967295	3.40282e+38	4294967295	3.40282e+38	4294967295	3.40282e+38	
35	479	0.8	4294967295	3.40282e+38	4294967295	3.40282e+38	4294967295	3.40282e+38	4294967295	3.40282e+38	
36	481	0.8	4294967295	3.40282e+38	4294967295	3.40282e+38	4294967295	3.40282e+38	4294967295	3.40282e+38	
37	482	1	4294967295	3.40282e+38	4294967295	3.40282e+38	4294967295	3.40282e+38	4294967295	3.40282e+38	
38	485	1	4294967295	3.40282e+38	4294967295	3.40282e+38	4294967295	3.40282e+38	4294967295	3.40282e+38	
39	489	0.9	4294967295	3.40282e+38	4294967295	3.40282e+38	4294967295	3.40282e+38	4294967295	3.40282e+38	
40	490	0.8	4294967295	3.40282e+38	4294967295	3.40282e+38	4294967295	3.40282e+38	4294967295	3.40282e+38	
41	492	0.8	4294967295	3.40282e+38	4294967295	3.40282e+38	4294967295	3.40282e+38	4294967295	3.40282e+38	
42	701	1	4294967295	3.40282e+38	4294967295	3.40282e+38	4294967295	3.40282e+38	4294967295	3.40282e+38	
43	496	0.8	4294967295	3.40282e+38	4294967295	3.40282e+38	4294967295	3.40282e+38	4294967295	3.40282e+38	
44	500	0.9	4294967295	3.40282e+38	4294967295	3.40282e+38	4294967295	3.40282e+38	4294967295	3.40282e+38	
45	504	0.6	4294967295	3.40282e+38	4294967295	3.40282e+38	4294967295	3.40282e+38	4294967295	3.40282e+38	
46	507	0.8	4294967295	3.40282e+38	4294967295	3.40282e+38	4294967295	3.40282e+38	4294967295	3.40282e+38	
47	508	0.1	4294967295	3.40282e+38	4294967295	3.40282e+38	4294967295	3.40282e+38	4294967295	3.40282e+38	
48	509	1	4294967295	3.40282e+38	4294967295	3.40282e+38	4294967295	3.40282e+38	4294967295	3.40282e+38	
49	511	1	4294967295	3.40282e+38	4294967295	3.40282e+38	4294967295	3.40282e+38	4294967295	3.40282e+38	
50	636	0.8	4294967295	3.40282e+38	4294967295	3.40282e+38	4294967295	3.40282e+38	4294967295	3.40282e+38	
51	468	0.8	4294967295	3.40282e+38	4294967295	3.40282e+38	4294967295	3.40282e+38	4294967295	3.40282e+38	
52	638	0.8	4294967295	3.40282e+38	4294967295	3.40282e+38	4294967295	3.40282e+38	4294967295	3.40282e+38	
53	709	1	4294967295	3.40282e+38	4294967295	3.40282e+38	4294967295	3.40282e+38	4294967295	3.40282e+38	
54	640	0.7	4294967295	3.40282e+38	4294967295	3.40282e+38	4294967295	3.40282e+38	4294967295	3.40282e+38	
55	642	0.7	4294967295	3.40282e+38	4294967295	3.40282e+38	4294967295	3.40282e+38	4294967295	3.40282e+38	
56	643	1	4294967295	3.40282e+38	4294967295	3.40282e+38	4294967295	3.40282e+38	4294967295	3.40282e+38	
57	644	0.9	4294967295	3.40282e+38	4294967295	3.40282e+38	4294967295	3.40282e+38	4294967295	3.40282e+38	
58	645	1	4294967295	3.40282e+38	4294967295	3.40282e+38	4294967295	3.40282e+38	4294967295	3.40282e+38	
59	646	1	4294967295	3.40282e+38	4294967295	3.40282e+38	4294967295	3.40282e+38	4294967295	3.40282e+38	
60	648	0.8	4294967295	3.40282e+38	4294967295	3.40282e+38	4294967295	3.40282e+38	4294967295	3.40282e+38	
61	650	0.8	4294967295	3.40282e+38	4294967295	3.40282e+38	4294967295	3.40282e+38	4294967295	3.40282e+38	
62	651	0.8	4294967295	3.40282e+38	4294967295	3.40282e+38	4294967295	3.40282e+38	4294967295	3.40282e+38	
63	669	0.8	4294967295	3.40282e+38	4294967295	3.40282e+38	4294967295	3.40282e+38	4294967295	3.40282e+38	
64	670	0.8	4294967295	3.40282e+38	4294967295	3.40282e+38	4294967295	3.40282e+38	4294967295	3.40282e+38	
65	653	1	4294967295	3.40282e+38	4294967295	3.40282e+38	4294967295	3.40282e+38	4294967295	3.40282e+38	
66	671	0.8	4294967295	3.40282e+38	4294967295	3.40282e+38	4294967295	3.40282e+38	4294967295	3.40282e+38	
67	657	0.9	4294967295	3.40282e+38	4294967295	3.40282e+38	4294967295	3.40282e+38	4294967295	3.40282e+38	
68	660	1	4294967295	3.40282e+38	4294967295	3.40282e+38	4294967295	3.40282e+38	4294967295	3.40282e+38	
69	236	0.8	4294967295	3.40282e+38	4294967295	3.40282e+38	4294967295	3.40282e+38	4294967295	3.40282e+38	
70	237	0.8	4294967295	3.40282e+38	4294967295	3.40282e+38	4294967295	3.40282e+38	4294967295	3.40282e+38	
71	664	1	4294967295	3.40282e+38	4294967295	3.40282e+38	4294967295	3.40282e+38	4294967295	3.40282e+38	
72	665	0.8	4294967295	3.40282e+38	4294967295	3.40282e+38	4294967295	3.40282e+38	4294967295	3.40282e+38	
73	244	1	4294967295	3.40282e+38	4294967295	3.40282e+38	4294967295	3.40282e+38	4294967295	3.40282e+38	
74	241	0.8	4294967295	3.40282e+38	4294967295	3.40282e+38	4294967295	3.40282e+38	4294967295	3.40282e+38	
75	245	0.8	4294967295	3.40282e+38	4294967295	3.40282e+38	4294967295	3.40282e+38	4294967295	3.40282e+38	
76	666	1	4294967295	3.40282e+38	4294967295	3.40282e+38	4294967295	3.40282e+38	4294967295	3.40282e+38	
77	243	0.8	4294967295	3.40282e+38	4294967295	3.40282e+38	4294967295	3.40282e+38	4294967295	3.40282e+38	
78	672	0.8	4294967295	3.40282e+38	4294967295	3.40282e+38	4294967295	3.40282e+38	4294967295	3.40282e+38	
79	520	0.6	522	0.8	604	0.7	4294967295	3.40282e+38	4294967295	3.40282e+38	
80	606	0.7	680	0.8	523	0.8	4294967295	3.40282e+38	4294967295	3.40282e+38	
81	683	0.8	531	0.9	705	0.1	1226	1	4294967295	3.40282e+38	
82	528	0.8	706	0.1	684	0.6	532	0.9	1068	0.5	
83	693	1	4294967295	3.40282e+38	4294967295	3.40282e+38	4294967295	3.40282e+38	4294967295	3.40282e+38	
84	536	0.8	686	0.5	4294967295	3.40282e+38	4294967295	3.40282e+38	4294967295	3.40282e+38	
85	540	0.3	4294967295	3.40282e+38	4294967295	3.40282e+38	4294967295	3.40282e+38	4294967295	3.40282e+38	
86	542	1	4294967295	3.40282e+38	4294967295	3.40282e+38	4294967295	3.40282e+38	4294967295	3.40282e+38	
87	609	1	4294967295	3.40282e+38	4294967295	3.40282e+38	4294967295	3.40282e+38	4294967295	3.40282e+38	
88	610	0.7	538	0.8	4294967295	3.40282e+38	4294967295	3.40282e+38	4294967295	3.40282e+38	
89	543	0.8	4294967295	3.40282e+38	4294967295	3.40282e+38	4294967295	3.40282e+38	4294967295	3.40282e+38	
90	544	0.8	4294967295	3.40282e+38	4294967295	3.40282e+38	4294967295	3.40282e+38	4294967295	3.40282e+38	
91	545	1	4294967295	3.40282e+38	4294967295	3.40282e+38	4294967295	3.40282e+38	4294967295	3.40282e+38	
92	547	0.6	4294967295	3.40282e+38	4294967295	3.40282e+38	4294967295	3.40282e+38	4294967295	3.40282e+38	
93	611	0.4	4294967295	3.40282e+38	4294967295	3.40282e+38	4294967295	3.40282e+38	4294967295	3.40282e+38	
94	613	1	4294967295	3.40282e+38	4294967295	3.40282e+38	4294967295	3.40282e+38	4294967295	3.40282e+38	
95	616	0.9	551	0.3	4294967295	3.40282e+38	4294967295	3.40282e+38	4294967295	3.40282e+38	
96	1070	0.5	617	0.9	4294967295	3.40282e+38	4294967295	3.40282e+38	4294967295	3.40282e+38	
97	556	0.8	4294967295	3.40282e+38	4294967295	3.40282e+38	4294967295	3.40282e+38	4294967295	3.40282e+38	
98	559	0.5	4294967295	3.40282e+38	4294967295	3.40282e+38	4294967295	3.40282e+38	4294967295	3.40282e+38	
99	690	0.7	557	0.8	4294967295	3.40282e+38	4294967295	3.40282e+38	4294967295	3.40282e+38	
100	691	0.7	560	0.5	4294967295	3.40282e+38	4294967295	3.40282e+38	4294967295	3.40282e+38	
101	564	0.2	4294967295	3.40282e+38	4294967295	3.40282e+38	4294967295	3.40282e+38	4294967295	3.40282e+38	
102	565	1	4294967295	3.40282e+38	4294967295	3.40282e+38	4294967295	3.40282e+38	4294967295	3.40282e+38	
103	567	0.9	4294967295	3.40282e+38	4294967295	3.40282e+38	4294967295	3.40282e+38	4294967295	3.40282e+38	
104	568	0.7	4294967295	3.40282e+38	4294967295	3.40282e+38	4294967295	3.40282e+38	4294967295	3.40282e+38	
105	573	0.9	4294967295	3.40282e+38	4294967295	3.40282e+38	4294967295	3.40282e+38	4294967295	3.40282e+38	
106	575	0.7	4294967295	3.40282e+38	4294967295	3.40282e+38	4294967295	3.40282e+38	4294967295	3.40282e+38	
107	577	0.7	4294967295	3.40282e+38	4294967295	3.40282e+38	4294967295	3.40282e+38	4294967295	3.40282e+38	
108	579	0.7	4294967295	3.40282e+38	4294967295	3.40282e+38	4294967295	3.40282e+38	4294967295	3.40282e+38	
109	580	1	618	1	4294967295	3.40282e+38	4294967295	3.40282e+38	4294967295	3.40282e+38	
110	582	1	4294967295	3.40282e+38	4294967295	3.40282e+38	4294967295	3.40282e+38	4294967295	3.40282e+38	
111	586	0.5	4294967295	3.40282e+38	4294967295	3.40282e+38	4294967295	3.40282e+38	4294967295	3.40282e+38	
112	588	0.7	4294967295	3.40282e+38	4294967295	3.40282e+38	4294967295	3.40282e+38	4294967295	3.40282e+38	
113	589	0.3	4294967295	3.40282e+38	4294967295	3.40282e+38	4294967295	3.40282e+38	4294967295	3.40282e+38	
114	125	1	4294967295	3.40282e+38	4294967295	3.40282e+38	4294967295	3.40282e+38	4294967295	3.40282e+38	
115	126	1	4294967295	3.40282e+38	4294967295	3.40282e+38	4294967295	3.40282e+38	4294967295	3.40282e+38	
116	590	1	4294967295	3.40282e+38	4294967295	3.40282e+38	4294967295	3.40282e+38	4294967295	3.40282e+38	
117	591	0.8	4294967295	3.40282e+38	4294967295	3.40282e+38	4294967295	3.40282e+38	4294967295	3.40282e+38	
118	593	0.8	4294967295	3.40282e+38	4294967295	3.40282e+38	4294967295	3.40282e+38	4294967295	3.40282e+38	
119	595	1	4294967295	3.40282e+38	4294967295	3.40282e+38	4294967295	3.40282e+38	4294967295	3.40282e+38	
120	596	1	4294967295	3.40282e+38	4294967295	3.40282e+38	4294967295	3.40282e+38	4294967295	3.40282e+38	
121	598	0.7	4294967295	3.40282e+38	4294967295	3.40282e+38	4294967295	3.40282e+38	4294967295	3.40282e+38	
122	599	0.7	4294967295	3.40282e+38	4294967295	3.40282e+38	4294967295	3.40282e+38	4294967295	3.40282e+38	
123	600	0.4	4294967295	3.40282e+38	4294967295	3.40282e+38	4294967295	3.40282e+38	4294967295	3.40282e+38	
124	717	0.8	4294967295	3.40282e+38	4294967295	3.40282e+38	4294967295	3.40282e+38	4294967295	3.40282e+38	
125	720	0.6	4294967295	3.40282e+38	4294967295	3.40282e+38	4294967295	3.40282e+38	4294967295	3.40282e+38	
126	723	1	4294967295	3.40282e+38	4294967295	3.40282e+38	4294967295	3.40282e+38	4294967295	3.40282e+38	
127	725	1	1427	1	4294967295	3.40282e+38	4294967295	3.40282e+38	4294967295	3.40282e+38	
128	726	0.8	4294967295	3.40282e+38	4294967295	3.40282e+38	4294967295	3.40282e+38	4294967295	3.40282e+38	
129	728	1	1437	0.2	4294967295	3.40282e+38	4294967295	3.40282e+38	4294967295	3.40282e+38	
130	730	1	1428	0.5	4294967295	3.40282e+38	4294967295	3.40282e+38	4294967295	3.40282e+38	
131	1428	0.5	4294967295	3.40282e+38	4294967295	3.40282e+38	4294967295	3.40282e+38	4294967295	3.40282e+38	
132	733	1	1428	0.5	4294967295	3.40282e+38	4294967295	3.40282e+38	4294967295	3.40282e+38	
133	734	0.6	4294967295	3.40282e+38	4294967295	3.40282e+38	4294967295	3.40282e+38	4294967295	3.40282e+38	
134	736	0.6	4294967295	3.40282e+38	4294967295	3.40282e+38	4294967295	3.40282e+38	4294967295	3.40282e+38	
135	738	1	4294967295	3.40282e+38	4294967295	3.40282e+38	4294967295	3.40282e+38	4294967295	3.40282e+38	
136	741	1	4294967295	3.40282e+38	4294967295	3.40282e+38	4294967295	3.40282e+38	4294967295	3.40282e+38	
137	746	0.6	1437	0.2	4294967295	3.40282e+38	4294967295	3.40282e+38	4294967295	3.40282e+38	
138	747	1	1450	1	4294967295	3.40282e+38	4294967295	3.40282e+38	4294967295	3.40282e+38	
139	749	0.8	4294967295	3.40282e+38	4294967295	3.40282e+38	4294967295	3.40282e+38	4294967295	3.40282e+38	
140	751	1	1450	1	4294967295	3.40282e+38	4294967295	3.40282e+38	4294967295	3.40282e+38	
141	785	1	1450	1	4294967295	3.40282e+38	4294967295	3.40282e+38	4294967295	3.40282e+38	
142	752	0.6	1071	0.6	1450	1	4294967295	3.40282e+38	4294967295	3.40282e+38	
143	755	1	4294967295	3.40282e+38	4294967295	3.40282e+38	4294967295	3.40282e+38	4294967295	3.40282e+38	
144	756	0.6	766	0.5	4294967295	3.40282e+38	4294967295	3.40282e+38	4294967295	3.40282e+38	
145	757	0.6	1437	0.2	4294967295	3.40282e+38	4294967295	3.40282e+38	4294967295	3.40282e+38	
146	761	1	1437	0.2	4294967295	3.40282e+38	4294967295	3.40282e+38	4294967295	3.40282e+38	
147	762	1	4294967295	3.40282e+38	4294967295	3.40282e+38	4294967295	3.40282e+38	4294967295	3.40282e+38	
148	767	0.8	1074	0.6	4294967295	3.40282e+38	4294967295	3.40282e+38	4294967295	3.40282e+38	
149	769	1	1451	1	4294967295	3.40282e+38	4294967295	3.40282e+38	4294967295	3.40282e+38	
150	771	0.6	1451	1	4294967295	3.40282e+38	4294967295	3.40282e+38	4294967295	3.40282e+38	
151	789	0.1	1078	0.6	1451	1	4294967295	3.40282e+38	4294967295	3.40282e+38	
152	772	0.6	1451	1	4294967295	3.40282e+38	4294967295	3.40282e+38	4294967295	3.40282e+38	
153	790	0.2	1081	0.6	4294967295	3.40282e+38	4294967295	3.40282e+38	4294967295	3.40282e+38	
154	791	1	4294967295	3.40282e+38	4294967295	3.40282e+38	4294967295	3.40282e+38	4294967295	3.40282e+38	
155	777	0.6	1119	0.6	4294967295	3.40282e+38	4294967295	3.40282e+38	4294967295	3.40282e+38	
156	778	1	4294967295	3.40282e+38	4294967295	3.40282e+38	4294967295	3.40282e+38	4294967295	3.40282e+38	
157	780	1	4294967295	3.40282e+38	4294967295	3.40282e+38	4294967295	3.40282e+38	4294967295	3.40282e+38	
158	794	0.6	4294967295	3.40282e+38	4294967295	3.40282e+38	4294967295	3.40282e+38	4294967295	3.40282e+38	
159	164	1	4294967295	3.40282e+38	4294967295	3.40282e+38	4294967295	3.40282e+38	4294967295	3.40282e+38	
160	158	0.6	4294967295	3.40282e+38	4294967295	3.40282e+38	4294967295	3.40282e+38	4294967295	3.40282e+38	
161	796	0.8	4294967295	3.40282e+38	4294967295	3.40282e+38	4294967295	3.40282e+38	4294967295	3.40282e+38	
162	798	0.9	4294967295	3.40282e+38	4294967295	3.40282e+38	4294967295	3.40282e+38	4294967295	3.40282e+38	
163	372	0.6	4294967295	3.40282e+38	4294967295	3.40282e+38	4294967295	3.40282e+38	4294967295	3.40282e+38	
164	803	1	1438	0.2	4294967295	3.40282e+38	4294967295	3.40282e+38	4294967295	3.40282e+38	
165	407	1	4294967295	3.40282e+38	4294967295	3.40282e+38	4294967295	3.40282e+38	4294967295	3.40282e+38	
166	858	1	163	0.6	4294967295	3.40282e+38	4294967295	3.40282e+38	4294967295	3.40282e+38	
167	850	1	4294967295	3.40282e+38	4294967295	3.40282e+38	4294967295	3.40282e+38	4294967295	3.40282e+38	
168	841	1	4294967295	3.40282e+38	4294967295	3.40282e+38	4294967295	3.40282e+38	4294967295	3.40282e+38	
169	805	0.6	848	0.2	1438	0.2	4294967295	3.40282e+38	4294967295	3.40282e+38	
170	346	0.6	4294967295	3.40282e+38	4294967295	3.40282e+38	4294967295	3.40282e+38	4294967295	3.40282e+38	
171	809	0.6	1438	0.2	4294967295	3.40282e+38	4294967295	3.40282e+38	4294967295	3.40282e+38	
172	810	0.8	4294967295	3.40282e+38	4294967295	3.40282e+38	4294967295	3.40282e+38	4294967295	3.40282e+38	
173	811	0.8	4294967295	3.40282e+38	4294967295	3.40282e+38	4294967295	3.40282e+38	4294967295	3.40282e+38	
174	839	1	4294967295	3.40282e+38	4294967295	3.40282e+38	4294967295	3.40282e+38	4294967295	3.40282e+38	
175	167	0.8	814	0.5	4294967295	3.40282e+38	4294967295	3.40282e+38	4294967295	3.40282e+38	
176	178	1	4294967295	3.40282e+38	4294967295	3.40282e+38	4294967295	3.40282e+38	4294967295	3.40282e+38	
177	813	0.4	1438	0.2	4294967295	3.40282e+38	4294967295	3.40282e+38	4294967295	3.40282e+38	
178	814	0.5	4294967295	3.40282e+38	4294967295	3.40282e+38	4294967295	3.40282e+38	4294967295	3.40282e+38	
179	169	0.6	4294967295	3.40282e+38	4294967295	3.40282e+38	4294967295	3.40282e+38	4294967295	3.40282e+38	
180	336	0.8	4294967295	3.40282e+38	4294967295	3.40282e+38	4294967295	3.40282e+38	4294967295	3.40282e+38	
181	815	0.8	4294967295	3.40282e+38	4294967295	3.40282e+38	4294967295	3.40282e+38	4294967295	3.40282e+38	
182	834	1	4294967295	3.40282e+38	4294967295	3.40282e+38	4294967295	3.40282e+38	4294967295	3.40282e+38	
183	834	1	1437	0.2	4294967295	3.40282e+38	4294967295	3.40282e+38	4294967295	3.40282e+38	
184	162	0.8	4294967295	3.40282e+38	4294967295	3.40282e+38	4294967295	3.40282e+38	4294967295	3.40282e+38	
185	867	0.8	4294967295	3.40282e+38	4294967295	3.40282e+38	4294967295	3.40282e+38	4294967295	3.40282e+38	
186	170	0.7	4294967295	3.40282e+38	4294967295	3.40282e+38	4294967295	3.40282e+38	4294967295	3.40282e+38	
187	847	0.3	4294967295	3.40282e+38	4294967295	3.40282e+38	4294967295	3.40282e+38	4294967295	3.40282e+38	
188	818	1	1452	1	4294967295	3.40282e+38	4294967295	3.40282e+38	4294967295	3.40282e+38	
189	831	1	1452	1	4294967295	3.40282e+38	4294967295	3.40282e+38	4294967295	3.40282e+38	
190	840	0.7	4294967295	3.40282e+38	4294967295	3.40282e+38	4294967295	3.40282e+38	4294967295	3.40282e+38	
191	821	1	4294967295	3.40282e+38	4294967295	3.40282e+38	4294967295	3.40282e+38	4294967295	3.40282e+38	
192	860	0.6	4294967295	3.40282e+38	4294967295	3.40282e+38	4294967295	3.40282e+38	4294967295	3.40282e+38	
193	832	0.2	4294967295	3.40282e+38	4294967295	3.40282e+38	4294967295	3.40282e+38	4294967295	3.40282e+38	
194	833	0.8	4294967295	3.40282e+38	4294967295	3.40282e+38	4294967295	3.40282e+38	4294967295	3.40282e+38	
195	173	1	4294967295	3.40282e+38	4294967295	3.40282e+38	4294967295	3.40282e+38	4294967295	3.40282e+38	
196	842	1	4294967295	3.40282e+38	4294967295	3.40282e+38	4294967295	3.40282e+38	4294967295	3.40282e+38	
197	342	1	4294967295	3.40282e+38	4294967295	3.40282e+38	4294967295	3.40282e+38	4294967295	3.40282e+38	
198	822	0.6	4294967295	3.40282e+38	4294967295	3.40282e+38	4294967295	3.40282e+38	4294967295	3.40282e+38	
199	156	0.6	4294967295	3.40282e+38	4294967295	3.40282e+38	4294967295	3.40282e+38	4294967295	3.40282e+38	
200	823	0.7	1452	1	4294967295	3.40282e+38	4294967295	3.40282e+38	4294967295	3.40282e+38	
201	824	1	4294967295	3.40282e+38	4294967295	3.40282e+38	4294967295	3.40282e+38	4294967295	3.40282e+38	
202	468	1	4294967295	3.40282e+38	4294967295	3.40282e+38	4294967295	3.40282e+38	4294967295	3.40282e+38	
203	826	0.6	4294967295	3.40282e+38	4294967295	3.40282e+38	4294967295	3.40282e+38	4294967295	3.40282e+38	
204	827	0.6	4294967295	3.40282e+38	4294967295	3.40282e+38	4294967295	3.40282e+38	4294967295	3.40282e+38	
205	656	1	1016	1	4294967295	3.40282e+38	4294967295	3.40282e+38	4294967295	3.40282e+38	
206	849	1	4294967295	3.40282e+38	4294967295	3.40282e+38	4294967295	3.40282e+38	4294967295	3.40282e+38	
207	845	1	4294967295	3.40282e+38	4294967295	3.40282e+38	4294967295	3.40282e+38	4294967295	3.40282e+38	
208	846	1	4294967295	3.40282e+38	4294967295	3.40282e+38	4294967295	3.40282e+38	4294967295	3.40282e+38	
209	896	0.6	1437	0.2	4294967295	3.40282e+38	4294967295	3.40282e+38	4294967295	3.40282e+38	
210	897	1	1437	0.2	4294967295	3.40282e+38	4294967295	3.40282e+38	4294967295	3.40282e+38	
211	898	1	4294967295	3.40282e+38	4294967295	3.40282e+38	4294967295	3.40282e+38	4294967295	3.40282e+38	
212	899	1	4294967295	3.40282e+38	4294967295	3.40282e+38	4294967295	3.40282e+38	4294967295	3.40282e+38	
213	900	1	4294967295	3.40282e+38	4294967295	3.40282e+38	4294967295	3.40282e+38	4294967295	3.40282e+38	
214	902	1	4294967295	3.40282e+38	4294967295	3.40282e+38	4294967295	3.40282e+38	4294967295	3.40282e+38	
215	903	1	4294967295	3.40282e+38	4294967295	3.40282e+38	4294967295	3.40282e+38	4294967295	3.40282e+38	
216	905	0.6	4294967295	3.40282e+38	4294967295	3.40282e+38	4294967295	3.40282e+38	4294967295	3.40282e+38	
217	907	0.8	4294967295	3.40282e+38	4294967295	3.40282e+38	4294967295	3.40282e+38	4294967295	3.40282e+38	
218	908	1	911	1	1056	1	1437	0.2	4294967295	3.40282e+38	
219	909	0.6	4294967295	3.40282e+38	4294967295	3.40282e+38	4294967295	3.40282e+38	4294967295	3.40282e+38	
220	985	1	4294967295	3.40282e+38	4294967295	3.40282e+38	4294967295	3.40282e+38	4294967295	3.40282e+38	
221	914	1	4294967295	3.40282e+38	4294967295	3.40282e+38	4294967295	3.40282e+38	4294967295	3.40282e+38	
222	915	1	4294967295	3.40282e+38	4294967295	3.40282e+38	4294967295	3.40282e+38	4294967295	3.40282e+38	
223	916	1	4294967295	3.40282e+38	4294967295	3.40282e+38	4294967295	3.40282e+38	4294967295	3.40282e+38	
224	917	1	4294967295	3.40282e+38	4294967295	3.40282e+38	4294967295	3.40282e+38	4294967295	3.40282e+38	
225	921	1	4294967295	3.40282e+38	4294967295	3.40282e+38	4294967295	3.40282e+38	4294967295	3.40282e+38	
226	924	0.8	4294967295	3.40282e+38	4294967295	3.40282e+38	4294967295	3.40282e+38	4294967295	3.40282e+38	
227	925	0.8	4294967295	3.40282e+38	4294967295	3.40282e+38	4294967295	3.40282e+38	4294967295	3.40282e+38	
228	926	0.5	4294967295	3.40282e+38	4294967295	3.40282e+38	4294967295	3.40282e+38	4294967295	3.40282e+38	
229	927	1	4294967295	3.40282e+38	4294967295	3.40282e+38	4294967295	3.40282e+38	4294967295	3.40282e+38	
230	928	0.9	4294967295	3.40282e+38	4294967295	3.40282e+38	4294967295	3.40282e+38	4294967295	3.40282e+38	
231	929	1	4294967295	3.40282e+38	4294967295	3.40282e+38	4294967295	3.40282e+38	4294967295	3.40282e+38	
232	979	0.6	4294967295	3.40282e+38	4294967295	3.40282e+38	4294967295	3.40282e+38	4294967295	3.40282e+38	
233	933	1	4294967295	3.40282e+38	4294967295	3.40282e+38	4294967295	3.40282e+38	4294967295	3.40282e+38	
234	936	1	4294967295	3.40282e+38	4294967295	3.40282e+38	4294967295	3.40282e+38	4294967295	3.40282e+38	
235	983	1	4294967295	3.40282e+38	4294967295	3.40282e+38	4294967295	3.40282e+38	4294967295	3.40282e+38	
236	986	1	4294967295	3.40282e+38	4294967295	3.40282e+38	4294967295	3.40282e+38	4294967295	3.40282e+38	
237	938	0.6	4294967295	3.40282e+38	4294967295	3.40282e+38	4294967295	3.40282e+38	4294967295	3.40282e+38	
238	945	1	4294967295	3.40282e+38	4294967295	3.40282e+38	4294967295	3.40282e+38	4294967295	3.40282e+38	
239	946	1	4294967295	3.40282e+38	4294967295	3.40282e+38	4294967295	3.40282e+38	4294967295	3.40282e+38	
240	947	1	4294967295	3.40282e+38	4294967295	3.40282e+38	4294967295	3.40282e+38	4294967295	3.40282e+38	
241	949	1	1161	0.8	4294967295	3.40282e+38	4294967295	3.40282e+38	4294967295	3.40282e+38	
242	950	1	4294967295	3.40282e+38	4294967295	3.40282e+38	4294967295	3.40282e+38	4294967295	3.40282e+38	
243	984	0.8	1453	1	4294967295	3.40282e+38	4294967295	3.40282e+38	4294967295	3.40282e+38	
244	951	1	1040	0.8	1453	1	4294967295	3.40282e+38	4294967295	3.40282e+38	
245	952	1	1453	1	4294967295	3.40282e+38	4294967295	3.40282e+38	4294967295	3.40282e+38	
246	982	0.9	1453	1	4294967295	3.40282e+38	4294967295	3.40282e+38	4294967295	3.40282e+38	
247	958	1	4294967295	3.40282e+38	4294967295	3.40282e+38	4294967295	3.40282e+38	4294967295	3.40282e+38	
248	1012	1	4294967295	3.40282e+38	4294967295	3.40282e+38	4294967295	3.40282e+38	4294967295	3.40282e+38	
249	987	0.5	4294967295	3.40282e+38	4294967295	3.40282e+38	4294967295	3.40282e+38	4294967295	3.40282e+38	
250	988	1	4294967295	3.40282e+38	4294967295	3.40282e+38	4294967295	3.40282e+38	4294967295	3.40282e+38	
251	893	1	4294967295	3.40282e+38	4294967295	3.40282e+38	4294967295	3.40282e+38	4294967295	3.40282e+38	
252	894	1	4294967295	3.40282e+38	4294967295	3.40282e+38	4294967295	3.40282e+38	4294967295	3.40282e+38	
253	868	1	4294967295	3.40282e+38	4294967295	3.40282e+38	4294967295	3.40282e+38	4294967295	3.40282e+38	
254	869	1	4294967295	3.40282e+38	4294967295	3.40282e+38	4294967295	3.40282e+38	4294967295	3.40282e+38	
255	870	0.8	4294967295	3.40282e+38	4294967295	3.40282e+38	4294967295	3.40282e+38	4294967295	3.40282e+38	
256	873	1	4294967295	3.40282e+38	4294967295	3.40282e+38	4294967295	3.40282e+38	4294967295	3.40282e+38	
257	875	1	4294967295	3.40282e+38	4294967295	3.40282e+38	4294967295	3.40282e+38	4294967295	3.40282e+38	
258	963	0.6	4294967295	3.40282e+38	4294967295	3.40282e+38	4294967295	3.40282e+38	4294967295	3.40282e+38	
259	966	1	4294967295	3.40282e+38	4294967295	3.40282e+38	4294967295	3.40282e+38	4294967295	3.40282e+38	
260	967	1	4294967295	3.40282e+38	4294967295	3.40282e+38	4294967295	3.40282e+38	4294967295	3.40282e+38	
261	968	1	4294967295	3.40282e+38	4294967295	3.40282e+38	4294967295	3.40282e+38	4294967295	3.40282e+38	
262	877	1	4294967295	3.40282e+38	4294967295	3.40282e+38	4294967295	3.40282e+38	4294967295	3.40282e+38	
263	878	0.8	4294967295	3.40282e+38	4294967295	3.40282e+38	4294967295	3.40282e+38	4294967295	3.40282e+38	
264	882	0.8	4294967295	3.40282e+38	4294967295	3.40282e+38	4294967295	3.40282e+38	4294967295	3.40282e+38	
265	971	1	4294967295	3.40282e+38	4294967295	3.40282e+38	4294967295	3.40282e+38	4294967295	3.40282e+38	
266	974	1	4294967295	3.40282e+38	4294967295	3.40282e+38	4294967295	3.40282e+38	4294967295	3.40282e+38	
267	888	0.6	1044	0.6	4294967295	3.40282e+38	4294967295	3.40282e+38	4294967295	3.40282e+38	
268	978	0.8	4294967295	3.40282e+38	4294967295	3.40282e+38	4294967295	3.40282e+38	4294967295	3.40282e+38	
269	989	0.6	4294967295	3.40282e+38	4294967295	3.40282e+38	4294967295	3.40282e+38	4294967295	3.40282e+38	
270	992	1	4294967295	3.40282e+38	4294967295	3.40282e+38	4294967295	3.40282e+38	4294967295	3.40282e+38	
271	993	1	4294967295	3.40282e+38	4294967295	3.40282e+38	4294967295	3.40282e+38	4294967295	3.40282e+38	
272	452	0.8	4294967295	3.40282e+38	4294967295	3.40282e+38	4294967295	3.40282e+38	4294967295	3.40282e+38	
273	47	0.8	4294967295	3.40282e+38	4294967295	3.40282e+38	4294967295	3.40282e+38	4294967295	3.40282e+38	
274	434	0.8	4294967295	3.40282e+38	4294967295	3.40282e+38	4294967295	3.40282e+38	4294967295	3.40282e+38	
275	442	0.8	4294967295	3.40282e+38	4294967295	3.40282e+38	4294967295	3.40282e+38	4294967295	3.40282e+38	
276	480	0.8	4294967295	3.40282e+38	4294967295	3.40282e+38	4294967295	3.40282e+38	4294967295	3.40282e+38	
277	488	0.9	4294967295	3.40282e+38	4294967295	3.40282e+38	4294967295	3.40282e+38	4294967295	3.40282e+38	
278	497	1	4294967295	3.40282e+38	4294967295	3.40282e+38	4294967295	3.40282e+38	4294967295	3.40282e+38	
279	501	0.9	4294967295	3.40282e+38	4294967295	3.40282e+38	4294967295	3.40282e+38	4294967295	3.40282e+38	
280	505	0.6	4294967295	3.40282e+38	4294967295	3.40282e+38	4294967295	3.40282e+38	4294967295	3.40282e+38	
281	710	1	4294967295	3.40282e+38	4294967295	3.40282e+38	4294967295	3.40282e+38	4294967295	3.40282e+38	
282	658	0.9	4294967295	3.40282e+38	4294967295	3.40282e+38	4294967295	3.40282e+38	4294967295	3.40282e+38	
283	604	0.7	522	0.7	524	0.8	4294967295	3.40282e+38	4294967295	3.40282e+38	
284	4294967295	3.40282e+38	4294967295	3.40282e+38	4294967295	3.40282e+38	4294967295	3.40282e+38	4294967295	3.40282e+38	
285	537	0.8	4294967295	3.40282e+38	4294967295	3.40282e+38	4294967295	3.40282e+38	4294967295	3.40282e+38	
286	612	0.3	4294967295	3.40282e+38	4294967295	3.40282e+38	4294967295	3.40282e+38	4294967295	3.40282e+38	
287	4294967295	3.40282e+38	4294967295	3.40282e+38	4294967295	3.40282e+38	4294967295	3.40282e+38	4294967295	3.40282e+38	
288	569	0.7	4294967295	3.40282e+38	4294967295	3.40282e+38	4294967295	3.40282e+38	4294967295	3.40282e+38	
289	574	0.9	4294967295	3.40282e+38	4294967295	3.40282e+38	4294967295	3.40282e+38	4294967295	3.40282e+38	
290	583	1	4294967295	3.40282e+38	4294967295	3.40282e+38	4294967295	3.40282e+38	4294967295	3.40282e+38	
291	587	0.7	4294967295	3.40282e+38	4294967295	3.40282e+38	4294967295	3.40282e+38	4294967295	3.40282e+38	
292	127	1	4294967295	3.40282e+38	4294967295	3.40282e+38	4294967295	3.40282e+38	4294967295	3.40282e+38	
293	592	0.8	4294967295	3.40282e+38	4294967295	3.40282e+38	4294967295	3.40282e+38	4294967295	3.40282e+38	
294	594	0.8	4294967295	3.40282e+38	4294967295	3.40282e+38	4294967295	3.40282e+38	4294967295	3.40282e+38	
295	601	0.8	4294967295	3.40282e+38	4294967295	3.40282e+38	4294967295	3.40282e+38	4294967295	3.40282e+38	
296	718	0.8	4294967295	3.40282e+38	4294967295	3.40282e+38	4294967295	3.40282e+38	4294967295	3.40282e+38	
297	855	0.6	4294967295	3.40282e+38	4294967295	3.40282e+38	4294967295	3.40282e+38	4294967295	3.40282e+38	
298	746	0.6	1437	0.2	4294967295	3.40282e+38	4294967295	3.40282e+38	4294967295	3.40282e+38	
299	750	0.8	1221	0.5	4294967295	3.40282e+38	4294967295	3.40282e+38	4294967295	3.40282e+38	
300	757	0.6	1437	0.2	4294967295	3.40282e+38	4294967295	3.40282e+38	4294967295	3.40282e+38	
301	767	0.8	1075	0.6	4294967295	3.40282e+38	4294967295	3.40282e+38	4294967295	3.40282e+38	
302	789	0.1	1080	0.6	1451	1	4294967295	3.40282e+38	4294967295	3.40282e+38	
303	772	0.6	1451	1	4294967295	3.40282e+38	4294967295	3.40282e+38	4294967295	3.40282e+38	
304	790	0.2	4294967295	3.40282e+38	4294967295	3.40282e+38	4294967295	3.40282e+38	4294967295	3.40282e+38	
305	791	1	4294967295	3.40282e+38	4294967295	3.40282e+38	4294967295	3.40282e+38	4294967295	3.40282e+38	
306	852	0.6	4294967295	3.40282e+38	4294967295	3.40282e+38	4294967295	3.40282e+38	4294967295	3.40282e+38	
307	159	0.6	4294967295	3.40282e+38	4294967295	3.40282e+38	4294967295	3.40282e+38	4294967295	3.40282e+38	
308	806	0.6	848	0.2	1438	0.2	4294967295	3.40282e+38	4294967295	3.40282e+38	
309	809	0.6	1438	0.2	4294967295	3.40282e+38	4294967295	3.40282e+38	4294967295	3.40282e+38	
310	813	0.4	1438	0.2	4294967295	3.40282e+38	4294967295	3.40282e+38	4294967295	3.40282e+38	
311	867	0.8	4294967295	3.40282e+38	4294967295	3.40282e+38	4294967295	3.40282e+38	4294967295	3.40282e+38	
312	847	0.3	4294967295	3.40282e+38	4294967295	3.40282e+38	4294967295	3.40282e+38	4294967295	3.40282e+38	
313	833	0.8	4294967295	3.40282e+38	4294967295	3.40282e+38	4294967295	3.40282e+38	4294967295	3.40282e+38	
314	468	1	4294967295	3.40282e+38	4294967295	3.40282e+38	4294967295	3.40282e+38	4294967295	3.40282e+38	
315	909	0.6	4294967295	3.40282e+38	4294967295	3.40282e+38	4294967295	3.40282e+38	4294967295	3.40282e+38	
316	939	0.8	4294967295	3.40282e+38	4294967295	3.40282e+38	4294967295	3.40282e+38	4294967295	3.40282e+38	
317	980	0.8	1453	1	4294967295	3.40282e+38	4294967295	3.40282e+38	4294967295	3.40282e+38	
318	982	0.9	1453	1	4294967295	3.40282e+38	4294967295	3.40282e+38	4294967295	3.40282e+38	
319	871	0.8	4294967295	3.40282e+38	4294967295	3.40282e+38	4294967295	3.40282e+38	4294967295	3.40282e+38	
320	874	1	1051	1	4294967295	3.40282e+38	4294967295	3.40282e+38	4294967295	3.40282e+38	
321	879	0.8	4294967295	3.40282e+38	4294967295	3.40282e+38	4294967295	3.40282e+38	4294967295	3.40282e+38	
322	883	0.8	1050	0.5	4294967295	3.40282e+38	4294967295	3.40282e+38	4294967295	3.40282e+38	
323	888	0.6	1045	0.6	4294967295	3.40282e+38	4294967295	3.40282e+38	4294967295	3.40282e+38	
324	990	0.6	4294967295	3.40282e+38	4294967295	3.40282e+38	4294967295	3.40282e+38	4294967295	3.40282e+38	
325	994	1	4294967295	3.40282e+38	4294967295	3.40282e+38	4294967295	3.40282e+38	4294967295	3.40282e+38	
326	659	0.9	4294967295	3.40282e+38	4294967295	3.40282e+38	4294967295	3.40282e+38	4294967295	3.40282e+38	
327	533	0.9	529	0.8	706	0.1	685	0.6	4294967295	3.40282e+38	
328	570	0.7	4294967295	3.40282e+38	4294967295	3.40282e+38	4294967295	3.40282e+38	4294967295	3.40282e+38	
329	719	0.6	4294967295	3.40282e+38	4294967295	3.40282e+38	4294967295	3.40282e+38	4294967295	3.40282e+38	
330	856	0.8	4294967295	3.40282e+38	4294967295	3.40282e+38	4294967295	3.40282e+38	4294967295	3.40282e+38	
331	790	0.2	4294967295	3.40282e+38	4294967295	3.40282e+38	4294967295	3.40282e+38	4294967295	3.40282e+38	
332	791	1	4294967295	3.40282e+38	4294967295	3.40282e+38	4294967295	3.40282e+38	4294967295	3.40282e+38	
333	807	0.6	848	0.2	1438	0.2	4294967295	3.40282e+38	4294967295	3.40282e+38	
334	809	0.6	1438	0.2	4294967295	3.40282e+38	4294967295	3.40282e+38	4294967295	3.40282e+38	
335	813	0.4	1438	0.2	4294967295	3.40282e+38	4294967295	3.40282e+38	4294967295	3.40282e+38	
336	867	0.8	4294967295	3.40282e+38	4294967295	3.40282e+38	4294967295	3.40282e+38	4294967295	3.40282e+38	
337	847	0.3	4294967295	3.40282e+38	4294967295	3.40282e+38	4294967295	3.40282e+38	4294967295	3.40282e+38	
338	833	0.8	4294967295	3.40282e+38	4294967295	3.40282e+38	4294967295	3.40282e+38	4294967295	3.40282e+38	
339	909	0.6	4294967295	3.40282e+38	4294967295	3.40282e+38	4294967295	3.40282e+38	4294967295	3.40282e+38	
340	981	0.8	1453	1	4294967295	3.40282e+38	4294967295	3.40282e+38	4294967295	3.40282e+38	
341	982	0.9	1453	1	4294967295	3.40282e+38	4294967295	3.40282e+38	4294967295	3.40282e+38	
342	872	0.8	4294967295	3.40282e+38	4294967295	3.40282e+38	4294967295	3.40282e+38	4294967295	3.40282e+38	
343	880	0.8	4294967295	3.40282e+38	4294967295	3.40282e+38	4294967295	3.40282e+38	4294967295	3.40282e+38	
344	884	0.8	4294967295	3.40282e+38	4294967295	3.40282e+38	4294967295	3.40282e+38	4294967295	3.40282e+38	
345	888	0.6	1048	0.6	4294967295	3.40282e+38	4294967295	3.40282e+38	4294967295	3.40282e+38	
346	991	0.6	4294967295	3.40282e+38	4294967295	3.40282e+38	4294967295	3.40282e+38	4294967295	3.40282e+38	
347	619	1	4294967295	3.40282e+38	4294967295	3.40282e+38	4294967295	3.40282e+38	4294967295	3.40282e+38	
348	627	1	4294967295	3.40282e+38	4294967295	3.40282e+38	4294967295	3.40282e+38	4294967295	3.40282e+38	
349	1209	1	4294967295	3.40282e+38	4294967295	3.40282e+38	4294967295	3.40282e+38	4294967295	3.40282e+38	
350	1210	1	4294967295	3.40282e+38	4294967295	3.40282e+38	4294967295	3.40282e+38	4294967295	3.40282e+38	
351	1017	1	4294967295	3.40282e+38	4294967295	3.40282e+38	4294967295	3.40282e+38	4294967295	3.40282e+38	
352	1018	1	4294967295	3.40282e+38	4294967295	3.40282e+38	4294967295	3.40282e+38	4294967295	3.40282e+38	
353	424	0.3	4294967295	3.40282e+38	4294967295	3.40282e+38	4294967295	3.40282e+38	4294967295	3.40282e+38	
354	1020	1	4294967295	3.40282e+38	4294967295	3.40282e+38	4294967295	3.40282e+38	4294967295	3.40282e+38	
355	1021	1	4294967295	3.40282e+38	4294967295	3.40282e+38	4294967295	3.40282e+38	4294967295	3.40282e+38	
356	1022	0.9	4294967295	3.40282e+38	4294967295	3.40282e+38	4294967295	3.40282e+38	4294967295	3.40282e+38	
357	1023	0.8	4294967295	3.40282e+38	4294967295	3.40282e+38	4294967295	3.40282e+38	4294967295	3.40282e+38	
358	1024	0.8	4294967295	3.40282e+38	4294967295	3.40282e+38	4294967295	3.40282e+38	4294967295	3.40282e+38	
359	1025	0.1	4294967295	3.40282e+38	4294967295	3.40282e+38	4294967295	3.40282e+38	4294967295	3.40282e+38	
360	1026	0.8	4294967295	3.40282e+38	4294967295	3.40282e+38	4294967295	3.40282e+38	4294967295	3.40282e+38	
361	1027	0.8	4294967295	3.40282e+38	4294967295	3.40282e+38	4294967295	3.40282e+38	4294967295	3.40282e+38	
362	1028	0.6	4294967295	3.40282e+38	4294967295	3.40282e+38	4294967295	3.40282e+38	4294967295	3.40282e+38	
363	1029	0.3	4294967295	3.40282e+38	4294967295	3.40282e+38	4294967295	3.40282e+38	4294967295	3.40282e+38	
364	1058	1	4294967295	3.40282e+38	4294967295	3.40282e+38	4294967295	3.40282e+38	4294967295	3.40282e+38	
365	1039	1	1453	1	4294967295	3.40282e+38	4294967295	3.40282e+38	4294967295	3.40282e+38	
366	1041	1	1453	1	4294967295	3.40282e+38	4294967295	3.40282e+38	4294967295	3.40282e+38	
367	1042	0.6	4294967295	3.40282e+38	4294967295	3.40282e+38	4294967295	3.40282e+38	4294967295	3.40282e+38	
368	1043	0.6	4294967295	3.40282e+38	4294967295	3.40282e+38	4294967295	3.40282e+38	4294967295	3.40282e+38	
369	1049	0.6	1169	0.6	4294967295	3.40282e+38	4294967295	3.40282e+38	4294967295	3.40282e+38	
370	1049	0.6	1170	0.6	4294967295	3.40282e+38	4294967295	3.40282e+38	4294967295	3.40282e+38	
371	1052	0.5	4294967295	3.40282e+38	4294967295	3.40282e+38	4294967295	3.40282e+38	4294967295	3.40282e+38	
372	1066	0.8	4294967295	3.40282e+38	4294967295	3.40282e+38	4294967295	3.40282e+38	4294967295	3.40282e+38	
373	1059	1	4294967295	3.40282e+38	4294967295	3.40282e+38	4294967295	3.40282e+38	4294967295	3.40282e+38	
374	1067	0.8	4294967295	3.40282e+38	4294967295	3.40282e+38	4294967295	3.40282e+38	4294967295	3.40282e+38	
375	1069	0.5	4294967295	3.40282e+38	4294967295	3.40282e+38	4294967295	3.40282e+38	4294967295	3.40282e+38	
376	1087	0.6	1427	1	4294967295	3.40282e+38	4294967295	3.40282e+38	4294967295	3.40282e+38	
377	1088	0.6	4294967295	3.40282e+38	4294967295	3.40282e+38	4294967295	3.40282e+38	4294967295	3.40282e+38	
378	1089	0.6	1427	1	4294967295	3.40282e+38	4294967295	3.40282e+38	4294967295	3.40282e+38	
379	1090	0.6	1427	1	1437	0.2	4294967295	3.40282e+38	4294967295	3.40282e+38	
380	1091	0.6	1427	1	1437	0.2	4294967295	3.40282e+38	4294967295	3.40282e+38	
381	1092	0.6	4294967295	3.40282e+38	4294967295	3.40282e+38	4294967295	3.40282e+38	4294967295	3.40282e+38	
382	1093	0.6	1437	0.2	4294967295	3.40282e+38	4294967295	3.40282e+38	4294967295	3.40282e+38	
383	1094	0.6	4294967295	3.40282e+38	4294967295	3.40282e+38	4294967295	3.40282e+38	4294967295	3.40282e+38	
384	1095	0.6	4294967295	3.40282e+38	4294967295	3.40282e+38	4294967295	3.40282e+38	4294967295	3.40282e+38	
385	1096	0.6	4294967295	3.40282e+38	4294967295	3.40282e+38	4294967295	3.40282e+38	4294967295	3.40282e+38	
386	1097	0.6	4294967295	3.40282e+38	4294967295	3.40282e+38	4294967295	3.40282e+38	4294967295	3.40282e+38	
387	1098	0.6	1428	0.5	4294967295	3.40282e+38	4294967295	3.40282e+38	4294967295	3.40282e+38	
388	1099	0.6	1428	0.5	731	0.2	4294967295	3.40282e+38	4294967295	3.40282e+38	
389	1100	0.6	4294967295	3.40282e+38	4294967295	3.40282e+38	4294967295	3.40282e+38	4294967295	3.40282e+38	
390	1101	0.8	4294967295	3.40282e+38	4294967295	3.40282e+38	4294967295	3.40282e+38	4294967295	3.40282e+38	
391	1102	0.3	4294967295	3.40282e+38	4294967295	3.40282e+38	4294967295	3.40282e+38	4294967295	3.40282e+38	
392	1103	0.8	4294967295	3.40282e+38	4294967295	3.40282e+38	4294967295	3.40282e+38	4294967295	3.40282e+38	
393	1104	0.8	4294967295	3.40282e+38	4294967295	3.40282e+38	4294967295	3.40282e+38	4294967295	3.40282e+38	
394	1105	0.8	1106	0.8	1437	0.2	4294967295	3.40282e+38	4294967295	3.40282e+38	
395	1106	0.8	1437	0.2	4294967295	3.40282e+38	4294967295	3.40282e+38	4294967295	3.40282e+38	
396	1107	0.8	1220	0.7	4294967295	3.40282e+38	4294967295	3.40282e+38	4294967295	3.40282e+38	
397	1108	0.8	4294967295	3.40282e+38	4294967295	3.40282e+38	4294967295	3.40282e+38	4294967295	3.40282e+38	
398	1109	0.8	1450	1	4294967295	3.40282e+38	4294967295	3.40282e+38	4294967295	3.40282e+38	
399	1110	0.6	4294967295	3.40282e+38	4294967295	3.40282e+38	4294967295	3.40282e+38	4294967295	3.40282e+38	
400	1111	0.6	4294967295	3.40282e+38	4294967295	3.40282e+38	4294967295	3.40282e+38	4294967295	3.40282e+38	
401	1112	0.6	4294967295	3.40282e+38	4294967295	3.40282e+38	4294967295	3.40282e+38	4294967295	3.40282e+38	
402	1113	0.6	1114	0.6	1115	0.6	1450	1	4294967295	3.40282e+38	
403	1116	0.6	4294967295	3.40282e+38	4294967295	3.40282e+38	4294967295	3.40282e+38	4294967295	3.40282e+38	
404	1117	0.6	1450	1	4294967295	3.40282e+38	4294967295	3.40282e+38	4294967295	3.40282e+38	
405	1118	0.6	4294967295	3.40282e+38	4294967295	3.40282e+38	4294967295	3.40282e+38	4294967295	3.40282e+38	
406	1072	0.6	1450	1	4294967295	3.40282e+38	4294967295	3.40282e+38	4294967295	3.40282e+38	
407	1073	0.6	1437	0.2	4294967295	3.40282e+38	4294967295	3.40282e+38	4294967295	3.40282e+38	
408	1076	0.6	1451	1	4294967295	3.40282e+38	4294967295	3.40282e+38	4294967295	3.40282e+38	
409	1077	0.6	4294967295	3.40282e+38	4294967295	3.40282e+38	4294967295	3.40282e+38	4294967295	3.40282e+38	
410	1079	0.6	1451	1	4294967295	3.40282e+38	4294967295	3.40282e+38	4294967295	3.40282e+38	
411	1082	0.6	4294967295	3.40282e+38	4294967295	3.40282e+38	4294967295	3.40282e+38	4294967295	3.40282e+38	
412	1083	0.6	4294967295	3.40282e+38	4294967295	3.40282e+38	4294967295	3.40282e+38	4294967295	3.40282e+38	
413	1084	0.6	4294967295	3.40282e+38	4294967295	3.40282e+38	4294967295	3.40282e+38	4294967295	3.40282e+38	
414	1085	0.6	4294967295	3.40282e+38	4294967295	3.40282e+38	4294967295	3.40282e+38	4294967295	3.40282e+38	
415	1086	0.6	4294967295	3.40282e+38	4294967295	3.40282e+38	4294967295	3.40282e+38	4294967295	3.40282e+38	
416	1060	0.6	4294967295	3.40282e+38	4294967295	3.40282e+38	4294967295	3.40282e+38	4294967295	3.40282e+38	
417	1062	1	4294967295	3.40282e+38	4294967295	3.40282e+38	4294967295	3.40282e+38	4294967295	3.40282e+38	
418	1063	1	4294967295	3.40282e+38	4294967295	3.40282e+38	4294967295	3.40282e+38	4294967295	3.40282e+38	
419	1064	0.5	4294967295	3.40282e+38	4294967295	3.40282e+38	4294967295	3.40282e+38	4294967295	3.40282e+38	
420	1124	0.8	4294967295	3.40282e+38	4294967295	3.40282e+38	4294967295	3.40282e+38	4294967295	3.40282e+38	
421	1125	0.7	4294967295	3.40282e+38	4294967295	3.40282e+38	4294967295	3.40282e+38	4294967295	3.40282e+38	
422	1126	0.8	4294967295	3.40282e+38	4294967295	3.40282e+38	4294967295	3.40282e+38	4294967295	3.40282e+38	
423	1127	0.7	4294967295	3.40282e+38	4294967295	3.40282e+38	4294967295	3.40282e+38	4294967295	3.40282e+38	
424	1128	1	4294967295	3.40282e+38	4294967295	3.40282e+38	4294967295	3.40282e+38	4294967295	3.40282e+38	
425	1133	0.7	4294967295	3.40282e+38	4294967295	3.40282e+38	4294967295	3.40282e+38	4294967295	3.40282e+38	
426	1134	1	4294967295	3.40282e+38	4294967295	3.40282e+38	4294967295	3.40282e+38	4294967295	3.40282e+38	
427	1135	0.8	4294967295	3.40282e+38	4294967295	3.40282e+38	4294967295	3.40282e+38	4294967295	3.40282e+38	
428	1136	0.7	4294967295	3.40282e+38	4294967295	3.40282e+38	4294967295	3.40282e+38	4294967295	3.40282e+38	
429	1137	0.8	4294967295	3.40282e+38	4294967295	3.40282e+38	4294967295	3.40282e+38	4294967295	3.40282e+38	
430	1138	0.8	4294967295	3.40282e+38	4294967295	3.40282e+38	4294967295	3.40282e+38	4294967295	3.40282e+38	
431	1139	0.4	4294967295	3.40282e+38	4294967295	3.40282e+38	4294967295	3.40282e+38	4294967295	3.40282e+38	
432	1140	0.7	4294967295	3.40282e+38	4294967295	3.40282e+38	4294967295	3.40282e+38	4294967295	3.40282e+38	
433	1141	0.4	4294967295	3.40282e+38	4294967295	3.40282e+38	4294967295	3.40282e+38	4294967295	3.40282e+38	
434	1142	0.7	4294967295	3.40282e+38	4294967295	3.40282e+38	4294967295	3.40282e+38	4294967295	3.40282e+38	
435	1143	0.2	4294967295	3.40282e+38	4294967295	3.40282e+38	4294967295	3.40282e+38	4294967295	3.40282e+38	
436	1144	0.2	4294967295	3.40282e+38	4294967295	3.40282e+38	4294967295	3.40282e+38	4294967295	3.40282e+38	
437	1145	0.9	4294967295	3.40282e+38	4294967295	3.40282e+38	4294967295	3.40282e+38	4294967295	3.40282e+38	
438	1146	0.2	4294967295	3.40282e+38	4294967295	3.40282e+38	4294967295	3.40282e+38	4294967295	3.40282e+38	
439	1129	0.2	4294967295	3.40282e+38	4294967295	3.40282e+38	4294967295	3.40282e+38	4294967295	3.40282e+38	
440	1130	0.3	4294967295	3.40282e+38	4294967295	3.40282e+38	4294967295	3.40282e+38	4294967295	3.40282e+38	
441	1132	0.3	4294967295	3.40282e+38	4294967295	3.40282e+38	4294967295	3.40282e+38	4294967295	3.40282e+38	
442	1147	0.8	4294967295	3.40282e+38	4294967295	3.40282e+38	4294967295	3.40282e+38	4294967295	3.40282e+38	
443	1148	0.6	4294967295	3.40282e+38	4294967295	3.40282e+38	4294967295	3.40282e+38	4294967295	3.40282e+38	
444	1149	1	4294967295	3.40282e+38	4294967295	3.40282e+38	4294967295	3.40282e+38	4294967295	3.40282e+38	
445	1150	1	4294967295	3.40282e+38	4294967295	3.40282e+38	4294967295	3.40282e+38	4294967295	3.40282e+38	
446	1151	0.3	4294967295	3.40282e+38	4294967295	3.40282e+38	4294967295	3.40282e+38	4294967295	3.40282e+38	
447	1152	0.3	1452	1	4294967295	3.40282e+38	4294967295	3.40282e+38	4294967295	3.40282e+38	
448	1154	0.15	4294967295	3.40282e+38	4294967295	3.40282e+38	4294967295	3.40282e+38	4294967295	3.40282e+38	
449	1155	0.15	4294967295	3.40282e+38	4294967295	3.40282e+38	4294967295	3.40282e+38	4294967295	3.40282e+38	
450	1157	1	4294967295	3.40282e+38	4294967295	3.40282e+38	4294967295	3.40282e+38	4294967295	3.40282e+38	
451	1158	0.5	1435	1	4294967295	3.40282e+38	4294967295	3.40282e+38	4294967295	3.40282e+38	
452	1158	0.5	1435	1	4294967295	3.40282e+38	4294967295	3.40282e+38	4294967295	3.40282e+38	
453	1158	0.5	1435	1	4294967295	3.40282e+38	4294967295	3.40282e+38	4294967295	3.40282e+38	
454	1159	1	4294967295	3.40282e+38	4294967295	3.40282e+38	4294967295	3.40282e+38	4294967295	3.40282e+38	
455	1172	1	4294967295	3.40282e+38	4294967295	3.40282e+38	4294967295	3.40282e+38	4294967295	3.40282e+38	
456	1173	1	4294967295	3.40282e+38	4294967295	3.40282e+38	4294967295	3.40282e+38	4294967295	3.40282e+38	
457	1162	0.4	4294967295	3.40282e+38	4294967295	3.40282e+38	4294967295	3.40282e+38	4294967295	3.40282e+38	
458	1163	0.8	4294967295	3.40282e+38	4294967295	3.40282e+38	4294967295	3.40282e+38	4294967295	3.40282e+38	
459	1164	0.4	4294967295	3.40282e+38	4294967295	3.40282e+38	4294967295	3.40282e+38	4294967295	3.40282e+38	
460	1165	0.8	4294967295	3.40282e+38	4294967295	3.40282e+38	4294967295	3.40282e+38	4294967295	3.40282e+38	
461	1166	0.6	4294967295	3.40282e+38	4294967295	3.40282e+38	4294967295	3.40282e+38	4294967295	3.40282e+38	
462	1167	0.6	4294967295	3.40282e+38	4294967295	3.40282e+38	4294967295	3.40282e+38	4294967295	3.40282e+38	
463	1168	0.5	4294967295	3.40282e+38	4294967295	3.40282e+38	4294967295	3.40282e+38	4294967295	3.40282e+38	
464	1180	1	4294967295	3.40282e+38	4294967295	3.40282e+38	4294967295	3.40282e+38	4294967295	3.40282e+38	
465	1181	1	4294967295	3.40282e+38	4294967295	3.40282e+38	4294967295	3.40282e+38	4294967295	3.40282e+38	
466	1182	1	4294967295	3.40282e+38	4294967295	3.40282e+38	4294967295	3.40282e+38	4294967295	3.40282e+38	
467	1183	1	4294967295	3.40282e+38	4294967295	3.40282e+38	4294967295	3.40282e+38	4294967295	3.40282e+38	
468	1184	1	4294967295	3.40282e+38	4294967295	3.40282e+38	4294967295	3.40282e+38	4294967295	3.40282e+38	
469	1185	1	4294967295	3.40282e+38	4294967295	3.40282e+38	4294967295	3.40282e+38	4294967295	3.40282e+38	
470	1175	0.3	4294967295	3.40282e+38	4294967295	3.40282e+38	4294967295	3.40282e+38	4294967295	3.40282e+38	
471	1176	0.3	4294967295	3.40282e+38	4294967295	3.40282e+38	4294967295	3.40282e+38	4294967295	3.40282e+38	
472	1177	0.3	4294967295	3.40282e+38	4294967295	3.40282e+38	4294967295	3.40282e+38	4294967295	3.40282e+38	
473	1178	0.2	4294967295	3.40282e+38	4294967295	3.40282e+38	4294967295	3.40282e+38	4294967295	3.40282e+38	
474	1179	0.1	4294967295	3.40282e+38	4294967295	3.40282e+38	4294967295	3.40282e+38	4294967295	3.40282e+38	
475	1186	1	4294967295	3.40282e+38	4294967295	3.40282e+38	4294967295	3.40282e+38	4294967295	3.40282e+38	
476	1187	1	4294967295	3.40282e+38	4294967295	3.40282e+38	4294967295	3.40282e+38	4294967295	3.40282e+38	
477	1188	1	4294967295	3.40282e+38	4294967295	3.40282e+38	4294967295	3.40282e+38	4294967295	3.40282e+38	
478	1189	1	1438	0.2	4294967295	3.40282e+38	4294967295	3.40282e+38	4294967295	3.40282e+38	
479	1190	1	4294967295	3.40282e+38	4294967295	3.40282e+38	4294967295	3.40282e+38	4294967295	3.40282e+38	
480	1191	1	4294967295	3.40282e+38	4294967295	3.40282e+38	4294967295	3.40282e+38	4294967295	3.40282e+38	
481	1192	1	4294967295	3.40282e+38	4294967295	3.40282e+38	4294967295	3.40282e+38	4294967295	3.40282e+38	
482	1193	1	4294967295	3.40282e+38	4294967295	3.40282e+38	4294967295	3.40282e+38	4294967295	3.40282e+38	
483	1196	1	4294967295	3.40282e+38	4294967295	3.40282e+38	4294967295	3.40282e+38	4294967295	3.40282e+38	
484	1194	1	4294967295	3.40282e+38	4294967295	3.40282e+38	4294967295	3.40282e+38	4294967295	3.40282e+38	
485	1194	1	4294967295	3.40282e+38	4294967295	3.40282e+38	4294967295	3.40282e+38	4294967295	3.40282e+38	
486	1195	1	4294967295	3.40282e+38	4294967295	3.40282e+38	4294967295	3.40282e+38	4294967295	3.40282e+38	
487	1031	1	4294967295	3.40282e+38	4294967295	3.40282e+38	4294967295	3.40282e+38	4294967295	3.40282e+38	
488	1198	0.3	4294967295	3.40282e+38	4294967295	3.40282e+38	4294967295	3.40282e+38	4294967295	3.40282e+38	
489	1199	0.3	4294967295	3.40282e+38	4294967295	3.40282e+38	4294967295	3.40282e+38	4294967295	3.40282e+38	
490	1198	0.3	4294967295	3.40282e+38	4294967295	3.40282e+38	4294967295	3.40282e+38	4294967295	3.40282e+38	
491	1198	0.3	4294967295	3.40282e+38	4294967295	3.40282e+38	4294967295	3.40282e+38	4294967295	3.40282e+38	
492	1199	0.3	4294967295	3.40282e+38	4294967295	3.40282e+38	4294967295	3.40282e+38	4294967295	3.40282e+38	
493	1200	0.7	4294967295	3.40282e+38	4294967295	3.40282e+38	4294967295	3.40282e+38	4294967295	3.40282e+38	
494	1211	1	4294967295	3.40282e+38	4294967295	3.40282e+38	4294967295	3.40282e+38	4294967295	3.40282e+38	
495	1213	1	4294967295	3.40282e+38	4294967295	3.40282e+38	4294967295	3.40282e+38	4294967295	3.40282e+38	
496	1223	0.5	4294967295	3.40282e+38	4294967295	3.40282e+38	4294967295	3.40282e+38	4294967295	3.40282e+38	
497	1224	0.5	4294967295	3.40282e+38	4294967295	3.40282e+38	4294967295	3.40282e+38	4294967295	3.40282e+38	
498	1225	0.5	4294967295	3.40282e+38	4294967295	3.40282e+38	4294967295	3.40282e+38	4294967295	3.40282e+38	
499	548	0.8	4294967295	3.40282e+38	4294967295	3.40282e+38	4294967295	3.40282e+38	4294967295	3.40282e+38	
500	1436	1	4294967295	3.40282e+38	4294967295	3.40282e+38	4294967295	3.40282e+38	4294967295	3.40282e+38	
501	1440	1	4294967295	3.40282e+38	4294967295	3.40282e+38	4294967295	3.40282e+38	4294967295	3.40282e+38	
502	1442	0.5	1452	1	4294967295	3.40282e+38	4294967295	3.40282e+38	4294967295	3.40282e+38	
503	1444	1	4294967295	3.40282e+38	4294967295	3.40282e+38	4294967295	3.40282e+38	4294967295	3.40282e+38	
504	1428	0.5	4294967295	3.40282e+38	4294967295	3.40282e+38	4294967295	3.40282e+38	4294967295	3.40282e+38	
505	1428	0.5	4294967295	3.40282e+38	4294967295	3.40282e+38	4294967295	3.40282e+38	4294967295	3.40282e+38	
506	1428	0.5	4294967295	3.40282e+38	4294967295	3.40282e+38	4294967295	3.40282e+38	4294967295	3.40282e+38	
507	1428	0.5	4294967295	3.40282e+38	4294967295	3.40282e+38	4294967295	3.40282e+38	4294967295	3.40282e+38	
508	1428	0.5	4294967295	3.40282e+38	4294967295	3.40282e+38	4294967295	3.40282e+38	4294967295	3.40282e+38	
509	1437	0.2	4294967295	3.40282e+38	4294967295	3.40282e+38	4294967295	3.40282e+38	4294967295	3.40282e+38	
510	1437	0.2	4294967295	3.40282e+38	4294967295	3.40282e+38	4294967295	3.40282e+38	4294967295	3.40282e+38	
511	1437	0.2	4294967295	3.40282e+38	4294967295	3.40282e+38	4294967295	3.40282e+38	4294967295	3.40282e+38	
512	1437	0.2	4294967295	3.40282e+38	4294967295	3.40282e+38	4294967295	3.40282e+38	4294967295	3.40282e+38	
513	1437	0.2	4294967295	3.40282e+38	4294967295	3.40282e+38	4294967295	3.40282e+38	4294967295	3.40282e+38	
514	1437	0.2	4294967295	3.40282e+38	4294967295	3.40282e+38	4294967295	3.40282e+38	4294967295	3.40282e+38	
515	1437	0.2	4294967295	3.40282e+38	4294967295	3.40282e+38	4294967295	3.40282e+38	4294967295	3.40282e+38	
516	1437	0.2	4294967295	3.40282e+38	4294967295	3.40282e+38	4294967295	3.40282e+38	4294967295	3.40282e+38	
517	1437	0.2	4294967295	3.40282e+38	4294967295	3.40282e+38	4294967295	3.40282e+38	4294967295	3.40282e+38	
518	1437	0.2	4294967295	3.40282e+38	4294967295	3.40282e+38	4294967295	3.40282e+38	4294967295	3.40282e+38	
519	1438	0.2	4294967295	3.40282e+38	4294967295	3.40282e+38	4294967295	3.40282e+38	4294967295	3.40282e+38	
520	1438	0.2	4294967295	3.40282e+38	4294967295	3.40282e+38	4294967295	3.40282e+38	4294967295	3.40282e+38	
521	1438	0.2	4294967295	3.40282e+38	4294967295	3.40282e+38	4294967295	3.40282e+38	4294967295	3.40282e+38	
522	1438	0.2	4294967295	3.40282e+38	4294967295	3.40282e+38	4294967295	3.40282e+38	4294967295	3.40282e+38	
523	1438	0.2	4294967295	3.40282e+38	4294967295	3.40282e+38	4294967295	3.40282e+38	4294967295	3.40282e+38	
524	1438	0.2	4294967295	3.40282e+38	4294967295	3.40282e+38	4294967295	3.40282e+38	4294967295	3.40282e+38	
525	1438	0.2	4294967295	3.40282e+38	4294967295	3.40282e+38	4294967295	3.40282e+38	4294967295	3.40282e+38	
526	1438	0.2	4294967295	3.40282e+38	4294967295	3.40282e+38	4294967295	3.40282e+38	4294967295	3.40282e+38	
527	1438	0.2	4294967295	3.40282e+38	4294967295	3.40282e+38	4294967295	3.40282e+38	4294967295	3.40282e+38	
528	1438	0.2	4294967295	3.40282e+38	4294967295	3.40282e+38	4294967295	3.40282e+38	4294967295	3.40282e+38	
529	1438	0.2	4294967295	3.40282e+38	4294967295	3.40282e+38	4294967295	3.40282e+38	4294967295	3.40282e+38	
530	1438	0.2	4294967295	3.40282e+38	4294967295	3.40282e+38	4294967295	3.40282e+38	4294967295	3.40282e+38	
531	1438	0.2	4294967295	3.40282e+38	4294967295	3.40282e+38	4294967295	3.40282e+38	4294967295	3.40282e+38	
532	1438	0.2	4294967295	3.40282e+38	4294967295	3.40282e+38	4294967295	3.40282e+38	4294967295	3.40282e+38	
533	1438	0.2	4294967295	3.40282e+38	4294967295	3.40282e+38	4294967295	3.40282e+38	4294967295	3.40282e+38	
534	1438	0.2	4294967295	3.40282e+38	4294967295	3.40282e+38	4294967295	3.40282e+38	4294967295	3.40282e+38	
535	1438	0.2	4294967295	3.40282e+38	4294967295	3.40282e+38	4294967295	3.40282e+38	4294967295	3.40282e+38	
536	1438	0.2	4294967295	3.40282e+38	4294967295	3.40282e+38	4294967295	3.40282e+38	4294967295	3.40282e+38	
537	1438	0.2	4294967295	3.40282e+38	4294967295	3.40282e+38	4294967295	3.40282e+38	4294967295	3.40282e+38	
538	1438	0.2	4294967295	3.40282e+38	4294967295	3.40282e+38	4294967295	3.40282e+38	4294967295	3.40282e+38	
539	1158	0.5	1447	1	4294967295	3.40282e+38	4294967295	3.40282e+38	4294967295	3.40282e+38	
540	1158	0.5	4294967295	3.40282e+38	4294967295	3.40282e+38	4294967295	3.40282e+38	4294967295	3.40282e+38	
541	1158	0.5	4294967295	3.40282e+38	4294967295	3.40282e+38	4294967295	3.40282e+38	4294967295	3.40282e+38	
542	1158	0.5	4294967295	3.40282e+38	4294967295	3.40282e+38	4294967295	3.40282e+38	4294967295	3.40282e+38	
543	1450	1	4294967295	3.40282e+38	4294967295	3.40282e+38	4294967295	3.40282e+38	4294967295	3.40282e+38	
544	1450	1	4294967295	3.40282e+38	4294967295	3.40282e+38	4294967295	3.40282e+38	4294967295	3.40282e+38	
545	1450	1	4294967295	3.40282e+38	4294967295	3.40282e+38	4294967295	3.40282e+38	4294967295	3.40282e+38	
546	1450	1	4294967295	3.40282e+38	4294967295	3.40282e+38	4294967295	3.40282e+38	4294967295	3.40282e+38	
547	1450	1	4294967295	3.40282e+38	4294967295	3.40282e+38	4294967295	3.40282e+38	4294967295	3.40282e+38	
548	1450	1	4294967295	3.40282e+38	4294967295	3.40282e+38	4294967295	3.40282e+38	4294967295	3.40282e+38	
549	1450	1	1451	1	4294967295	3.40282e+38	4294967295	3.40282e+38	4294967295	3.40282e+38	
550	1450	1	4294967295	3.40282e+38	4294967295	3.40282e+38	4294967295	3.40282e+38	4294967295	3.40282e+38	
551	1450	1	4294967295	3.40282e+38	4294967295	3.40282e+38	4294967295	3.40282e+38	4294967295	3.40282e+38	
552	1451	1	4294967295	3.40282e+38	4294967295	3.40282e+38	4294967295	3.40282e+38	4294967295	3.40282e+38	
553	1451	1	4294967295	3.40282e+38	4294967295	3.40282e+38	4294967295	3.40282e+38	4294967295	3.40282e+38	
554	1451	1	4294967295	3.40282e+38	4294967295	3.40282e+38	4294967295	3.40282e+38	4294967295	3.40282e+38	
555	1451	1	4294967295	3.40282e+38	4294967295	3.40282e+38	4294967295	3.40282e+38	4294967295	3.40282e+38	
556	1451	1	4294967295	3.40282e+38	4294967295	3.40282e+38	4294967295	3.40282e+38	4294967295	3.40282e+38	
557	1451	1	4294967295	3.40282e+38	4294967295	3.40282e+38	4294967295	3.40282e+38	4294967295	3.40282e+38	
558	1451	1	4294967295	3.40282e+38	4294967295	3.40282e+38	4294967295	3.40282e+38	4294967295	3.40282e+38	
559	1452	1	4294967295	3.40282e+38	4294967295	3.40282e+38	4294967295	3.40282e+38	4294967295	3.40282e+38	
560	1452	1	4294967295	3.40282e+38	4294967295	3.40282e+38	4294967295	3.40282e+38	4294967295	3.40282e+38	
561	1452	1	4294967295	3.40282e+38	4294967295	3.40282e+38	4294967295	3.40282e+38	4294967295	3.40282e+38	
562	1453	1	4294967295	3.40282e+38	4294967295	3.40282e+38	4294967295	3.40282e+38	4294967295	3.40282e+38	
563	1453	1	4294967295	3.40282e+38	4294967295	3.40282e+38	4294967295	3.40282e+38	4294967295	3.40282e+38	
564	1453	1	4294967295	3.40282e+38	4294967295	3.40282e+38	4294967295	3.40282e+38	4294967295	3.40282e+38	
565	1453	1	4294967295	3.40282e+38	4294967295	3.40282e+38	4294967295	3.40282e+38	4294967295	3.40282e+38	
566	1453	1	4294967295	3.40282e+38	4294967295	3.40282e+38	4294967295	3.40282e+38	4294967295	3.40282e+38	
567	1291	0.7	1290	0.5	4294967295	3.40282e+38	4294967295	3.40282e+38	4294967295	3.40282e+38	
568	1288	0.8	4294967295	3.40282e+38	4294967295	3.40282e+38	4294967295	3.40282e+38	4294967295	3.40282e+38	
569	1319	0.5	4294967295	3.40282e+38	4294967295	3.40282e+38	4294967295	3.40282e+38	4294967295	3.40282e+38	
570	1320	0.6	1297	0.5	4294967295	3.40282e+38	4294967295	3.40282e+38	4294967295	3.40282e+38	
571	1293	0.5	4294967295	3.40282e+38	4294967295	3.40282e+38	4294967295	3.40282e+38	4294967295	3.40282e+38	
572	1321	0.8	4294967295	3.40282e+38	4294967295	3.40282e+38	4294967295	3.40282e+38	4294967295	3.40282e+38	
573	1296	0.5	4294967295	3.40282e+38	4294967295	3.40282e+38	4294967295	3.40282e+38	4294967295	3.40282e+38	
574	1322	0.8	4294967295	3.40282e+38	4294967295	3.40282e+38	4294967295	3.40282e+38	4294967295	3.40282e+38	
575	1323	0.5	4294967295	3.40282e+38	4294967295	3.40282e+38	4294967295	3.40282e+38	4294967295	3.40282e+38	
576	1324	0.5	4294967295	3.40282e+38	4294967295	3.40282e+38	4294967295	3.40282e+38	4294967295	3.40282e+38	
577	1305	0.5	4294967295	3.40282e+38	4294967295	3.40282e+38	4294967295	3.40282e+38	4294967295	3.40282e+38	
578	1306	0.5	4294967295	3.40282e+38	4294967295	3.40282e+38	4294967295	3.40282e+38	4294967295	3.40282e+38	
579	1308	0.5	4294967295	3.40282e+38	4294967295	3.40282e+38	4294967295	3.40282e+38	4294967295	3.40282e+38	
580	1311	0.5	4294967295	3.40282e+38	4294967295	3.40282e+38	4294967295	3.40282e+38	4294967295	3.40282e+38	
581	1325	0.5	4294967295	3.40282e+38	4294967295	3.40282e+38	4294967295	3.40282e+38	4294967295	3.40282e+38	
582	1454	0.8	4294967295	3.40282e+38	4294967295	3.40282e+38	4294967295	3.40282e+38	4294967295	3.40282e+38	
583	1455	0.8	4294967295	3.40282e+38	4294967295	3.40282e+38	4294967295	3.40282e+38	4294967295	3.40282e+38	
584	1456	0.8	4294967295	3.40282e+38	4294967295	3.40282e+38	4294967295	3.40282e+38	4294967295	3.40282e+38	
585	1457	0.9	4294967295	3.40282e+38	4294967295	3.40282e+38	4294967295	3.40282e+38	4294967295	3.40282e+38	
586	1458	0.8	4294967295	3.40282e+38	4294967295	3.40282e+38	4294967295	3.40282e+38	4294967295	3.40282e+38	
587	1385	0.8	4294967295	3.40282e+38	4294967295	3.40282e+38	4294967295	3.40282e+38	4294967295	3.40282e+38	
588	1387	0.8	4294967295	3.40282e+38	4294967295	3.40282e+38	4294967295	3.40282e+38	4294967295	3.40282e+38	
589	1393	0.3	4294967295	3.40282e+38	4294967295	3.40282e+38	4294967295	3.40282e+38	4294967295	3.40282e+38	
590	1394	0.6	4294967295	3.40282e+38	4294967295	3.40282e+38	4294967295	3.40282e+38	4294967295	3.40282e+38	
591	1396	0.8	4294967295	3.40282e+38	4294967295	3.40282e+38	4294967295	3.40282e+38	4294967295	3.40282e+38	
592	1397	0.8	4294967295	3.40282e+38	4294967295	3.40282e+38	4294967295	3.40282e+38	4294967295	3.40282e+38	
593	1399	0.8	4294967295	3.40282e+38	4294967295	3.40282e+38	4294967295	3.40282e+38	4294967295	3.40282e+38	
594	1403	0.8	4294967295	3.40282e+38	4294967295	3.40282e+38	4294967295	3.40282e+38	4294967295	3.40282e+38	
595	1404	0.8	4294967295	3.40282e+38	4294967295	3.40282e+38	4294967295	3.40282e+38	4294967295	3.40282e+38	
596	1408	1	4294967295	3.40282e+38	4294967295	3.40282e+38	4294967295	3.40282e+38	4294967295	3.40282e+38	
597	1410	0.4	4294967295	3.40282e+38	4294967295	3.40282e+38	4294967295	3.40282e+38	4294967295	3.40282e+38	
598	1411	0.8	4294967295	3.40282e+38	4294967295	3.40282e+38	4294967295	3.40282e+38	4294967295	3.40282e+38	
599	1465	0.3	4294967295	3.40282e+38	4294967295	3.40282e+38	4294967295	3.40282e+38	4294967295	3.40282e+38	
600	1416	0.7	1465	0.3	4294967295	3.40282e+38	4294967295	3.40282e+38	4294967295	3.40282e+38	
601	1418	0.8	4294967295	3.40282e+38	4294967295	3.40282e+38	4294967295	3.40282e+38	4294967295	3.40282e+38	
602	1422	0.7	1465	0.3	4294967295	3.40282e+38	4294967295	3.40282e+38	4294967295	3.40282e+38	
603	1424	1	1465	0.3	4294967295	3.40282e+38	4294967295	3.40282e+38	4294967295	3.40282e+38	
604	1329	0.7	1465	0.3	4294967295	3.40282e+38	4294967295	3.40282e+38	4294967295	3.40282e+38	
605	1334	1	1465	0.3	4294967295	3.40282e+38	4294967295	3.40282e+38	4294967295	3.40282e+38	
606	1335	0.8	1465	0.3	4294967295	3.40282e+38	4294967295	3.40282e+38	4294967295	3.40282e+38	
607	1339	0.2	1340	0.4	4294967295	3.40282e+38	4294967295	3.40282e+38	4294967295	3.40282e+38	
608	1346	0.3	4294967295	3.40282e+38	4294967295	3.40282e+38	4294967295	3.40282e+38	4294967295	3.40282e+38	
609	1353	0.7	4294967295	3.40282e+38	4294967295	3.40282e+38	4294967295	3.40282e+38	4294967295	3.40282e+38	
610	1354	1	4294967295	3.40282e+38	4294967295	3.40282e+38	4294967295	3.40282e+38	4294967295	3.40282e+38	
611	1356	0.5	4294967295	3.40282e+38	4294967295	3.40282e+38	4294967295	3.40282e+38	4294967295	3.40282e+38	
612	1357	0.6	4294967295	3.40282e+38	4294967295	3.40282e+38	4294967295	3.40282e+38	4294967295	3.40282e+38	
613	1361	0.7	4294967295	3.40282e+38	4294967295	3.40282e+38	4294967295	3.40282e+38	4294967295	3.40282e+38	
614	1365	1	4294967295	3.40282e+38	4294967295	3.40282e+38	4294967295	3.40282e+38	4294967295	3.40282e+38	
615	1146	0.8	4294967295	3.40282e+38	4294967295	3.40282e+38	4294967295	3.40282e+38	4294967295	3.40282e+38	
616	1370	0.6	4294967295	3.40282e+38	4294967295	3.40282e+38	4294967295	3.40282e+38	4294967295	3.40282e+38	
617	1373	0.7	4294967295	3.40282e+38	4294967295	3.40282e+38	4294967295	3.40282e+38	4294967295	3.40282e+38	
618	1378	0.1	4294967295	3.40282e+38	4294967295	3.40282e+38	4294967295	3.40282e+38	4294967295	3.40282e+38	
619	1379	1	4294967295	3.40282e+38	4294967295	3.40282e+38	4294967295	3.40282e+38	4294967295	3.40282e+38	
620	1382	0.8	4294967295	3.40282e+38	4294967295	3.40282e+38	4294967295	3.40282e+38	4294967295	3.40282e+38	
621	1229	0.2	4294967295	3.40282e+38	4294967295	3.40282e+38	4294967295	3.40282e+38	4294967295	3.40282e+38	
622	1230	0.6	4294967295	3.40282e+38	4294967295	3.40282e+38	4294967295	3.40282e+38	4294967295	3.40282e+38	
623	1234	0.1	4294967295	3.40282e+38	4294967295	3.40282e+38	4294967295	3.40282e+38	4294967295	3.40282e+38	
624	1237	0.5	4294967295	3.40282e+38	4294967295	3.40282e+38	4294967295	3.40282e+38	4294967295	3.40282e+38	
625	1238	0.5	4294967295	3.40282e+38	4294967295	3.40282e+38	4294967295	3.40282e+38	4294967295	3.40282e+38	
626	1240	0.5	4294967295	3.40282e+38	4294967295	3.40282e+38	4294967295	3.40282e+38	4294967295	3.40282e+38	
627	1242	1	4294967295	3.40282e+38	4294967295	3.40282e+38	4294967295	3.40282e+38	4294967295	3.40282e+38	
628	1241	0.4	4294967295	3.40282e+38	4294967295	3.40282e+38	4294967295	3.40282e+38	4294967295	3.40282e+38	
629	1245	0.5	4294967295	3.40282e+38	4294967295	3.40282e+38	4294967295	3.40282e+38	4294967295	3.40282e+38	
630	1249	0.7	4294967295	3.40282e+38	4294967295	3.40282e+38	4294967295	3.40282e+38	4294967295	3.40282e+38	
631	1255	0.8	4294967295	3.40282e+38	4294967295	3.40282e+38	4294967295	3.40282e+38	4294967295	3.40282e+38	
632	1459	1	4294967295	3.40282e+38	4294967295	3.40282e+38	4294967295	3.40282e+38	4294967295	3.40282e+38	
633	1262	1	4294967295	3.40282e+38	4294967295	3.40282e+38	4294967295	3.40282e+38	4294967295	3.40282e+38	
634	1268	0.5	4294967295	3.40282e+38	4294967295	3.40282e+38	4294967295	3.40282e+38	4294967295	3.40282e+38	
635	1270	1	4294967295	3.40282e+38	4294967295	3.40282e+38	4294967295	3.40282e+38	4294967295	3.40282e+38	
636	1272	0.8	4294967295	3.40282e+38	4294967295	3.40282e+38	4294967295	3.40282e+38	4294967295	3.40282e+38	
637	1273	1	4294967295	3.40282e+38	4294967295	3.40282e+38	4294967295	3.40282e+38	4294967295	3.40282e+38	
638	1274	1	4294967295	3.40282e+38	4294967295	3.40282e+38	4294967295	3.40282e+38	4294967295	3.40282e+38	
639	1275	0.2	4294967295	3.40282e+38	4294967295	3.40282e+38	4294967295	3.40282e+38	4294967295	3.40282e+38	
640	1277	0.8	4294967295	3.40282e+38	4294967295	3.40282e+38	4294967295	3.40282e+38	4294967295	3.40282e+38	
641	1278	0.6	4294967295	3.40282e+38	4294967295	3.40282e+38	4294967295	3.40282e+38	4294967295	3.40282e+38	
642	1280	0.5	4294967295	3.40282e+38	4294967295	3.40282e+38	4294967295	3.40282e+38	4294967295	3.40282e+38	
643	1282	0.7	4294967295	3.40282e+38	4294967295	3.40282e+38	4294967295	3.40282e+38	4294967295	3.40282e+38	
644	1283	1	4294967295	3.40282e+38	4294967295	3.40282e+38	4294967295	3.40282e+38	4294967295	3.40282e+38	
645	1330	0.7	4294967295	3.40282e+38	4294967295	3.40282e+38	4294967295	3.40282e+38	4294967295	3.40282e+38	
646	1336	0.8	1465	0.3	4294967295	3.40282e+38	4294967295	3.40282e+38	4294967295	3.40282e+38	
647	1347	0.3	4294967295	3.40282e+38	4294967295	3.40282e+38	4294967295	3.40282e+38	4294967295	3.40282e+38	
648	1358	0.8	4294967295	3.40282e+38	4294967295	3.40282e+38	4294967295	3.40282e+38	4294967295	3.40282e+38	
649	1240	1	4294967295	3.40282e+38	4294967295	3.40282e+38	4294967295	3.40282e+38	4294967295	3.40282e+38	
650	1243	0.6	4294967295	3.40282e+38	4294967295	3.40282e+38	4294967295	3.40282e+38	4294967295	3.40282e+38	
651	1245	0.5	4294967295	3.40282e+38	4294967295	3.40282e+38	4294967295	3.40282e+38	4294967295	3.40282e+38	
652	1273	0.5	4294967295	3.40282e+38	4294967295	3.40282e+38	4294967295	3.40282e+38	4294967295	3.40282e+38	
653	1348	0.3	4294967295	3.40282e+38	4294967295	3.40282e+38	4294967295	3.40282e+38	4294967295	3.40282e+38	
654	1465	0.3	1415	0.8	4294967295	3.40282e+38	4294967295	3.40282e+38	4294967295	3.40282e+38	
655	1465	0.3	4294967295	3.40282e+38	4294967295	3.40282e+38	4294967295	3.40282e+38	4294967295	3.40282e+38	
656	1465	0.3	4294967295	3.40282e+38	4294967295	3.40282e+38	4294967295	3.40282e+38	4294967295	3.40282e+38	
657	1465	0.3	4294967295	3.40282e+38	4294967295	3.40282e+38	4294967295	3.40282e+38	4294967295	3.40282e+38	
658	1465	0.3	4294967295	3.40282e+38	4294967295	3.40282e+38	4294967295	3.40282e+38	4294967295	3.40282e+38	
659	1465	0.3	4294967295	3.40282e+38	4294967295	3.40282e+38	4294967295	3.40282e+38	4294967295	3.40282e+38	
660	1465	0.3	4294967295	3.40282e+38	4294967295	3.40282e+38	4294967295	3.40282e+38	4294967295	3.40282e+38	
661	1513	1	4294967295	3.40282e+38	4294967295	3.40282e+38	4294967295	3.40282e+38	4294967295	3.40282e+38	
662	1516	1	4294967295	3.40282e+38	4294967295	3.40282e+38	4294967295	3.40282e+38	4294967295	3.40282e+38	
663	1517	1	4294967295	3.40282e+38	4294967295	3.40282e+38	4294967295	3.40282e+38	4294967295	3.40282e+38	
664	1518	1	4294967295	3.40282e+38	4294967295	3.40282e+38	4294967295	3.40282e+38	4294967295	3.40282e+38	
665	1521	1	4294967295	3.40282e+38	4294967295	3.40282e+38	4294967295	3.40282e+38	4294967295	3.40282e+38	
666	1522	1	4294967295	3.40282e+38	4294967295	3.40282e+38	4294967295	3.40282e+38	4294967295	3.40282e+38	
667	1525	1	4294967295	3.40282e+38	4294967295	3.40282e+38	4294967295	3.40282e+38	4294967295	3.40282e+38	
668	1527	0.2	4294967295	3.40282e+38	4294967295	3.40282e+38	4294967295	3.40282e+38	4294967295	3.40282e+38	
669	1527	0.2	4294967295	3.40282e+38	4294967295	3.40282e+38	4294967295	3.40282e+38	4294967295	3.40282e+38	
670	1529	0.2	4294967295	3.40282e+38	4294967295	3.40282e+38	4294967295	3.40282e+38	4294967295	3.40282e+38	
671	1529	0.2	4294967295	3.40282e+38	4294967295	3.40282e+38	4294967295	3.40282e+38	4294967295	3.40282e+38	
672	1530	1	4294967295	3.40282e+38	4294967295	3.40282e+38	4294967295	3.40282e+38	4294967295	3.40282e+38	
673	1531	1	4294967295	3.40282e+38	4294967295	3.40282e+38	4294967295	3.40282e+38	4294967295	3.40282e+38	
674	1532	1	4294967295	3.40282e+38	4294967295	3.40282e+38	4294967295	3.40282e+38	4294967295	3.40282e+38	
675	1534	1	4294967295	3.40282e+38	4294967295	3.40282e+38	4294967295	3.40282e+38	4294967295	3.40282e+38	
676	1535	1	4294967295	3.40282e+38	4294967295	3.40282e+38	4294967295	3.40282e+38	4294967295	3.40282e+38	
677	1537	1	4294967295	3.40282e+38	4294967295	3.40282e+38	4294967295	3.40282e+38	4294967295	3.40282e+38	
678	1538	1	4294967295	3.40282e+38	4294967295	3.40282e+38	4294967295	3.40282e+38	4294967295	3.40282e+38	
679	1539	1	4294967295	3.40282e+38	4294967295	3.40282e+38	4294967295	3.40282e+38	4294967295	3.40282e+38	
680	1540	1	4294967295	3.40282e+38	4294967295	3.40282e+38	4294967295	3.40282e+38	4294967295	3.40282e+38	
681	1540	1	4294967295	3.40282e+38	4294967295	3.40282e+38	4294967295	3.40282e+38	4294967295	3.40282e+38	
682	1543	1	4294967295	3.40282e+38	4294967295	3.40282e+38	4294967295	3.40282e+38	4294967295	3.40282e+38	
683	1546	1	4294967295	3.40282e+38	4294967295	3.40282e+38	4294967295	3.40282e+38	4294967295	3.40282e+38	
684	1547	1	4294967295	3.40282e+38	4294967295	3.40282e+38	4294967295	3.40282e+38	4294967295	3.40282e+38	
685	1555	1	4294967295	3.40282e+38	4294967295	3.40282e+38	4294967295	3.40282e+38	4294967295	3.40282e+38	
686	1563	1	4294967295	3.40282e+38	4294967295	3.40282e+38	4294967295	3.40282e+38	4294967295	3.40282e+38	
687	1564	1	4294967295	3.40282e+38	4294967295	3.40282e+38	4294967295	3.40282e+38	4294967295	3.40282e+38	
688	1521	1	4294967295	3.40282e+38	4294967295	3.40282e+38	4294967295	3.40282e+38	4294967295	3.40282e+38	
689	1565	0.2	4294967295	3.40282e+38	4294967295	3.40282e+38	4294967295	3.40282e+38	4294967295	3.40282e+38	
690	1565	0.2	4294967295	3.40282e+38	4294967295	3.40282e+38	4294967295	3.40282e+38	4294967295	3.40282e+38	
691	1568	1	4294967295	3.40282e+38	4294967295	3.40282e+38	4294967295	3.40282e+38	4294967295	3.40282e+38	
692	1569	1	4294967295	3.40282e+38	4294967295	3.40282e+38	4294967295	3.40282e+38	4294967295	3.40282e+38	
693	1570	1	4294967295	3.40282e+38	4294967295	3.40282e+38	4294967295	3.40282e+38	4294967295	3.40282e+38	
694	1571	1	4294967295	3.40282e+38	4294967295	3.40282e+38	4294967295	3.40282e+38	4294967295	3.40282e+38	
695	1572	1	4294967295	3.40282e+38	4294967295	3.40282e+38	4294967295	3.40282e+38	4294967295	3.40282e+38	
696	1531	1	4294967295	3.40282e+38	4294967295	3.40282e+38	4294967295	3.40282e+38	4294967295	3.40282e+38	
697	1527	0.2	4294967295	3.40282e+38	4294967295	3.40282e+38	4294967295	3.40282e+38	4294967295	3.40282e+38	
698	1612	0.5	4294967295	3.40282e+38	4294967295	3.40282e+38	4294967295	3.40282e+38	4294967295	3.40282e+38	
699	1604	0.6	4294967295	3.40282e+38	4294967295	3.40282e+38	4294967295	3.40282e+38	4294967295	3.40282e+38	
700	1605	0.3	4294967295	3.40282e+38	4294967295	3.40282e+38	4294967295	3.40282e+38	4294967295	3.40282e+38	
701	1608	1	4294967295	3.40282e+38	4294967295	3.40282e+38	4294967295	3.40282e+38	4294967295	3.40282e+38	
702	1609	1	4294967295	3.40282e+38	4294967295	3.40282e+38	4294967295	3.40282e+38	4294967295	3.40282e+38	
703	1613	1	4294967295	3.40282e+38	4294967295	3.40282e+38	4294967295	3.40282e+38	4294967295	3.40282e+38	
704	1618	0.24	4294967295	3.40282e+38	4294967295	3.40282e+38	4294967295	3.40282e+38	4294967295	3.40282e+38	
705	1621	0.24	4294967295	3.40282e+38	4294967295	3.40282e+38	4294967295	3.40282e+38	4294967295	3.40282e+38	
706	1623	0.24	4294967295	3.40282e+38	4294967295	3.40282e+38	4294967295	3.40282e+38	4294967295	3.40282e+38	
707	1624	1	4294967295	3.40282e+38	4294967295	3.40282e+38	4294967295	3.40282e+38	4294967295	3.40282e+38	
708	1625	1	4294967295	3.40282e+38	4294967295	3.40282e+38	4294967295	3.40282e+38	4294967295	3.40282e+38	
709	1626	1	4294967295	3.40282e+38	4294967295	3.40282e+38	4294967295	3.40282e+38	4294967295	3.40282e+38	
710	1627	0.24	4294967295	3.40282e+38	4294967295	3.40282e+38	4294967295	3.40282e+38	4294967295	3.40282e+38	
711	1583	0.24	4294967295	3.40282e+38	4294967295	3.40282e+38	4294967295	3.40282e+38	4294967295	3.40282e+38	
712	1587	1	4294967295	3.40282e+38	4294967295	3.40282e+38	4294967295	3.40282e+38	4294967295	3.40282e+38	
713	1628	0.24	4294967295	3.40282e+38	4294967295	3.40282e+38	4294967295	3.40282e+38	4294967295	3.40282e+38	
714	1632	0.24	4294967295	3.40282e+38	4294967295	3.40282e+38	4294967295	3.40282e+38	4294967295	3.40282e+38	
715	1633	1	4294967295	3.40282e+38	4294967295	3.40282e+38	4294967295	3.40282e+38	4294967295	3.40282e+38	
716	1634	1	4294967295	3.40282e+38	4294967295	3.40282e+38	4294967295	3.40282e+38	4294967295	3.40282e+38	
717	1635	0.24	4294967295	3.40282e+38	4294967295	3.40282e+38	4294967295	3.40282e+38	4294967295	3.40282e+38	
718	1636	0.24	4294967295	3.40282e+38	4294967295	3.40282e+38	4294967295	3.40282e+38	4294967295	3.40282e+38	
719	1637	0.24	4294967295	3.40282e+38	4294967295	3.40282e+38	4294967295	3.40282e+38	4294967295	3.40282e+38	
720	1638	0.24	4294967295	3.40282e+38	4294967295	3.40282e+38	4294967295	3.40282e+38	4294967295	3.40282e+38	
721	1639	0.24	4294967295	3.40282e+38	4294967295	3.40282e+38	4294967295	3.40282e+38	4294967295	3.40282e+38	
722	1640	0.24	4294967295	3.40282e+38	4294967295	3.40282e+38	4294967295	3.40282e+38	4294967295	3.40282e+38	
723	1641	0.24	4294967295	3.40282e+38	4294967295	3.40282e+38	4294967295	3.40282e+38	4294967295	3.40282e+38	
724	1642	0.24	4294967295	3.40282e+38	4294967295	3.40282e+38	4294967295	3.40282e+38	4294967295	3.40282e+38	
725	1643	0.24	4294967295	3.40282e+38	4294967295	3.40282e+38	4294967295	3.40282e+38	4294967295	3.40282e+38	
726	1644	0.24	4294967295	3.40282e+38	4294967295	3.40282e+38	4294967295	3.40282e+38	4294967295	3.40282e+38	
727	1645	0.24	4294967295	3.40282e+38	4294967295	3.40282e+38	4294967295	3.40282e+38	4294967295	3.40282e+38	
728	1646	0.24	4294967295	3.40282e+38	4294967295	3.40282e+38	4294967295	3.40282e+38	4294967295	3.40282e+38	
729	1647	0.24	4294967295	3.40282e+38	4294967295	3.40282e+38	4294967295	3.40282e+38	4294967295	3.40282e+38	
730	1648	0.24	4294967295	3.40282e+38	4294967295	3.40282e+38	4294967295	3.40282e+38	4294967295	3.40282e+38	
731	1649	0.24	4294967295	3.40282e+38	4294967295	3.40282e+38	4294967295	3.40282e+38	4294967295	3.40282e+38	
732	1650	0.24	4294967295	3.40282e+38	4294967295	3.40282e+38	4294967295	3.40282e+38	4294967295	3.40282e+38	
733	1651	0.24	4294967295	3.40282e+38	4294967295	3.40282e+38	4294967295	3.40282e+38	4294967295	3.40282e+38	
734	1652	0.24	4294967295	3.40282e+38	4294967295	3.40282e+38	4294967295	3.40282e+38	4294967295	3.40282e+38	
735	1653	0.24	4294967295	3.40282e+38	4294967295	3.40282e+38	4294967295	3.40282e+38	4294967295	3.40282e+38	
736	1654	0.24	4294967295	3.40282e+38	4294967295	3.40282e+38	4294967295	3.40282e+38	4294967295	3.40282e+38	
737	1655	0.24	4294967295	3.40282e+38	4294967295	3.40282e+38	4294967295	3.40282e+38	4294967295	3.40282e+38	
738	1656	0.24	4294967295	3.40282e+38	4294967295	3.40282e+38	4294967295	3.40282e+38	4294967295	3.40282e+38	
739	1657	0.24	4294967295	3.40282e+38	4294967295	3.40282e+38	4294967295	3.40282e+38	4294967295	3.40282e+38	
740	1658	0.24	4294967295	3.40282e+38	4294967295	3.40282e+38	4294967295	3.40282e+38	4294967295	3.40282e+38	
741	1659	0.24	4294967295	3.40282e+38	4294967295	3.40282e+38	4294967295	3.40282e+38	4294967295	3.40282e+38	
742	1660	0.24	4294967295	3.40282e+38	4294967295	3.40282e+38	4294967295	3.40282e+38	4294967295	3.40282e+38	
743	1661	0.24	4294967295	3.40282e+38	4294967295	3.40282e+38	4294967295	3.40282e+38	4294967295	3.40282e+38	
744	1662	0.24	4294967295	3.40282e+38	4294967295	3.40282e+38	4294967295	3.40282e+38	4294967295	3.40282e+38	
745	1663	0.24	4294967295	3.40282e+38	4294967295	3.40282e+38	4294967295	3.40282e+38	4294967295	3.40282e+38	
746	1664	0.24	4294967295	3.40282e+38	4294967295	3.40282e+38	4294967295	3.40282e+38	4294967295	3.40282e+38	
747	1665	0.5	4294967295	3.40282e+38	4294967295	3.40282e+38	4294967295	3.40282e+38	4294967295	3.40282e+38	
748	1666	0.5	4294967295	3.40282e+38	4294967295	3.40282e+38	4294967295	3.40282e+38	4294967295	3.40282e+38	
749	1667	0.5	4294967295	3.40282e+38	4294967295	3.40282e+38	4294967295	3.40282e+38	4294967295	3.40282e+38	
