30611	드래곤 파워!!	306110	1	1	200	1	HFI_SKL_HTB_001.png	1500	30	0	65535	3600	3600000	306111	8	4	0	4294967295	1	30611	0	4294967295	2	30612	0	30613	0	30614	0	4294967295	3	30615	0	4294967295	255	4294967295	255	
130411	드래곤 스피릿!!	1304110	1	2	200	1	HMY_SKL_HTB_001.png	1500	30	0	65535	3600	3600000	1304111	7	3	0	130411	0	130412	0	130413	0	4294967295	4	130414	0	130415	0	4294967295	5	4294967295	255	4294967295	255	4294967295	255	
330611	대마왕의 격노!!	3306110	1	8	200	1	NFI_SKL_HTB_001.png	1500	30	0	65535	3600	3600000	3306111	8	4	0	330611	0	330612	0	4294967295	2	330613	0	330614	0	330615	0	330616	0	4294967295	3	4294967295	255	4294967295	255	
430411	신의 심판!!	4304110	1	16	200	1	NMY_SKL_HTB_001.png	1500	30	0	65535	3600	3600000	4304111	6	3	0	430411	0	4294967295	4	430412	0	430413	0	4294967295	5	430414	0	4294967295	255	4294967295	255	4294967295	255	4294967295	255	
532011	마이티 프레셔!!	5320110	1	32	200	1	MMI_SKL_HTB_001.png	1500	30	0	65535	3600	3600000	5320111	8	4	0	532011	0	532012	0	532013	0	4294967295	2	532014	0	532015	0	4294967295	3	532016	0	4294967295	255	4294967295	255	
632011	원더풀 크래셔!!	6320110	1	64	200	1	MWO_SKL_HTB_001.png	1500	30	0	65535	3600	3600000	6320111	6	3	0	632011	0	632012	0	4294967295	4	632013	0	4294967295	5	632014	0	4294967295	255	4294967295	255	4294967295	255	4294967295	255	
730831	인피닛 블로우!!	7308310	1	128	201	1	HSF_SKL_HTB_001.png	2200	40	0	65535	3000	3000000	7308311	7	3	0	730831	0	4294967295	2	730832	0	730833	0	4294967295	3	730834	0	730835	0	4294967295	255	4294967295	255	4294967295	255	
830841	언리미티드 슬래셔!!	8308410	1	256	202	1	HSM_SKL_HTB_001.png	2200	40	0	65535	3000	3000000	8308411	8	4	0	4294967295	1	830841	0	4294967295	2	830842	0	830843	0	830844	0	4294967295	3	830845	0	4294967295	255	4294967295	255	
930531	의기양양!!	9305310	1	512	201	1	HCR_SKL_HTB_001.png	2200	40	0	65535	3000	3000000	9305311	6	3	0	930531	0	930532	0	4294967295	4	930533	0	930534	0	4294967295	5	4294967295	255	4294967295	255	4294967295	255	4294967295	255	
1030541	원기왕성!!	10305410	1	1024	202	1	HTR_SKL_HTB_001.png	2200	40	0	65535	3000	3000000	10305411	7	3	0	1030541	0	1030542	0	4294967295	2	1030543	0	1030544	0	4294967295	3	1030545	0	4294967295	255	4294967295	255	4294967295	255	
1330751	마계의 법도!!	13307510	1	8192	201	1	NDW_SKL_HTB_001.png	2200	40	0	65535	3000	3000000	13307511	6	3	0	1330751	0	4294967295	2	1330752	0	1330753	0	4294967295	3	1330754	0	4294967295	255	4294967295	255	4294967295	255	4294967295	255	
1430761	마도의 맹세!!	14307610	1	16384	202	1	NSK_SKL_HTB_001.png	2200	40	0	65535	3000	3000000	14307611	6	3	0	1430761	0	4294967295	4	1430762	0	1430763	0	4294967295	5	1430764	0	4294967295	255	4294967295	255	4294967295	255	4294967295	255	
1530531	용족의 긍지!!	15305310	1	32768	201	1	NDH_SKL_HTB_001.png	2200	40	0	65535	3000	3000000	15305311	6	5	0	1530531	0	1530532	0	4294967295	4	1530533	0	4294967295	5	1530534	0	4294967295	255	4294967295	255	4294967295	255	4294967295	255	
1630541	마족의 기백!!	16305410	1	65536	202	1	NPS_SKL_HTB_001.png	2200	40	0	65535	3000	3000000	16305411	6	5	0	1630541	0	4294967295	4	1630542	0	4294967295	5	1630543	0	1630544	0	4294967295	255	4294967295	255	4294967295	255	4294967295	255	
1732021	사운드 샤워 플레져!!	17320210	1	131072	201	1	MUL_SKL_HTB_001.png	2200	40	0	65535	3000	3000000	17320211	6	3	0	1732021	0	4294967295	2	1732022	0	1732023	0	4294967295	3	1732024	0	4294967295	255	4294967295	255	4294967295	255	4294967295	255	
1832031	쿠킹 콤보 딜라이트!!	18320310	1	262144	202	1	MGR_SKL_HTB_001.png	2200	40	0	65535	3000	3000000	18320311	7	4	0	1832031	0	4294967295	2	1832032	0	4294967295	3	1832033	0	1832034	0	1832035	0	4294967295	255	4294967295	255	4294967295	255	
1932021	와일드 비트 쇼크!!	19320210	1	524288	201	1	MPL_SKL_HTB_001.png	2200	40	0	65535	3000	3000000	19320211	5	3	0	1932021	0	1932022	0	4294967295	4	1932023	0	4294967295	5	4294967295	255	4294967295	255	4294967295	255	4294967295	255	4294967295	255	
2032031	해피 카니발 센세이션!!	20320310	1	1048576	202	1	MKR_SKL_HTB_001.png	2200	40	0	65535	3000	3000000	20320311	5	3	0	2032031	0	4294967295	4	2032032	0	4294967295	5	2032033	0	4294967295	255	4294967295	255	4294967295	255	4294967295	255	4294967295	255	
