1	0	0	0	4294967295	1	A_HFI_M_CH	A_HFI_M_AD	6.36364	7	8	8	7	7	8	8	13	13	14	14	21	21	22	22	100	0	0	2600	0	0	0	0	0	0	0	1.3	0.9	0.9	1.3	0.9	0.7	0	0	0	0	13	9	9	13	9	7	1	1500	0	2	0	0	0	0	0	0.5	10	
2	0	1	0	4294967295	1	A_HFI_F_CH	A_HFI_F_AD	5.83333	7	7.27273	8	7	7	8	8	13	13	14	14	21	21	22	22	100	0	0	2600	0	0	0	0	0	0	0	1.3	0.9	0.9	1.3	0.9	0.7	0	0	0	0	13	9	9	13	9	7	1	1500	0	2	0	0	0	0	0	0.5	10	
3	0	0	1	4294967295	2	A_HMY_M_CH	A_HMY_M_AD	6.36364	7	7.27273	8	7	7	8	8	13	13	14	14	21	21	22	22	100	0	0	2600	0	0	0	0	0	0	0	0.7	0.9	1.1	0.9	1.3	1.1	0	0	0	0	7	9	11	9	13	11	1	1500	1	35	0	0	0	0	0	0.5	5	
4	0	1	1	4294967295	2	A_HMY_F_CH	A_HMY_F_AD	5.83333	7	7.27273	8	7	7	8	8	13	13	14	14	21	21	22	22	100	0	0	2600	0	0	0	0	0	0	0	0.7	0.9	1.1	0.9	1.3	1.1	0	0	0	0	7	9	11	9	13	11	1	1500	1	35	0	0	0	0	0	0.5	5	
5	0	0	2	4294967295	4	A_HEN_M_CH	A_HEN_M_AD	6.36364	7	7.27273	8	7	7	8	8	13	13	14	14	21	21	22	22	100	0	0	2600	0	0	0	0	0	0	0	1.1	0.8	1	1.1	1.3	0.8	0	0	0	0	11	8	10	11	13	8	1	1500	0	35	0	0	0	0	0	0.5	5	
6	0	1	2	4294967295	4	A_HEN_F_CH	A_HEN_F_AD	5.83333	7	7.27273	8	7	7	8	8	13	13	14	14	21	21	22	22	100	0	0	2600	0	0	0	0	0	0	0	1.1	0.8	1	1.1	1.3	0.8	0	0	0	0	11	8	10	11	13	8	1	1500	0	35	0	0	0	0	0	0.5	5	
7	1	2	3	4294967295	8	A_NFI_CH	A_NFI_AD	5.83333	7	8	8	7	7	8	8	13	13	14	14	21	21	22	22	100	0	0	2600	0	0	0	0	0	0	0	1.1	1.2	1	0.7	1.2	0.8	0	0	0	0	11	12	10	7	12	8	1	1500	0	2	0	0	0	0	0	0.5	15	
8	1	2	4	4294967295	16	A_NMY_CH	A_NMY_AD	5.83333	7	8	8	7	7	8	8	13	13	14	14	21	21	22	22	100	0	0	2600	0	0	0	0	0	0	0	0.6	0.8	1.1	0.8	0.9	1.8	0	0	0	0	6	8	11	8	9	18	1	1500	1	35	0	0	0	0	0	0.5	5	
9	2	0	5	4294967295	32	A_MMI_M_CH	A_MMI_M_AD	5.83333	7	7.27273	8	7	7	8	8	13	13	14	14	21	21	22	22	100	0	0	2600	0	0	0	0	0	0	0	1.2	1.1	0.9	0.7	0.7	1.4	0	0	0	0	12	11	9	7	7	14	1	1500	0	2	0	0	0	0	0	0.6	12	
10	2	1	5	4294967295	32	A_MMI_F_CH	A_MMI_F_AD	5.83333	7	8	8	7	7	8	8	13	13	14	14	21	21	22	22	100	0	0	2600	0	0	0	0	0	0	0	1.2	1.1	0.9	0.7	0.7	1.4	0	0	0	0	12	11	9	7	7	14	1	1500	0	2	0	0	0	0	0	0.5	12	
11	2	0	6	4294967295	64	A_MWO_M_CH	A_MWO_M_AD	5.83333	7	7.27273	8	7	7	8	8	13	13	14	14	21	21	22	22	100	0	0	2600	0	0	0	0	0	0	0	0.6	1.2	1.2	0.7	1.1	1.2	0	0	0	0	6	12	12	7	11	12	1	1500	1	35	0	0	0	0	0	0.6	5	
12	2	1	6	4294967295	64	A_MWO_F_CH	A_MWO_F_AD	5.83333	7	8	8	7	7	8	8	13	13	14	14	21	21	22	22	100	0	0	2600	0	0	0	0	0	0	0	0.6	1.2	1.2	0.7	1.1	1.2	0	0	0	0	6	12	12	7	11	12	1	1500	1	35	0	0	0	0	0	0.5	5	
13	0	0	7	0	129	A_HFI_M_CH	A_HFI_M_AD	6.36364	7	8	8	7	7	8	8	13	13	14	14	21	21	22	22	100	0	0	3000	0	0	0	0	0	0	0	1.5	1	0.9	1.4	1	0.8	0	0	0	0	15	10	9	14	10	8	1	1500	0	2	0	0	0	0	0	0.5	10	
14	0	1	7	0	129	A_HFI_F_CH	A_HFI_F_AD	5.83333	7	7.27273	8	7	7	8	8	13	13	14	14	21	21	22	22	100	0	0	3000	0	0	0	0	0	0	0	1.5	1	0.9	1.4	1	0.8	0	0	0	0	15	10	9	14	10	8	1	1500	0	2	0	0	0	0	0	0.5	10	
15	0	0	8	0	257	A_HFI_M_CH	A_HFI_M_AD	6.36364	7	8	8	7	7	8	8	13	13	14	14	21	21	22	22	100	0	0	3000	0	0	0	0	0	0	0	1.6	0.9	1	1.3	1	0.8	0	0	0	0	16	9	10	13	10	8	1	1500	0	2	0	0	0	0	0	0.5	10	
16	0	1	8	0	257	A_HFI_F_CH	A_HFI_F_AD	5.83333	7	7.27273	8	7	7	8	8	13	13	14	14	21	21	22	22	100	0	0	3000	0	0	0	0	0	0	0	1.6	0.9	1	1.3	1	0.8	0	0	0	0	16	9	10	13	10	8	1	1500	0	2	0	0	0	0	0	0.5	10	
17	0	0	9	1	514	A_HMY_M_CH	A_HMY_M_AD	6.36364	7	8	8	7	7	8	8	13	13	14	14	21	21	22	22	100	0	0	3000	0	0	0	0	0	0	0	0.8	0.9	1.3	1	1.6	1.2	0	0	0	0	8	9	13	10	16	12	1	1500	1	35	0	0	0	0	0	0.5	5	
18	0	1	9	1	514	A_HMY_F_CH	A_HMY_F_AD	5.83333	7	7.27273	8	7	7	8	8	13	13	14	14	21	21	22	22	100	0	0	3000	0	0	0	0	0	0	0	0.8	0.9	1.3	1	1.6	1.2	0	0	0	0	8	9	13	10	16	12	1	1500	1	35	0	0	0	0	0	0.5	5	
19	0	0	10	1	1026	A_HMY_M_CH	A_HMY_M_AD	6.36364	7	8	8	7	7	8	8	13	13	14	14	21	21	22	22	100	0	0	3000	0	0	0	0	0	0	0	0.7	1	1.2	0.9	1.5	1.3	0	0	0	0	7	10	12	9	15	13	1	1500	1	35	0	0	0	0	0	0.5	5	
20	0	1	10	1	1026	A_HMY_F_CH	A_HMY_F_AD	5.83333	7	7.27273	8	7	7	8	8	13	13	14	14	21	21	22	22	100	0	0	3000	0	0	0	0	0	0	0	0.7	1	1.2	0.9	1.5	1.3	0	0	0	0	7	10	12	9	15	13	1	1500	1	35	0	0	0	0	0	0.5	5	
21	0	0	11	2	2052	A_HEN_M_CH	A_HEN_M_AD	6.36364	7	8	8	7	7	8	8	13	13	14	14	21	21	22	22	100	0	0	3000	0	0	0	0	0	0	0	1.2	0.9	1.1	1.2	1.4	0.9	0	0	0	0	12	9	11	12	14	9	1	1500	0	35	0	0	0	0	0	0.5	5	
22	0	1	11	2	2052	A_HEN_F_CH	A_HEN_F_AD	5.83333	7	7.27273	8	7	7	8	8	13	13	14	14	21	21	22	22	100	0	0	3000	0	0	0	0	0	0	0	1.2	0.9	1.1	1.2	1.4	0.9	0	0	0	0	12	9	11	12	14	9	1	1500	0	35	0	0	0	0	0	0.5	5	
23	0	0	12	2	4100	A_HEN_M_CH	A_HEN_M_AD	6.36364	7	8	8	7	7	8	8	13	13	14	14	21	21	22	22	100	0	0	3000	0	0	0	0	0	0	0	1.2	0.9	1.1	1.2	1.4	0.9	0	0	0	0	12	9	11	12	14	9	1	1500	0	35	0	0	0	0	0	0.5	5	
24	0	1	12	2	4100	A_HEN_F_CH	A_HEN_F_AD	5.83333	7	7.27273	8	7	7	8	8	13	13	14	14	21	21	22	22	100	0	0	3000	0	0	0	0	0	0	0	1.2	0.9	1.1	1.2	1.4	0.9	0	0	0	0	12	9	11	12	14	9	1	1500	0	35	0	0	0	0	0	0.5	5	
25	1	2	13	3	8200	A_NFI_CH	A_NFI_AD	6.36364	7	8	8	7	7	8	8	13	13	14	14	21	21	22	22	100	0	0	3000	0	0	0	0	0	0	0	1.2	1.5	1	0.7	1.2	1	0	0	0	0	12	15	10	7	12	10	1	1500	0	2	0	0	0	0	0	0.5	15	
26	1	2	14	3	16392	A_NFI_CH	A_NFI_AD	5.83333	7	8	8	7	7	8	8	13	13	14	14	21	21	22	22	100	0	0	3000	0	0	0	0	0	0	0	1.1	1.4	1.2	0.7	1.3	0.9	0	0	0	0	11	14	12	7	13	9	1	1500	0	2	0	0	0	0	0	0.5	15	
27	1	2	15	4	32784	A_NMY_CH	A_NMY_AD	6.36364	7	8	8	7	7	8	8	13	13	14	14	21	21	22	22	100	0	0	3000	0	0	0	0	0	0	0	0.6	0.9	1.3	0.8	1	2	0	0	0	0	6	9	13	8	10	20	1	1500	1	35	0	0	0	0	0	0.5	5	
28	1	2	16	4	65552	A_NMY_CH	A_NMY_AD	5.83333	7	8	8	7	7	8	8	13	13	14	14	21	21	22	22	100	0	0	3000	0	0	0	0	0	0	0	0.6	1	1.1	1	1.1	1.8	0	0	0	0	6	10	11	10	11	18	1	1500	1	35	0	0	0	0	0	0.5	5	
29	2	0	17	5	131104	A_MMI_M_CH	A_MMI_M_AD	5.83333	7	7.27273	8	7	7	8	8	13	13	14	14	21	21	22	22	100	0	0	3000	0	0	0	0	0	0	0	1.4	1.2	1	0.7	0.7	1.6	0	0	0	0	14	12	10	7	7	16	1	1500	0	2	0	0	0	0	0	0.6	12	
30	2	1	17	5	131104	A_MMI_F_CH	A_MMI_F_AD	5.83333	7	8	8	7	7	8	8	13	13	14	14	21	21	22	22	100	0	0	3000	0	0	0	0	0	0	0	1.4	1.2	1	0.7	0.7	1.6	0	0	0	0	14	12	10	7	7	16	1	1500	0	2	0	0	0	0	0	0.5	12	
31	2	0	18	5	262176	A_MMI_M_CH	A_MMI_M_AD	5.83333	7	7.27273	8	7	7	8	8	13	13	14	14	21	21	22	22	100	0	0	3000	0	0	0	0	0	0	0	1.4	1.2	0.9	0.8	0.7	1.6	0	0	0	0	14	12	9	8	7	16	1	1500	0	2	0	0	0	0	0	0.6	12	
32	2	1	18	5	262176	A_MMI_F_CH	A_MMI_F_AD	5.83333	7	8	8	7	7	8	8	13	13	14	14	21	21	22	22	100	0	0	3000	0	0	0	0	0	0	0	1.4	1.2	0.9	0.8	0.7	1.6	0	0	0	0	14	12	9	8	7	16	1	1500	0	2	0	0	0	0	0	0.5	12	
33	2	0	19	6	524352	A_MWO_M_CH	A_MWO_M_AD	5.83333	7	7.27273	8	7	7	8	8	13	13	14	14	21	21	22	22	100	0	0	3000	0	0	0	0	0	0	0	0.6	1.4	1.3	0.7	1.2	1.4	0	0	0	0	6	14	13	7	12	14	1	1500	1	35	0	0	0	0	0	0.6	5	
34	2	1	19	6	524352	A_MWO_F_CH	A_MWO_F_AD	5.83333	7	8	8	7	7	8	8	13	13	14	14	21	21	22	22	100	0	0	3000	0	0	0	0	0	0	0	0.6	1.4	1.3	0.7	1.2	1.4	0	0	0	0	6	14	13	7	12	14	1	1500	1	35	0	0	0	0	0	0.5	5	
35	2	0	20	6	1048640	A_MWO_M_CH	A_MWO_M_AD	5.83333	7	7.27273	8	7	7	8	8	13	13	14	14	21	21	22	22	100	0	0	3000	0	0	0	0	0	0	0	0.6	1.4	1.2	0.8	1.2	1.4	0	0	0	0	6	14	12	8	12	14	1	1500	1	35	0	0	0	0	0	0.6	5	
36	2	1	20	6	1048640	A_MWO_F_CH	A_MWO_F_AD	5.83333	7	8	8	7	7	8	8	13	13	14	14	21	21	22	22	100	0	0	3000	0	0	0	0	0	0	0	0.6	1.4	1.2	0.8	1.2	1.4	0	0	0	0	6	14	12	8	12	14	1	1500	1	35	0	0	0	0	0	0.5	5	
