1111101	1	1	
1111102	1	1	
1111103	1	1	
1111104	1	1	
1111105	1	1	
1111106	1	1	
1111107	1	1	
1111108	1	1	
1111109	1	1	
1111110	1	1	
1111111	1	1	
1111112	1	1	
1111113	1	1	
1111114	1	1	
1111115	1	1	
1111116	1	1	
1111117	1	1	
1111118	1	1	
1111119	1	1	
1111120	1	1	
1111121	1	1	
1111122	1	1	
1111123	1	1	
1111124	1	1	
1111125	1	1	
1111126	1	1	
1111127	1	1	
1111128	1	1	
1111129	1	1	
1111130	1	1	
1111131	1	1	
1111132	1	1	
1121101	1	1	
1121102	1	1	
1121103	1	1	
1123101	1	1	
1125101	1	1	
1131101	1	1	
1131102	1	1	
1131103	1	1	
1131104	1	1	
1131105	1	1	
1131106	1	1	
1131107	1	1	
1131108	1	1	
1131109	1	1	
1141101	1	1	
1141102	1	1	
1141103	1	1	
1141104	1	1	
1141105	1	1	
1141106	1	1	
1141107	1	1	
1141108	1	1	
1151101	1	0	
1151102	1	0	
1152101	1	0	
1161101	1	1	
1163101	1	1	
1163102	1	1	
1181101	1	1	
1181102	1	1	
1181103	1	1	
1182101	1	1	
1211101	1	0	
1211201	1	0	
1211401	1	0	
1211501	1	0	
1211601	1	0	
1211602	1	0	
1211603	1	0	
1251170	1	1	
1251171	1	1	
1311101	1	1	
1311102	1	1	
1311103	1	1	
1311201	1	1	
1311202	1	1	
1311203	1	1	
1311204	1	1	
1311205	1	1	
1311206	1	1	
1311207	1	1	
1311208	1	1	
1311209	1	1	
1311210	1	1	
1311211	1	1	
1331101	1	1	
1331201	1	1	
1345101	1	1	
1351101	1	1	
1351102	1	1	
1351103	1	1	
1351104	1	1	
1351105	1	1	
1351106	1	1	
1351107	1	1	
1351108	1	1	
1351109	1	1	
1351110	1	1	
1351111	1	1	
1351112	1	1	
1351113	1	1	
1351114	1	1	
1351115	1	1	
1351116	1	1	
1351117	1	1	
1351118	1	1	
1351119	1	1	
1351120	1	1	
1351121	1	1	
1351122	1	1	
1351123	1	1	
1351124	1	1	
1351125	1	1	
1351201	1	1	
1351202	1	1	
1351203	1	1	
1351204	1	1	
1351205	1	1	
1351206	1	1	
1351207	1	1	
1351208	1	1	
1351209	1	1	
1351210	1	1	
1351211	1	1	
1351212	1	1	
1351213	1	1	
1351214	1	1	
1351215	1	1	
1351216	1	1	
1351301	1	1	
1351302	1	1	
1351303	1	1	
1352101	1	1	
1352102	1	1	
1353101	1	1	
1353102	1	1	
1353103	1	1	
1353104	1	1	
1353105	1	1	
1353106	1	1	
1353107	1	1	
1353108	1	1	
1353109	1	1	
1353110	1	1	
1353111	1	1	
1361101	1	1	
1362101	1	1	
1362102	1	1	
1381101	1	1	
1381102	1	1	
1402301	1	1	
1403201	1	1	
1403202	1	1	
1411101	1	1	
1411102	1	1	
1431101	1	1	
1431102	1	1	
1431103	1	1	
1431104	1	1	
1431105	1	1	
1431106	1	1	
1431107	1	1	
1431108	1	1	
1431109	1	1	
1431110	1	1	
1431111	1	1	
1431112	1	1	
1441101	1	1	
1452201	1	1	
1452301	1	1	
1461101	1	1	
1471101	1	1	
1471102	1	1	
1471103	1	1	
1471104	1	1	
1471105	1	1	
1471106	1	1	
1471107	1	1	
1482101	1	1	
1483101	1	1	
1483201	1	1	
1483501	1	1	
1491101	1	1	
1491102	1	1	
1501101	1	1	
1501102	1	1	
1501103	1	1	
1501104	1	1	
1501105	1	1	
1501106	1	1	
1501107	1	1	
1502101	1	1	
1502102	1	1	
1502201	1	1	
1502202	1	1	
1511101	1	1	
1511201	1	1	
1511202	1	1	
1511301	1	1	
1511302	1	1	
1511303	1	1	
1511401	1	1	
1511402	1	1	
1511501	1	1	
1511601	1	1	
1511602	1	1	
1511701	1	1	
1511702	1	1	
1515101	1	1	
1521101	1	1	
1521102	1	1	
1521103	1	1	
1531101	1	1	
1531102	1	1	
1531103	1	1	
1531104	1	1	
1531105	1	1	
1531106	1	1	
1531107	1	1	
1531108	1	1	
1531109	1	1	
1531110	1	1	
1531111	1	1	
1531112	1	1	
1531113	1	1	
1531114	1	1	
1531115	1	1	
1531116	1	1	
1531117	1	1	
1531118	1	1	
1531119	1	1	
1531120	1	1	
1531121	1	1	
1531122	1	1	
1531123	1	1	
1531124	1	1	
1531125	1	1	
1531126	1	1	
1531127	1	1	
1531128	1	1	
1531129	1	1	
1531130	1	1	
1531131	1	1	
1531132	1	1	
1531133	1	1	
1531134	1	1	
1531135	1	1	
1531136	1	1	
1531137	1	1	
1531138	1	1	
1531139	1	1	
1531140	1	1	
1531141	1	1	
1531142	1	1	
1531143	1	1	
1531144	1	1	
1531145	1	1	
1531146	1	1	
1531147	1	1	
1531148	1	1	
1531149	1	1	
1531150	1	1	
1531151	1	1	
1531152	1	1	
1531153	1	1	
1531154	1	1	
1531155	1	1	
1531156	1	1	
1531157	1	1	
1531158	1	1	
1531159	1	1	
1531160	1	1	
1531161	1	1	
1531162	1	1	
1531163	1	1	
1531164	1	1	
1531165	1	1	
1531166	1	1	
1531167	1	1	
1531168	1	1	
1531169	1	1	
1531170	1	1	
1531171	1	1	
1531172	1	1	
1531173	1	1	
1531174	1	1	
1531175	1	1	
1531176	1	1	
1531177	1	1	
1531178	1	1	
1531179	1	1	
1531180	1	1	
1531181	1	1	
1531182	1	1	
1531183	1	1	
1531184	1	1	
1531185	1	1	
1531186	1	1	
1531187	1	1	
1531188	1	1	
1531189	1	1	
1531190	1	1	
1531191	1	1	
1531192	1	1	
1532101	1	1	
1532102	1	1	
1532103	1	1	
1532104	1	1	
1532105	1	1	
1532106	1	1	
1532107	1	1	
1532108	1	1	
1532109	1	1	
1532110	1	1	
1532111	1	1	
1532112	1	1	
1532113	1	1	
1532114	1	1	
1532115	1	1	
1532116	1	1	
1532117	1	1	
1532118	1	1	
1532119	1	1	
1532120	1	1	
1532121	1	1	
1532122	1	1	
1532123	1	1	
1532124	1	1	
1532125	1	1	
1532126	1	1	
1532127	1	1	
1532128	1	1	
1532129	1	1	
1532130	1	1	
1532131	1	1	
1532132	1	1	
1532133	1	1	
1532134	1	1	
1532135	1	1	
1532136	1	1	
1532137	1	1	
1532138	1	1	
1532139	1	1	
1532140	1	1	
1532141	1	1	
1532142	1	1	
1532143	1	1	
1532144	1	1	
1532145	1	1	
1532146	1	1	
1532147	1	1	
1532148	1	1	
1532149	1	1	
1532150	1	1	
1532151	1	1	
1532152	1	1	
1532153	1	1	
1532154	1	1	
1532155	1	1	
1532156	1	1	
1532157	1	1	
1532158	1	1	
1532159	1	1	
1532160	1	1	
1532161	1	1	
1532162	1	1	
1532163	1	1	
1532164	1	1	
1532165	1	1	
1532166	1	1	
1532167	1	1	
1532168	1	1	
1532169	1	1	
1532170	1	1	
1532171	1	1	
1532172	1	1	
1532173	1	1	
1533101	1	1	
1533102	1	1	
1533103	1	1	
1533104	1	1	
1533105	1	1	
1533106	1	1	
1533107	1	1	
1533108	1	1	
1533109	1	1	
1533110	1	1	
1533111	1	1	
1533112	1	1	
1533113	1	1	
1533114	1	1	
1533115	1	1	
1533116	1	1	
1533117	1	1	
1533118	1	1	
1533119	1	1	
1533120	1	1	
1533121	1	1	
1533122	1	1	
1533123	1	1	
1533124	1	1	
1533125	1	1	
1533126	1	1	
1533127	1	1	
1533128	1	1	
1533129	1	1	
1533130	1	1	
1533131	1	1	
1533132	1	1	
1533133	1	1	
1533134	1	1	
1533135	1	1	
1533136	1	1	
1533137	1	1	
1533138	1	1	
1533139	1	1	
1533140	1	1	
1533141	1	1	
1533142	1	1	
1533143	1	1	
1533144	1	1	
1533145	1	1	
1533146	1	1	
1533147	1	1	
1533148	1	1	
1533149	1	1	
1533150	1	1	
1533151	1	1	
1533152	1	1	
1533153	1	1	
1533154	1	1	
1533155	1	1	
1533156	1	1	
1533157	1	1	
1533158	1	1	
1533159	1	1	
1533160	1	1	
1533161	1	1	
1533162	1	1	
1533163	1	1	
1533164	1	1	
1533165	1	1	
1533166	1	1	
1533167	1	1	
1533168	1	1	
1533169	1	1	
1533170	1	1	
1533171	1	1	
1533172	1	1	
1533173	1	1	
1533174	1	1	
1533175	1	1	
1533176	1	1	
1533177	1	1	
1533178	1	1	
1533179	1	1	
1533180	1	1	
1533181	1	1	
1533182	1	1	
1533183	1	1	
1533184	1	1	
1533185	1	1	
1533186	1	1	
1533187	1	1	
1533188	1	1	
1533189	1	1	
1533190	1	1	
1533191	1	1	
1533192	1	1	
1533193	1	1	
1541101	1	1	
1541102	1	1	
1551101	1	1	
1551102	1	1	
1551103	1	1	
1551104	1	1	
1551105	1	1	
1551106	1	1	
1551107	1	1	
1551108	1	1	
1551109	1	1	
1551110	1	1	
1551111	1	1	
1551112	1	1	
1551201	1	1	
1551301	1	1	
1571101	1	1	
1571102	1	1	
1581101	1	0	
1582101	1	0	
1582102	1	0	
1591101	1	1	
1591102	1	1	
1591103	1	1	
1591104	1	1	
1592101	1	1	
1593101	1	1	
1601101	1	1	
1601102	1	1	
1601103	1	1	
1611101	1	1	
1631101	1	1	
1631102	1	1	
1641201	1	1	
1651101	1	1	
1651102	1	1	
1651103	1	1	
1651104	1	1	
1651105	1	1	
1651106	1	1	
1651107	1	1	
1651108	1	1	
1651109	1	1	
1651110	1	1	
1652101	1	1	
1652104	1	1	
1652201	1	1	
1652202	1	1	
1652203	1	1	
1652204	1	1	
1653101	1	1	
1653103	1	0	
1653104	1	1	
1653105	1	1	
1653106	1	1	
1653107	1	1	
1653108	1	1	
1653109	1	1	
1653110	1	1	
1653111	1	1	
1653112	1	1	
1653113	1	1	
1653114	1	1	
1653115	1	1	
1653116	1	1	
1653117	1	1	
1653118	1	1	
1654103	1	1	
1654104	1	1	
1654105	1	1	
1654106	1	1	
1654107	1	1	
1654108	1	1	
1654109	1	1	
1654110	1	1	
1654111	1	1	
1654112	1	1	
1654113	1	1	
1654114	1	1	
1654115	1	1	
1654201	1	1	
1655101	1	1	
1655201	1	1	
1655202	1	1	
1655203	1	1	
1655301	1	1	
1655302	1	1	
1655303	1	1	
1655304	1	1	
1657102	1	1	
1657103	1	1	
1657104	1	1	
1657105	1	1	
1701101	1	0	
1701102	1	0	
1711101	1	0	
1711201	1	0	
1751101	1	1	
1751102	1	1	
1751103	1	1	
1751104	1	1	
1751105	1	1	
1751106	1	1	
1751107	1	1	
1751108	1	1	
1751109	1	1	
1751110	1	1	
1751111	1	1	
1752101	1	1	
1752102	1	1	
1752103	1	1	
1752104	1	1	
1752105	1	1	
1781101	1	1	
1781102	1	1	
1781103	1	1	
1781104	1	1	
1781105	1	1	
1781106	1	1	
1781107	1	1	
1781108	1	1	
1781109	1	1	
1781110	1	1	
1781111	1	1	
1781112	1	1	
1781113	1	1	
1781114	1	1	
1781115	1	1	
1781116	1	1	
1781117	1	1	
1781118	1	1	
1781119	1	1	
1781120	1	1	
1781121	1	1	
1781201	1	1	
1781202	1	1	
1781203	1	1	
1781204	1	1	
1791101	1	1	
1791102	1	1	
1791201	1	1	
1791202	1	1	
1821101	1	1	
1831101	1	1	
1841101	1	1	
1851101	1	1	
1851102	1	1	
1851103	1	1	
1851104	1	1	
1852101	1	1	
1852102	1	1	
1852103	1	1	
1852104	1	1	
1853101	1	1	
1853102	1	1	
1853103	1	1	
1861101	1	1	
1861102	1	1	
1861103	1	1	
1871101	1	1	
1901101	1	1	
1901102	1	1	
1901103	1	1	
1981101	1	1	
1981102	1	1	
1982101	1	1	
1982201	1	1	
1982202	1	1	
2001401	1	1	
2181101	1	1	
2181102	1	1	
2181103	1	1	
2181104	1	1	
2181105	1	1	
2181106	1	1	
2181107	1	1	
2181108	1	1	
2181109	1	1	
2181110	1	1	
2181111	1	1	
2181112	1	1	
2181113	1	1	
2181114	1	1	
2181115	1	1	
2181116	1	1	
2181117	1	1	
2181118	1	1	
2181119	1	1	
2181120	1	1	
2412101	1	1	
2412102	1	1	
2412201	1	1	
2412202	1	1	
2412301	1	1	
2412302	1	1	
2412303	1	1	
2412401	1	1	
2412501	1	1	
2412601	1	1	
2412602	1	1	
2413101	1	1	
2413102	1	1	
2413103	1	1	
2413104	1	1	
2413105	1	1	
2413106	1	1	
2413107	1	1	
2413108	1	1	
2413109	1	1	
2413110	1	1	
2413111	1	1	
2413112	1	1	
2413113	1	1	
2413114	1	1	
2413115	1	1	
2413116	1	1	
2413117	1	1	
2413118	1	1	
2413119	1	1	
2413120	1	1	
2413121	1	1	
2413122	1	1	
2413123	1	1	
2413124	1	1	
2413125	1	1	
2413126	1	1	
2521101	1	0	
2521201	1	0	
2531101	0	1	
2531102	0	1	
2531103	0	1	
2531104	0	1	
2531105	0	1	
2531106	0	1	
2531107	1	1	
2531108	1	1	
2531109	1	1	
2531110	1	1	
2531111	1	1	
2532101	0	1	
2532102	0	1	
2532103	0	1	
2532104	0	1	
2532105	0	1	
2532106	0	1	
2532107	0	1	
2532108	0	1	
2532109	0	1	
2532110	0	1	
2532111	0	1	
2532112	0	1	
2532113	0	1	
2532114	0	1	
2532115	0	1	
2532116	0	1	
2532117	0	1	
2532118	0	1	
2532119	0	1	
2532120	0	1	
2532121	0	1	
2532122	0	1	
2532123	0	1	
2532124	0	1	
2532125	0	1	
2532126	0	1	
2532127	0	1	
2532128	0	1	
2532129	0	1	
2532130	0	1	
2532131	0	1	
2532132	0	1	
2532133	0	1	
2532134	0	1	
2532135	0	1	
2532136	0	1	
2532137	0	1	
2532138	0	1	
2532139	0	1	
2532140	0	1	
2532141	0	1	
2532142	0	1	
2532143	0	1	
2532144	0	1	
2532145	0	1	
2532146	0	1	
2532147	0	1	
2532148	0	1	
2532149	0	1	
2532150	0	1	
2532151	0	1	
2532153	1	1	
2532154	1	1	
2532155	1	1	
2532156	1	1	
2532158	1	1	
2532159	1	1	
2532160	1	1	
2532162	1	1	
2532163	1	1	
2532164	1	1	
2532165	1	1	
2532166	1	1	
2532167	1	1	
2532168	1	1	
2532172	1	1	
2532173	1	1	
2532174	1	1	
2532175	1	1	
2532176	1	1	
2532177	1	1	
2532178	1	1	
2532179	1	1	
2532180	1	1	
2532181	1	1	
2532182	1	1	
2532183	1	1	
2532184	1	1	
2532185	1	1	
2532186	1	1	
2532187	1	1	
2532188	1	1	
2532189	1	1	
2532190	1	1	
2532191	1	1	
2532192	1	1	
2532193	1	1	
2532194	1	1	
2532195	1	1	
2532196	1	1	
2532197	1	1	
2532198	1	1	
2532199	1	1	
2532200	1	1	
2532201	1	1	
2533101	0	1	
2533102	1	1	
2611101	1	1	
2611102	1	1	
2611103	1	1	
2611104	1	1	
2611105	1	1	
2611106	1	1	
2611107	1	1	
2611201	1	1	
2611202	1	1	
2611203	1	1	
2611204	1	1	
2611205	1	1	
2651101	1	0	
2661101	1	0	
2671101	1	0	
2711101	1	1	
2711102	1	1	
2711103	1	1	
2711104	1	1	
2712101	1	1	
2712102	1	1	
2712103	1	1	
2712104	1	1	
2712105	1	1	
2712106	1	1	
2712107	1	1	
2712108	1	1	
2731101	1	1	
2731201	1	1	
2731301	1	1	
2741101	1	0	
2751101	1	0	
2761001	1	0	
2761002	1	0	
2761101	1	0	
2761102	1	0	
2761103	1	0	
2761201	1	0	
2761301	1	0	
2761302	1	0	
2761303	1	0	
2761401	1	0	
2761402	1	0	
2761501	1	0	
2761601	1	0	
2761602	1	0	
2761702	1	0	
2761801	1	0	
2761802	1	0	
2761901	1	0	
2762201	1	0	
2771101	1	0	
2771102	1	0	
2791101	1	1	
2791102	1	1	
2792101	1	1	
2792102	1	1	
2792103	1	1	
2792104	1	1	
2793101	1	1	
2793102	1	1	
2801101	1	1	
2801102	1	1	
2801103	1	1	
2801104	1	1	
2801105	1	1	
2801106	1	1	
2801107	1	1	
2801108	1	1	
2801109	1	1	
2801110	1	1	
2801111	1	1	
2801112	1	1	
2801113	1	1	
2801114	1	1	
2801115	1	1	
2801116	1	1	
2801117	1	1	
2801201	1	1	
2801202	1	1	
2801203	1	1	
2801204	1	1	
2801205	1	1	
2801206	1	1	
2801207	1	1	
2801208	1	1	
2801301	1	1	
2801302	1	1	
2801303	1	1	
2802101	1	1	
2802102	1	1	
2802103	1	1	
2802104	1	1	
2803101	1	1	
2803102	1	1	
2804101	1	1	
2804102	1	1	
2804103	1	1	
2804104	1	1	
2804105	1	1	
2804106	1	1	
2804107	1	1	
2804108	1	1	
2804109	1	1	
2804110	1	1	
2804111	1	1	
2804112	1	1	
2804113	1	1	
2804114	1	1	
2804115	1	1	
2804116	1	1	
2804117	1	1	
2804118	1	1	
2804119	1	1	
2804120	1	1	
2804121	1	1	
2804122	1	1	
2804123	1	1	
2804124	1	1	
2804125	1	1	
2804126	1	1	
2804127	1	1	
2804128	1	1	
2804129	1	1	
2804130	1	1	
2804131	1	1	
2804132	1	1	
2804133	1	1	
2804134	1	1	
2804135	1	1	
2805101	1	1	
2806101	1	1	
2807101	1	1	
2931101	1	0	
2931102	1	0	
2931103	1	0	
2932201	1	0	
2933101	1	0	
2933102	1	0	
2933202	1	0	
2933301	1	0	
2943201	1	1	
2951101	1	1	
2951102	1	1	
2951103	1	1	
2951104	1	1	
2951105	1	1	
2951106	1	1	
2951107	1	1	
2951108	1	1	
2951109	1	1	
2951201	1	1	
2951202	1	1	
2951203	1	1	
2951204	1	1	
2951205	1	1	
2951301	1	1	
2951302	1	1	
2951303	1	1	
2951304	1	1	
2951305	1	1	
2951306	1	1	
2951307	1	1	
2951308	1	1	
2951309	1	1	
2951401	1	1	
2951402	1	1	
2951403	1	1	
2952101	1	1	
2952102	1	1	
2952103	1	1	
2971101	1	1	
2971102	1	1	
2971103	1	1	
2971104	1	1	
2971105	1	1	
2971106	1	1	
2971107	1	1	
2971108	1	1	
2971109	1	1	
2971110	1	1	
2972101	1	1	
2972102	1	1	
2972103	1	1	
2972104	1	1	
2972105	1	1	
2972106	1	1	
2972107	1	1	
2972108	1	1	
2972109	1	1	
2972110	1	1	
2972111	1	1	
2973101	0	1	
2973102	0	1	
2973103	0	1	
2973104	0	1	
2973105	1	1	
2973106	1	1	
2973107	1	1	
2973108	1	1	
2981101	1	1	
2981102	1	1	
2981103	1	1	
2981104	1	1	
2981105	1	1	
2981106	1	1	
2981107	0	1	
2981108	0	1	
2981109	0	1	
2981110	0	1	
2981111	0	1	
2981112	0	1	
2981202	1	1	
2981203	1	1	
2981204	1	1	
2981205	1	1	
2981206	1	1	
2991101	1	0	
2992101	1	0	
3011101	1	1	
3011102	1	1	
3011103	1	1	
3011104	1	1	
3031101	1	1	
3031102	1	1	
3031103	1	1	
3031104	1	1	
3031201	1	1	
3031202	1	1	
3031203	1	1	
3031204	1	1	
3031205	1	1	
3031206	1	1	
3031207	1	1	
3031208	1	1	
3031209	1	1	
3031210	1	1	
3031211	1	1	
3031212	1	1	
3031213	1	1	
3031214	1	1	
3031215	1	1	
3031301	1	1	
3031302	1	1	
3031303	1	1	
3031304	1	1	
3031305	1	1	
3031401	1	1	
3031402	1	1	
3031403	1	1	
3031404	1	1	
3031405	1	1	
3031406	1	1	
3031407	1	1	
3032101	1	1	
3032102	1	1	
3032103	1	1	
3032104	1	1	
3032105	1	1	
3032106	1	1	
3032107	1	1	
3032108	1	1	
3032109	1	1	
3033101	1	1	
3033102	1	1	
3033103	1	1	
3033104	1	1	
3041201	1	1	
3041202	1	1	
3041203	1	1	
3041204	1	1	
3041205	1	1	
3041206	1	1	
3041207	1	1	
3041301	1	1	
3041302	1	1	
3041303	1	1	
3042201	1	1	
3042202	1	1	
3042203	1	1	
3042204	1	1	
3042205	1	1	
3042206	1	1	
3042207	1	1	
3042301	1	1	
3042302	1	1	
3042303	1	1	
3043201	1	1	
3043202	1	1	
3043203	1	1	
3043204	1	1	
3043205	1	1	
3043206	1	1	
3043301	1	1	
3043302	1	1	
3043303	1	1	
3101101	1	1	
3131101	1	1	
3131102	1	1	
3131201	1	1	
3131202	1	1	
3131203	1	1	
3131204	1	1	
3131205	1	1	
3131206	1	1	
3131207	1	1	
3131208	1	1	
3131209	1	1	
3131210	1	1	
3131211	1	1	
3131212	1	1	
3131213	1	1	
3131214	1	1	
3132101	1	1	
3132102	1	1	
3132103	1	1	
3132104	1	1	
3132105	1	1	
3134201	1	1	
3142101	1	1	
3142102	1	1	
3142103	1	1	
3142104	1	1	
3142105	1	1	
3142106	1	1	
3142107	1	1	
3142108	1	1	
3142109	1	1	
3142110	1	1	
3142111	1	1	
3142112	1	1	
3142113	1	1	
3142114	1	1	
3142115	1	1	
3142116	1	1	
3142117	1	1	
3142118	1	1	
3142119	1	1	
3142120	1	1	
3142121	1	1	
3142201	1	1	
3142202	1	1	
3142203	1	1	
3142204	1	1	
3142205	1	1	
3142206	1	1	
3142207	1	1	
3142208	1	1	
3142209	1	1	
3142210	1	1	
3142211	1	1	
3142212	1	1	
3142213	1	1	
3142214	1	1	
3142215	1	1	
3142216	1	1	
3142217	1	1	
3142218	1	1	
3142219	1	1	
3142220	1	1	
3142221	1	1	
3142222	1	1	
3142301	1	1	
3142302	1	1	
3142303	1	1	
3142304	1	1	
3142305	1	1	
3142306	1	1	
3142307	1	1	
3143101	1	1	
3143102	1	1	
3143103	1	1	
3143104	1	1	
3143105	1	1	
3143106	1	1	
3143107	1	1	
3143108	1	1	
3143109	1	1	
3143110	1	1	
3143111	1	1	
3143112	1	1	
3143113	1	1	
3143114	1	1	
3143115	1	1	
3143116	1	1	
3143117	1	1	
3143118	1	1	
3143119	1	1	
3143120	1	1	
3143121	1	1	
3143122	1	1	
3143123	1	1	
3143124	1	1	
3143125	1	1	
3143126	1	1	
3144101	1	1	
3144102	1	1	
3144103	1	1	
3144104	1	1	
3144105	1	1	
3144106	1	1	
3144107	1	1	
3144108	1	1	
3144109	1	1	
3145101	1	1	
3145102	1	1	
3145103	1	1	
3145104	1	1	
3146101	1	1	
3146102	1	1	
3146103	1	1	
3146104	1	1	
3146105	1	1	
3146106	1	1	
3146107	1	1	
3146108	1	1	
3146109	1	1	
3147101	1	1	
3147102	1	1	
3147103	1	1	
3147104	1	1	
3147105	1	1	
3147201	1	1	
3147202	1	1	
3147203	1	1	
3148101	1	1	
3148102	1	1	
3148103	1	1	
3148104	1	1	
3148105	1	1	
3148106	1	1	
3148107	1	1	
3148108	1	1	
3148209	1	1	
3152101	1	1	
3153201	1	1	
3171101	1	1	
3171102	1	1	
3171103	1	1	
3171104	1	1	
3171105	1	1	
3171106	1	1	
3171107	1	1	
3171108	1	1	
3171109	1	1	
3171201	1	1	
3171202	1	1	
3171203	1	1	
3171204	1	1	
3171301	1	1	
3172101	1	1	
3172102	1	1	
3172103	1	1	
3172104	1	1	
3172105	1	1	
3172106	1	1	
3172107	1	1	
3172108	1	1	
3172109	1	1	
3172110	1	1	
3172111	1	1	
3172112	1	1	
3172201	1	1	
3172202	1	1	
3172203	1	1	
3172204	1	1	
3172205	1	1	
3172206	1	1	
3172207	1	1	
3172208	1	1	
3172209	1	1	
3172210	1	1	
3172301	1	1	
3172302	1	1	
3172303	1	1	
3172304	1	1	
3172305	1	1	
3172306	1	1	
3172307	1	1	
3172401	1	1	
3172402	1	1	
3172403	1	1	
3172404	1	1	
3172405	1	1	
3172406	1	1	
3172407	1	1	
3172501	1	1	
3173101	1	1	
3173102	1	1	
3173103	1	1	
3173104	1	1	
3173105	1	1	
3173106	1	1	
3173107	1	1	
3173108	1	1	
3173109	1	1	
3173110	1	1	
3173111	1	1	
3173112	1	1	
3173201	1	1	
3173202	1	1	
3173203	1	1	
3173204	1	1	
3173205	1	1	
3173206	1	1	
3173301	1	1	
3174101	1	1	
3174102	1	1	
3174103	1	1	
3174104	1	1	
3174201	1	1	
3174202	1	1	
3181101	1	1	
3181102	1	1	
3181103	1	1	
3181104	1	1	
3181105	1	1	
3181106	1	1	
3181107	1	1	
3181108	1	1	
3181109	1	1	
3181201	1	1	
3181202	1	1	
3181203	1	1	
3181204	1	1	
3181205	1	1	
3181301	1	1	
3181302	1	1	
3181303	1	1	
3181304	1	1	
3181305	1	1	
3181401	1	1	
3182101	1	1	
3182102	1	1	
3182103	1	1	
3182104	1	1	
3182105	1	1	
3182106	1	1	
3182107	1	1	
3182108	1	1	
3182109	1	1	
3182110	1	1	
3182111	1	1	
3182112	1	1	
3182113	1	1	
3183101	1	1	
3183102	1	1	
3183103	1	1	
3183104	1	1	
3183105	1	1	
3183106	1	1	
3183107	1	1	
3183108	1	1	
3183109	1	1	
3183110	1	1	
3183111	1	1	
3183112	1	1	
3183113	1	1	
3183114	1	1	
3183115	1	1	
3183116	1	1	
3183118	1	1	
3183119	1	1	
3183120	1	1	
3183121	1	1	
3183122	1	1	
3183123	1	1	
3183124	1	1	
3183201	1	1	
3183202	1	1	
3183203	1	1	
3183204	1	1	
3183301	1	1	
3183401	1	1	
3184101	1	1	
3184102	1	1	
3184103	1	1	
3184104	1	1	
3184105	1	1	
3184106	1	1	
3185101	1	1	
3185102	1	1	
3188101	1	1	
3188102	1	1	
3188103	1	1	
3188104	1	1	
3189101	1	1	
3189102	1	1	
3189103	1	1	
3189104	1	1	
3189105	1	1	
3189106	1	1	
3189107	1	1	
3189108	1	1	
3189201	1	1	
3190101	1	1	
3191101	1	1	
3191102	1	1	
3191103	1	1	
3193101	1	1	
3193102	1	1	
3201101	1	1	
3201102	1	1	
3202101	1	1	
3202102	1	1	
3203101	1	1	
3204101	1	1	
3204201	1	1	
3204202	1	1	
3204203	1	1	
3204301	1	1	
3211101	1	1	
3211201	1	1	
3211301	1	1	
3221101	1	1	
3221102	1	1	
3221103	1	1	
3221104	1	1	
3221201	1	1	
3221202	1	1	
3221203	1	1	
3221204	1	1	
3221205	1	1	
3221206	1	1	
3221207	1	1	
3221208	1	1	
3221209	1	1	
3221210	1	1	
3221211	1	1	
3221212	1	1	
3221213	1	1	
3222101	1	1	
3222102	1	1	
3241101	1	1	
3241102	1	1	
3242101	1	1	
3242102	1	1	
3242103	1	1	
3242104	1	1	
3242105	1	1	
3242106	1	1	
3242107	1	1	
3242108	1	1	
3242109	1	1	
3242110	1	1	
3242111	1	1	
3242112	1	1	
3242113	1	1	
3242114	1	1	
3242115	1	1	
3242116	1	1	
3242117	1	1	
3242118	1	1	
3242119	1	1	
3242120	1	1	
3242121	1	1	
3242201	1	1	
3242301	1	1	
3242302	1	1	
3242303	1	1	
3242401	1	1	
3242501	1	1	
3242502	1	1	
3251101	1	1	
3251102	1	1	
3251103	1	1	
3252101	1	1	
3252102	1	1	
3261101	1	1	
3261102	1	1	
3261103	1	1	
3271101	1	1	
3271102	1	1	
3272101	1	1	
3272102	1	1	
3273101	1	1	
3273102	1	1	
3273103	1	1	
3291101	1	1	
3291201	1	1	
3291202	1	1	
3292101	1	1	
3292102	1	1	
3301101	1	0	
3301102	1	0	
3301103	1	0	
3301104	1	0	
3301105	1	0	
3301106	1	0	
3301201	1	0	
3301202	1	0	
3302101	1	0	
3311101	1	1	
3322101	1	1	
3331101	1	1	
3331102	1	1	
3331103	1	1	
3331104	1	1	
3331105	1	1	
3331106	1	1	
3331107	1	1	
3331108	1	1	
3331109	1	1	
3331201	1	1	
3331202	1	1	
3331203	1	1	
3331204	1	1	
3331205	1	1	
3331206	1	1	
3331207	1	1	
3331208	1	1	
3331209	1	1	
3331210	1	1	
3331211	1	1	
3332101	1	1	
3332102	1	1	
3332103	1	1	
3332104	1	1	
3332201	1	1	
3332202	1	1	
3332203	1	1	
3332204	1	1	
3332205	1	1	
3332206	1	1	
3332301	1	1	
3332302	1	1	
3332303	1	1	
3332304	1	1	
3333101	1	1	
3333201	1	1	
3333301	1	1	
3341101	1	1	
3342101	1	1	
3351101	1	1	
3361101	1	1	
3362101	1	1	
3362102	1	1	
3362201	1	1	
3362202	1	1	
3401101	1	1	
3401102	1	1	
3421101	1	1	
3451101	1	1	
3471201	1	1	
3471301	1	1	
3471302	1	1	
3481101	1	1	
3481102	1	1	
3481103	1	1	
3501101	1	1	
3511101	1	0	
3511102	1	0	
3511103	1	0	
3511104	1	0	
3511105	1	0	
3511201	1	0	
3511202	1	0	
3511301	1	0	
3511401	1	0	
3512101	1	0	
3512201	1	0	
3551101	1	0	
3611101	1	1	
3611102	1	1	
3611103	1	1	
3611104	1	1	
3612101	1	1	
3612102	1	1	
3612103	1	1	
3612104	1	1	
3612105	1	1	
3613101	1	1	
3613102	1	1	
3613103	1	1	
3613104	1	1	
3613105	1	1	
3613106	1	1	
3613107	1	1	
3613108	1	1	
3614101	1	1	
3614102	1	1	
3614103	1	1	
3701101	1	1	
3701201	1	1	
3701204	1	1	
3701207	1	1	
3701210	1	1	
3701213	1	1	
3701216	1	1	
3701219	1	1	
3701220	1	1	
3701221	1	1	
3701222	1	1	
3701223	1	1	
3701224	1	1	
3701225	1	1	
3701226	1	1	
3701227	1	1	
3721201	1	1	
3721301	1	1	
3721302	1	1	
3781101	1	1	
3811101	1	1	
3811102	1	1	
3811103	1	1	
3811104	1	1	
3811105	1	1	
3812101	1	1	
3812102	1	1	
3812103	1	1	
3812104	1	1	
3812105	1	1	
3812106	1	1	
3813101	1	1	
3813102	1	1	
3813103	1	1	
3813104	1	1	
3813105	1	1	
4041101	1	1	
4041102	1	1	
4041103	1	1	
4041104	1	1	
4041105	1	1	
4041106	1	1	
4041107	1	1	
4041108	1	1	
4041109	1	1	
4041110	1	1	
4041111	1	1	
4041112	1	1	
4041113	1	1	
4041114	1	1	
4041115	1	1	
4041116	1	1	
4041117	1	1	
4041118	1	1	
4041201	1	1	
4071101	1	1	
4071102	1	1	
4071103	1	1	
4071104	1	1	
4071105	1	1	
4071106	1	1	
4071107	1	1	
4071108	1	1	
4071109	1	1	
4071110	1	1	
4071111	1	1	
4071112	1	1	
4071113	1	1	
4071114	1	1	
4071115	1	1	
4071116	1	1	
4071117	1	1	
4071118	1	1	
4071119	1	1	
4072101	1	1	
4072102	1	1	
4072103	1	1	
4072104	1	1	
4072105	1	1	
4072106	1	1	
4072107	1	1	
4072108	1	1	
4072109	1	1	
4072110	1	1	
4072111	1	1	
4072112	1	1	
4072113	1	1	
4072114	1	1	
4072115	1	1	
4072116	1	1	
4072117	1	1	
4072118	1	1	
4072119	1	1	
4072120	1	1	
4072121	1	1	
4072122	1	1	
4072123	1	1	
4072125	1	1	
4072126	1	1	
4072127	1	1	
4072128	1	1	
4072129	1	1	
4072130	1	1	
4072131	1	1	
4072201	1	1	
4072202	1	1	
4072203	1	1	
4072301	1	1	
4072302	1	1	
4075101	1	1	
4075102	1	1	
4111101	1	1	
4111102	1	1	
4111103	1	1	
4111104	1	1	
4111105	1	1	
4111201	1	1	
4111202	1	1	
4111203	1	1	
4111204	1	1	
4111205	1	1	
4111301	1	1	
4111302	1	1	
4111303	1	1	
4111304	1	1	
4111305	1	1	
4111306	1	1	
4121101	1	1	
4121102	1	1	
4123101	1	1	
4124101	1	1	
4124102	1	1	
4124103	1	1	
4141101	1	1	
4141102	1	1	
4141103	1	1	
4141104	1	1	
4141105	1	1	
4141106	1	1	
4141107	1	1	
4141108	1	1	
4141112	1	1	
4141113	1	1	
4141114	1	1	
4141115	1	1	
4141116	1	1	
4141117	1	1	
4141118	1	1	
4142101	1	1	
4142102	1	1	
4142103	1	1	
4142104	1	1	
4142105	1	1	
4142106	1	1	
4142107	1	1	
4142108	1	1	
4142109	1	1	
4142110	1	1	
4142111	1	1	
4142112	1	1	
4142113	1	1	
4143101	1	1	
4143102	1	1	
4143103	1	1	
4151101	1	1	
4151102	1	1	
4151103	1	1	
4151104	1	1	
4151105	1	1	
4151106	1	1	
4151107	1	1	
4151108	1	1	
4151109	1	1	
4151110	1	1	
4151111	1	1	
4151112	1	1	
4151113	1	1	
4151114	1	1	
4151201	1	1	
4151202	1	1	
4151203	1	1	
4151204	1	1	
4151205	1	1	
4151206	1	1	
4151207	1	1	
4151208	1	1	
4151209	1	1	
4151210	1	1	
4151211	1	1	
4151212	1	1	
4151213	1	1	
4152101	1	1	
4152102	1	1	
4152103	1	1	
4152104	1	1	
4152105	1	1	
4152106	1	1	
4152107	1	1	
4152108	1	1	
4152109	1	1	
4152110	1	1	
4152111	1	1	
4152112	1	1	
4152113	1	1	
4152114	1	1	
4152115	1	1	
4152116	1	1	
4153101	1	1	
4153102	1	1	
4154101	1	1	
4161101	1	1	
4171101	1	1	
4171102	1	1	
4181101	1	1	
4181102	1	1	
4191101	1	1	
4191102	1	1	
4191103	1	1	
4191104	1	1	
4191105	1	1	
4191106	1	1	
4191107	1	1	
4191108	1	1	
4191109	1	1	
4191110	1	1	
4191111	1	1	
4191112	1	1	
4191113	1	1	
4191114	1	1	
4191115	1	1	
4191116	1	1	
4191117	1	1	
4191118	1	1	
4191119	1	1	
4191120	1	1	
4191121	1	1	
4191122	1	1	
4192101	1	1	
4192102	1	1	
4192103	1	1	
4192104	1	1	
4192105	1	1	
4192106	1	1	
4192107	1	1	
4192108	1	1	
4192109	1	1	
4192110	1	1	
4201101	1	0	
4201102	1	0	
4202101	1	0	
4211101	1	1	
4211102	1	1	
4241101	1	1	
4261101	1	1	
4261102	1	1	
4261103	1	1	
4261104	1	1	
4261105	1	1	
4261106	1	1	
4261107	1	1	
4261108	1	1	
4261109	1	1	
4261110	1	1	
4261111	1	1	
4261112	1	1	
4261113	1	1	
4261114	1	1	
4371107	1	1	
4371108	1	1	
4371109	1	1	
4371110	1	1	
4371201	1	1	
4371202	1	1	
4371203	1	1	
4371204	1	1	
4371301	1	1	
4371302	1	1	
4371303	1	1	
4371304	1	1	
4371305	1	1	
4371306	1	1	
4371308	1	1	
4371309	1	1	
4371310	1	1	
4371311	1	1	
4371312	1	1	
4371313	1	1	
4371314	1	1	
4371315	1	1	
4371316	1	1	
4371317	1	1	
4371318	1	1	
4371401	1	1	
4371402	1	1	
4371403	1	1	
4371501	1	1	
4371502	1	1	
4372101	1	1	
4372102	1	1	
4372103	1	1	
4372104	1	1	
4372105	1	1	
4372106	1	1	
4372107	1	1	
4372108	1	1	
4372109	1	1	
4372201	1	1	
4372202	1	1	
4372203	1	1	
4372204	1	1	
4372205	1	1	
4372206	1	1	
4372207	1	1	
4372208	1	1	
4372209	1	1	
4372210	1	1	
4372211	1	1	
4372212	1	1	
4391101	1	0	
4401101	1	0	
4411101	1	0	
4451101	1	1	
4451102	1	1	
4471101	1	1	
4471102	1	1	
4471103	1	1	
4471104	1	1	
4471105	1	1	
4471106	1	1	
4471107	1	1	
4481101	1	1	
4481201	1	1	
4481202	1	1	
4481203	1	1	
4481204	1	1	
4501101	1	1	
4501102	1	1	
4501103	1	1	
4501104	1	1	
4501105	1	1	
4501106	1	1	
4501107	1	1	
4501108	1	1	
4501109	1	1	
4501110	1	1	
4501201	1	1	
4501202	1	1	
4501301	1	1	
4501302	1	1	
4501303	1	1	
4501304	1	1	
4501305	1	1	
4501306	1	1	
4501401	1	1	
4511001	1	1	
4511101	1	1	
4511102	1	1	
4511103	1	1	
4511104	1	1	
4511105	1	1	
4511106	1	1	
4511107	1	1	
4511108	1	1	
4511109	1	1	
4511110	1	1	
4511111	1	1	
4511112	1	1	
4511113	1	1	
4511201	1	1	
4511202	1	1	
4511203	1	1	
4511204	1	1	
4511205	1	1	
4511206	1	1	
4511207	1	1	
4511208	1	1	
4511209	1	1	
4511210	1	1	
4511211	1	1	
4511212	1	1	
4511213	1	1	
4511214	1	1	
4511215	1	1	
4511301	1	1	
4511302	1	1	
4511303	1	1	
4511304	1	1	
4511305	1	1	
4511306	1	1	
4511307	1	1	
4511308	1	1	
4511309	1	1	
4511310	1	1	
4511311	1	1	
4511312	1	1	
4511313	1	1	
4511314	1	1	
4511315	1	1	
4511316	1	1	
4511401	1	1	
4511402	1	1	
4511403	1	1	
4511404	1	1	
4511405	1	1	
4511406	1	1	
4511407	1	1	
4511408	1	1	
4511409	1	1	
4511410	1	1	
4511411	1	1	
4511412	1	1	
4511413	1	1	
4511414	1	1	
4511501	1	1	
4511502	1	1	
4511503	1	1	
4511504	1	1	
4511505	1	1	
4511507	1	1	
4511508	1	1	
4511509	1	1	
4511510	1	1	
4511512	1	1	
4511513	1	1	
4511514	1	1	
4511515	1	1	
4511516	1	1	
4511517	1	1	
4511518	1	1	
4511519	1	1	
4511601	1	1	
4511602	1	1	
4511603	1	1	
4511604	1	1	
4511605	1	1	
4511606	1	1	
4511607	1	1	
4511608	1	1	
4511609	1	1	
4511610	1	1	
4511611	1	1	
4511612	1	1	
4511613	1	1	
4511801	1	1	
4511803	1	1	
4511901	1	1	
4511902	1	1	
4511903	1	1	
4511904	1	1	
4512101	1	1	
4512102	1	1	
4512103	1	1	
4512104	1	1	
4512105	1	1	
4512301	1	1	
4512401	1	1	
4512402	1	1	
4512501	1	1	
4512502	1	1	
4512701	1	1	
4513101	1	1	
4513103	1	1	
4513104	1	1	
4531101	1	1	
4531102	1	1	
4531103	1	1	
4531104	1	1	
4531105	1	1	
4531201	1	1	
4531202	1	1	
4531203	1	1	
4531204	1	1	
4531205	1	1	
4651101	1	1	
4651102	1	1	
4651103	1	1	
4651104	1	1	
4651105	1	1	
4651106	1	1	
4651107	1	1	
4651108	1	1	
4651109	1	1	
4651110	1	1	
4651201	1	1	
4651202	1	1	
4651203	1	1	
4651204	1	1	
4651205	1	1	
4651206	1	1	
4651207	1	1	
4651208	1	1	
4651209	1	1	
4651210	1	1	
4651211	1	1	
4651212	1	1	
4651213	1	1	
4651302	1	1	
4652101	1	1	
4691101	1	1	
4692101	1	1	
4751101	1	1	
4751102	1	1	
4751103	1	1	
4751104	1	1	
4751105	1	1	
4751106	1	1	
4751107	1	1	
4751108	1	1	
4751109	1	1	
4751110	1	1	
4751111	1	1	
4751112	1	1	
4751201	1	1	
4751202	1	1	
4751203	1	1	
4751204	1	1	
4751205	1	1	
4751206	1	1	
4751207	1	1	
4751208	1	1	
4751209	1	1	
4751210	1	1	
4751301	1	1	
4751302	1	1	
4751303	1	1	
4751304	1	1	
4751305	1	1	
4751306	1	1	
4751307	1	1	
4751308	1	1	
4751309	1	1	
4751310	1	1	
4751311	1	1	
4751312	1	1	
4751313	1	1	
4751314	1	1	
4751315	1	1	
4751401	1	1	
4751402	1	1	
4751403	1	1	
4751404	1	1	
4751405	1	1	
4751406	1	1	
4751407	1	1	
4751408	1	1	
4751409	1	1	
4751410	1	1	
4751411	1	1	
4751412	1	1	
4751413	1	1	
4751414	1	1	
4751415	1	1	
4751601	1	1	
4751701	1	1	
4751801	1	1	
4752101	1	1	
4752102	1	1	
4752103	1	1	
4752104	1	1	
4752105	1	1	
4752106	1	1	
4752107	1	1	
4752108	1	1	
4752109	1	1	
4752110	1	1	
4752201	1	1	
4752202	1	1	
4752203	1	1	
4752204	1	1	
4752205	1	1	
4752206	1	1	
4752207	1	1	
4753101	1	1	
4753102	1	1	
4753103	1	0	
4753104	1	1	
4753105	1	1	
4753106	1	1	
4754101	1	1	
4754102	1	1	
4754201	1	1	
4754202	1	1	
4754203	1	1	
4754204	1	1	
4754301	1	1	
4754401	1	1	
4755101	1	1	
4851101	1	1	
4851102	1	1	
4861101	1	1	
4861102	1	1	
4861501	1	1	
4861601	1	1	
4894101	1	1	
4912101	1	1	
4951101	1	1	
4951102	1	1	
4952101	1	1	
4952102	1	1	
4952103	1	1	
4952104	1	1	
4952105	1	1	
4952106	1	1	
4952201	1	1	
4952202	1	1	
4953101	1	1	
4953102	1	1	
4953103	1	1	
5041101	0	1	
5041102	0	1	
5041103	0	1	
5041104	0	1	
5041105	0	1	
5041106	0	1	
5041107	1	1	
5041108	0	1	
5041109	1	1	
5041110	1	1	
5041111	0	1	
5041112	1	1	
5041113	1	1	
5041114	1	1	
5041115	1	1	
5041116	1	1	
5041117	0	1	
5041118	0	1	
5041119	0	1	
5041120	0	1	
5041121	0	1	
5041122	1	1	
5041123	1	1	
5041124	1	1	
5041125	1	1	
5041126	1	1	
5041127	1	1	
5041128	1	1	
5041129	1	1	
5041130	0	1	
5041131	0	1	
5041132	0	1	
5041133	0	1	
5041134	0	1	
5041135	0	1	
5041136	0	1	
5041137	1	1	
5041138	1	1	
5041139	1	1	
5041140	1	1	
5041141	1	1	
5041142	1	1	
5041143	1	1	
5041144	1	1	
5041145	1	1	
5041146	1	1	
5041147	1	1	
5041148	1	1	
5041149	1	1	
5041150	1	1	
5041151	1	1	
5041152	1	1	
5041153	1	1	
5041154	1	1	
5041155	1	1	
5041157	1	1	
5041158	1	1	
5041159	1	1	
5041160	1	1	
5041161	1	1	
5041162	1	1	
5041163	1	1	
5041164	1	1	
5041165	1	1	
5041201	1	1	
5041202	1	1	
5041203	1	1	
5041204	1	1	
5041205	1	1	
5042101	1	1	
5042102	1	1	
5042103	1	1	
5042104	1	1	
5042105	1	1	
5043101	1	1	
5061101	1	1	
5061102	1	1	
5061103	1	1	
5061104	1	1	
5061105	1	1	
5061106	1	1	
5061107	1	1	
5061108	1	1	
5061109	1	1	
5061110	1	1	
5061111	1	1	
5061112	1	1	
5061113	1	1	
5061114	1	1	
5061115	1	1	
5061116	1	1	
5061117	1	1	
5061118	1	1	
5061201	1	1	
5061202	1	1	
5061203	1	1	
5061204	1	1	
5061301	1	1	
5061302	1	1	
5061303	1	1	
5061304	1	1	
5061305	1	1	
5061401	1	1	
5061402	1	1	
5061403	1	1	
5062101	1	1	
5062102	1	1	
5062103	1	1	
5062104	1	1	
5062105	1	1	
5062106	1	1	
5062107	1	1	
5062108	1	1	
5062201	1	1	
5063101	1	1	
5063102	1	1	
5063103	1	1	
5063104	1	1	
5063105	1	1	
5063106	1	1	
5063107	1	1	
5063108	1	1	
5063109	1	1	
5063110	1	1	
5063111	1	1	
5064101	1	1	
5064102	1	1	
5065101	1	1	
5065102	1	1	
5065103	1	1	
5066101	1	1	
5101101	1	1	
5101102	1	1	
5101201	1	1	
5101202	1	1	
5101203	1	1	
5101301	1	1	
5101302	1	1	
5101303	1	1	
5311101	1	1	
5312101	1	1	
5312102	1	1	
5312103	1	1	
5312104	1	1	
5312105	1	1	
5312106	1	1	
5312107	1	1	
5312108	1	1	
5312301	1	1	
5313101	1	1	
5313102	1	1	
5313103	1	1	
5313104	1	1	
5313201	1	1	
5313202	1	1	
5313203	1	1	
5321201	1	1	
5411102	1	1	
5431201	1	1	
5431202	1	1	
5431401	1	1	
5431402	1	1	
5431403	1	1	
5441401	1	1	
5471101	1	1	
5471102	1	1	
5471103	1	1	
5471104	1	1	
5471105	1	1	
5481101	1	1	
5491101	1	1	
5491102	1	1	
5491103	1	1	
5491104	1	1	
5491105	1	1	
5491301	1	1	
5491302	1	1	
5491303	1	1	
5501101	1	1	
5501102	1	1	
5501103	1	1	
5521101	1	1	
5531101	1	1	
5531201	1	1	
5531501	1	1	
5531502	1	1	
5532101	1	1	
5532102	1	1	
5533101	1	1	
5533201	1	1	
5533202	1	1	
5533301	1	1	
5533401	1	1	
5533402	1	1	
5533403	1	1	
5533404	1	1	
5533405	1	1	
5533406	1	1	
5533407	1	1	
5533408	1	1	
5533409	1	1	
5534101	1	1	
5534102	1	1	
5537101	1	1	
5551101	1	0	
5551102	1	0	
5551103	1	0	
5551104	1	0	
5551105	1	0	
5551106	1	0	
5551107	1	0	
5552101	1	0	
5552102	1	0	
5552103	1	0	
5552201	1	0	
5553101	1	0	
5553102	1	0	
5553103	1	0	
5553104	1	0	
5561101	1	0	
5591101	1	1	
5591102	1	1	
5591103	1	1	
5591104	1	1	
5591105	1	1	
5591106	1	1	
5591107	1	1	
5591108	1	1	
5591109	1	1	
5591110	1	1	
5591201	1	1	
5591202	1	1	
5591203	1	1	
5591204	1	1	
5591205	1	1	
5591206	1	1	
5591207	1	1	
5591208	1	1	
5591209	1	1	
5591210	1	1	
5591211	1	1	
5591212	1	1	
5592101	1	1	
5592102	1	1	
5592103	1	1	
5592104	1	1	
5592105	1	1	
5592106	1	1	
5592107	1	1	
5592108	1	1	
5592109	1	1	
5592110	1	1	
5592111	1	1	
5601101	1	0	
5628101	1	1	
5628102	1	1	
5628103	1	1	
5628104	1	1	
5628105	1	1	
5628106	1	1	
5628107	1	1	
5628108	1	1	
5628109	1	1	
5628110	1	1	
5628111	1	1	
5628112	1	1	
5628113	1	1	
5628114	1	1	
5628115	1	1	
5628116	1	1	
5628117	1	1	
5628118	1	1	
5628119	1	1	
5628120	1	1	
5631101	1	1	
5631201	1	1	
5651101	1	1	
5651102	1	1	
5651103	1	1	
5651104	1	1	
5701101	1	0	
5721301	1	1	
5721401	1	1	
5721501	1	1	
5731101	1	1	
5731102	1	1	
5731103	1	1	
5731104	1	1	
5731105	1	1	
5731106	1	1	
5751201	1	1	
5781101	1	1	
6041101	1	0	
6051101	1	0	
6061101	1	1	
6071201	1	1	
6071401	1	1	
6072101	1	1	
6072401	1	1	
6072402	1	1	
6073101	1	1	
6073201	1	1	
6074101	1	1	
6074102	1	1	
6082201	1	1	
6091101	1	1	
6111101	1	1	
6111102	1	1	
6111103	1	1	
6111104	1	1	
6111105	1	1	
6111106	1	1	
6111201	1	1	
6111202	1	1	
6111203	1	1	
6111204	1	1	
6111205	1	1	
6112101	1	1	
6112102	1	1	
6112103	1	1	
6131101	1	1	
6131102	1	1	
6201101	1	1	
6202101	1	1	
6203101	1	1	
6203102	1	1	
6203103	1	1	
6204101	1	1	
6204201	1	1	
6204202	1	1	
6204203	1	1	
6205101	1	1	
6206101	1	1	
6206102	1	1	
6206103	1	1	
6206104	1	1	
6206105	1	1	
6311101	1	1	
6311102	1	1	
6311103	1	1	
6311104	1	1	
6311105	1	1	
6311106	1	1	
6311201	1	1	
6311202	1	1	
6311203	1	1	
6311204	1	1	
6311205	1	1	
6311206	1	1	
6312101	1	1	
6312102	1	1	
6312103	1	1	
6312104	1	1	
6312105	1	1	
6312106	1	1	
6312107	1	1	
6312108	1	1	
6312109	1	1	
6312110	1	1	
6312111	1	1	
6313101	1	1	
6313102	1	1	
6313103	1	1	
6313104	1	1	
6313105	1	1	
6313106	1	1	
6313107	1	1	
6313108	1	1	
6313109	1	1	
6313110	1	1	
6313111	1	1	
6313201	1	1	
6313202	1	1	
6314101	1	1	
6314102	1	1	
6314103	1	1	
6361101	1	0	
6361102	1	0	
6361103	1	0	
6361104	1	0	
6361105	1	0	
6412101	1	1	
6412102	1	1	
6412103	1	1	
6412104	1	1	
6412105	1	1	
6412106	1	1	
6412107	1	1	
6412108	1	1	
6412109	1	1	
6412110	1	1	
6412111	1	1	
6412112	1	1	
6412113	1	1	
6412114	1	1	
6413101	1	1	
6413102	0	1	
6413103	0	1	
6413104	0	1	
6413105	0	1	
6413106	0	1	
6413107	1	1	
6413108	1	1	
6413109	1	1	
6413110	1	1	
6413111	1	1	
6413112	1	1	
6413113	1	1	
6413114	1	1	
6413115	1	1	
6413116	1	1	
6413117	1	1	
6413118	1	1	
6431101	1	1	
6431102	1	1	
6431103	1	1	
6462101	1	1	
6462102	1	1	
6462103	1	1	
6463101	1	1	
6791101	1	1	
6791201	1	1	
6811101	1	1	
6812101	1	1	
7031101	1	1	
7031201	1	1	
7041101	1	0	
7041201	1	0	
7042101	1	0	
7042102	1	0	
7071101	1	1	
7071102	1	1	
7071103	1	1	
7071104	1	1	
7071105	1	1	
7071106	1	1	
7071107	1	1	
7071108	1	1	
7071109	1	1	
7071110	1	1	
7071111	1	1	
7071112	1	1	
7072101	1	1	
7072102	1	1	
7072103	1	1	
7072104	1	1	
7072105	1	1	
7072106	1	1	
7072107	1	1	
7072108	1	1	
7072109	1	1	
7072110	1	1	
7072111	1	1	
7072112	1	1	
7072113	1	1	
7072114	1	1	
7072115	1	1	
7072116	1	1	
7072117	1	1	
7072118	1	1	
7072119	1	1	
7072120	1	1	
7072201	1	1	
7072301	1	1	
7073101	1	1	
7073102	1	1	
7073103	1	1	
7073104	1	1	
7073105	1	1	
7073106	1	1	
7073107	1	1	
7073108	1	1	
7073109	1	1	
7073110	1	1	
7073111	1	1	
7073112	1	1	
7073113	1	1	
7074101	1	1	
7074102	1	1	
7075101	1	1	
7076101	1	1	
7076102	1	1	
7076103	1	1	
7076104	1	1	
7081101	1	1	
7081102	1	1	
7081103	1	1	
7081104	1	1	
7081105	1	1	
7081106	1	1	
7081107	1	1	
7083101	1	1	
7091101	1	1	
7091102	1	1	
7091103	1	1	
7091104	1	1	
7091105	1	1	
7091106	1	1	
7091107	1	1	
7091108	1	1	
7091109	1	1	
7091110	1	1	
7091111	1	1	
7091112	1	1	
7091113	1	1	
7091114	1	1	
7091115	1	1	
7091116	1	1	
7091117	1	1	
7092101	1	1	
7092102	1	1	
7092103	1	1	
7092104	1	1	
7092105	1	1	
7092106	1	1	
7092107	1	1	
7092108	1	1	
7092109	1	1	
7092110	1	1	
7111101	1	1	
7111301	1	1	
7131101	1	1	
7131102	1	1	
7131103	1	1	
7131104	1	1	
7131105	1	1	
7131106	1	1	
7131107	1	1	
7131108	1	1	
7131109	1	1	
7131110	1	1	
7131111	1	1	
7131112	1	1	
7131113	1	1	
7131114	1	1	
7131115	1	1	
7131116	1	1	
7131117	1	1	
7131118	1	1	
7131119	1	1	
7131120	1	1	
7131121	1	1	
7131122	1	1	
7131123	1	1	
7131124	1	1	
7131125	1	1	
7131126	1	1	
7131127	1	1	
7131128	1	1	
7131129	1	1	
7131130	1	1	
7131131	1	1	
7131132	1	1	
7131133	1	1	
7131134	1	1	
7131135	1	1	
7131136	1	1	
7131137	1	1	
7131138	1	1	
7131139	1	1	
7131140	1	1	
7131141	1	1	
7131142	1	1	
7131143	1	1	
7131144	1	1	
7131145	1	1	
7131146	1	1	
7131147	1	1	
7131148	1	1	
7131149	1	1	
7131150	1	1	
7131151	1	1	
7131152	1	1	
7131153	1	1	
7131154	1	1	
7131155	1	1	
7131156	1	1	
7131157	1	1	
7131158	1	1	
7132101	1	1	
7132102	1	1	
7132103	1	1	
7133101	1	1	
7133102	1	1	
7133103	1	1	
7133104	1	1	
7133105	1	1	
7134101	1	1	
7134102	1	1	
7134103	1	1	
7134104	1	1	
7134105	1	1	
7134106	1	1	
7134107	1	1	
7135201	1	1	
7141126	1	1	
7143102	1	1	
7151127	1	1	
7151128	1	1	
7151129	1	1	
7153103	1	1	
7491101	1	1	
7491201	1	1	
7511101	1	0	
7511102	1	0	
7511103	1	0	
7511104	1	0	
7511105	1	0	
7511106	1	0	
7511107	1	0	
7541301	1	1	
7541302	1	1	
7542101	1	1	
7571101	1	1	
7571102	1	1	
7571103	1	1	
7571104	1	1	
7571105	1	1	
7571106	1	1	
7571107	1	1	
7571108	1	1	
7571109	1	1	
7571110	1	1	
7571111	1	1	
7571112	1	1	
7581101	1	1	
7611101	1	1	
7611102	1	1	
7611103	1	1	
7611104	1	0	
7611105	1	1	
7611106	1	1	
7611201	1	1	
7611202	1	1	
7611203	1	1	
7611204	1	1	
7611205	1	1	
7611206	1	1	
7611207	1	1	
7611208	1	1	
7611209	1	1	
7611210	1	1	
7631101	1	1	
7631102	1	1	
7632101	1	1	
7632102	1	1	
7632103	1	1	
7632104	1	1	
7632105	1	1	
7632106	1	1	
7632107	1	1	
7632108	1	1	
7633101	1	1	
7633102	1	1	
7633103	1	1	
7633104	1	1	
7633105	1	1	
7633106	1	1	
7634101	1	1	
7634102	1	1	
7635101	1	1	
7635102	1	1	
7635103	1	1	
7635104	1	1	
7635105	1	1	
7635106	1	1	
7635201	1	1	
7636101	1	1	
7636102	1	1	
7636103	1	1	
7636104	1	1	
7636201	1	1	
7637101	1	1	
7637102	1	1	
7637103	1	1	
7637104	1	1	
7637201	1	1	
7711101	1	1	
7711201	1	1	
7711202	1	1	
7711203	1	1	
7951101	1	1	
7951102	1	1	
7951103	1	1	
7951104	1	1	
7951105	1	1	
7951106	1	1	
7951107	1	1	
7951108	1	1	
7951109	1	1	
7951201	1	1	
7951202	1	1	
7951203	1	1	
7951204	1	1	
7951205	1	1	
7951206	1	1	
7951301	1	1	
7951302	1	1	
7951303	1	1	
7951304	1	1	
7951305	1	1	
8031101	1	1	
8031102	1	1	
8031103	1	1	
8031104	1	1	
8031105	1	1	
8031201	1	1	
8031202	1	1	
8031203	1	1	
8031301	1	1	
8031302	1	1	
8031401	1	1	
8031501	1	1	
8031502	1	1	
8031503	1	1	
8031504	1	1	
8031505	1	1	
8031506	1	1	
8031507	1	1	
8031508	1	1	
8031509	1	1	
8031510	1	1	
8031511	1	1	
8032101	1	1	
8032102	1	1	
8032104	1	1	
8032105	1	1	
8032106	1	1	
8032107	1	1	
8032108	1	1	
8032109	1	1	
8032110	1	1	
8032111	1	1	
8032112	1	1	
8032113	1	1	
8032114	1	1	
8032115	1	1	
8032116	1	1	
8032117	1	1	
8032118	1	1	
8032119	1	1	
8032120	1	1	
8032121	1	1	
8032122	1	1	
8032123	1	1	
8032124	1	1	
8032125	1	1	
8032126	1	1	
8032127	1	1	
8032128	1	1	
8032129	1	1	
8032130	1	1	
8032131	1	1	
8032132	1	1	
8032133	1	1	
8032134	1	1	
8032135	1	1	
8032136	1	1	
8032137	1	1	
8032138	1	1	
8032139	1	1	
8032140	1	1	
8032141	1	1	
8032142	1	1	
8032143	1	1	
8032144	1	1	
8032145	1	1	
8032146	1	1	
8032147	1	1	
8032148	1	1	
8032149	1	1	
8032150	1	1	
8032151	1	1	
8032152	1	1	
8032153	1	1	
8032154	1	1	
8032155	1	1	
8032156	1	1	
8032157	1	1	
8032158	1	1	
8032159	1	1	
8032160	1	1	
8032161	1	1	
8032162	1	1	
8032163	1	1	
8032164	1	1	
8032165	1	1	
8032166	1	1	
8032167	1	1	
8032168	1	1	
8032169	1	1	
8032170	1	1	
8032171	1	1	
8032172	1	1	
8032173	1	1	
8101101	1	1	
8391201	1	1	
8401101	1	1	
8411101	1	1	
8411102	1	1	
8411103	1	1	
8411104	1	1	
8411105	1	1	
8411106	1	1	
8411107	1	1	
8411108	1	1	
8411109	1	1	
8411110	1	1	
8411111	1	1	
8411112	1	1	
8411113	1	1	
8411114	1	1	
8411115	1	1	
8411116	1	1	
8411117	1	1	
8411118	1	1	
8411119	1	1	
8411120	1	1	
8411121	1	1	
8411122	1	1	
8411123	1	1	
8411124	1	1	
8411125	1	1	
8411126	1	1	
8411127	1	1	
8411128	1	1	
8511101	1	1	
8511102	1	1	
8511103	1	1	
8511104	1	1	
8511105	1	1	
8511106	1	1	
8511107	1	1	
8511108	1	1	
8511109	1	1	
8511110	1	1	
8511111	1	1	
8511112	1	1	
8511113	1	1	
8511114	1	1	
8511115	1	1	
8511116	1	1	
8511117	1	1	
8511118	1	1	
8511119	1	1	
8511120	1	1	
8511121	1	1	
8511122	1	1	
8511123	1	1	
8511124	1	1	
8511125	1	1	
8511126	1	1	
8511127	1	1	
8511128	1	1	
8512101	1	1	
8512102	1	1	
8512103	1	1	
8512104	1	1	
8512105	1	1	
8512106	1	1	
8512107	1	1	
8512108	1	1	
8512109	1	1	
8512110	1	1	
8512111	1	1	
8512112	1	1	
8512113	1	1	
8512114	1	1	
8512115	1	1	
8512116	1	1	
8512117	1	1	
8512118	1	1	
8512119	1	1	
8512120	1	1	
8512121	1	1	
8512122	1	1	
8512123	1	1	
8512124	1	1	
8512125	1	1	
8512126	1	1	
8512127	1	1	
8512128	1	1	
8512129	1	1	
8512130	1	1	
8512131	1	1	
8512132	1	1	
8512133	1	1	
8512134	1	1	
8512135	1	1	
8512136	1	1	
8512137	1	1	
8512138	1	1	
8512139	1	1	
8512140	1	1	
8512141	1	1	
8512142	1	1	
8512143	1	1	
8512144	1	1	
8512145	1	1	
8512146	1	1	
8512147	1	1	
8512148	1	1	
8512149	1	1	
8512150	1	1	
8512151	1	1	
8512152	1	1	
8512153	1	1	
8512154	1	1	
8512155	1	1	
8512156	1	1	
8512157	1	1	
8512158	1	1	
8512159	1	1	
8512160	1	1	
8512161	1	1	
8512162	1	1	
8512163	1	1	
8512164	1	1	
8512165	1	1	
8512166	1	1	
8512167	1	1	
8512168	1	1	
8531101	1	1	
8531102	1	1	
8532101	1	1	
8551101	1	1	
8551102	1	1	
8552101	1	1	
8553201	1	1	
8553202	1	1	
8671101	1	0	
8671102	1	0	
8731101	1	1	
8732201	1	1	
8751101	1	1	
8751201	1	1	
8751301	1	1	
8752201	1	1	
8755301	1	1	
8755302	1	1	
8755303	1	1	
8755304	1	1	
8757101	1	1	
8757102	1	1	
8758101	1	1	
8761101	1	1	
8761201	1	1	
8811101	1	0	
9041101	1	0	
9041201	1	0	
9042101	1	0	
9042102	1	0	
9903101	1	1	
9903102	1	1	
9971101	1	1	
9981101	1	1	
9991101	1	1	
9991102	1	1	
9991103	1	1	
9991104	1	1	
9999999	1	1	
